# InfraPy Beamforming (fk) Results
# 
# Data summary:
#     CC.COPP.01.BDF	2023-08-15T23:20:00.000000Z - 2023-08-15T23:40:00.000000Z
#     CC.COPP.02.BDF	2023-08-15T23:20:00.000000Z - 2023-08-15T23:40:00.000000Z
#     CC.COPP.03.BDF	2023-08-15T23:20:00.000000Z - 2023-08-15T23:40:00.000000Z
# 
#   channel_cnt: 3
#   t0: 2023-08-15T23:20:00.000000Z
#   latitude: 46.797931
#   longitude: -121.828685
# 
# Algorithm parameters:
#   freq_min: 5.0
#   freq_max: 20.0
#   back_az_min: -180.0
#   back_az_max: 180.0
#   back_az_step: 2.0
#   trace_vel_min: 300.0
#   trace_vel_max: 600.0
#   trace_vel_step: 2.5
#   method: bartlett
#   signal_start: None
#   signal_end: None
#   window_len: 10.0
#   sub_window_len: None
#   window_step: 2.0
# 
# Time (rel t0) [s]      Back Az [deg]	           Tr. Velocity [m/s]       F-stat
5.000000000000000000e+00 1.036705339315404473e+01 5.981010956807613184e+02 1.289857316622827099e+00
7.000000000000000000e+00 -1.061811147397373958e+02 5.357247677734482068e+02 1.477527630704642991e+00
9.000000000000000000e+00 1.659140504876540945e+02 3.082543817795244081e+02 1.784391656210430721e+00
1.100000000000000000e+01 1.667348651581938555e+02 2.980855721875072391e+02 1.934663926319153182e+00
1.300000000000000000e+01 -1.107460237042111686e+02 4.724860085236239797e+02 1.815521334187686797e+00
1.500000000000000000e+01 7.984534348863124364e+01 5.743519063473975166e+02 1.720832872330630092e+00
1.700000000000000000e+01 1.658098566811116541e+02 2.995215773057300339e+02 1.886923557158366682e+00
1.900000000000000000e+01 1.592621057315371900e+02 3.504300210833442861e+02 1.712254694985113845e+00
2.100000000000000000e+01 1.494825992656481333e+02 4.185728208646729627e+02 1.848400260422269348e+00
2.300000000000000000e+01 1.559257691875333762e+02 3.820657537595373014e+02 1.583805019945535575e+00
2.500000000000000000e+01 1.602000118301802161e+02 3.550223260894687201e+02 1.744038256155378663e+00
2.700000000000000000e+01 1.600674102890159247e+02 3.713022135567989039e+02 1.648798882869669136e+00
2.900000000000000000e+01 -1.124362536672579580e+02 3.587614784490097577e+02 1.411815466866060076e+00
3.100000000000000000e+01 -1.104255387694262538e+02 3.628447252618867651e+02 1.234971489481656803e+00
3.300000000000000000e+01 1.612620169598116888e+02 3.426309683006786599e+02 1.361699062637325319e+00
3.500000000000000000e+01 -1.078269599890504935e+02 4.494898741017287307e+02 1.754264766839568557e+00
3.700000000000000000e+01 1.596943138196827761e+02 3.831742120680439143e+02 1.636995426901753481e+00
3.900000000000000000e+01 1.587308590246231290e+02 3.719029714836385665e+02 1.810271757430746975e+00
4.100000000000000000e+01 -1.036911844811213115e+02 4.859745828536455861e+02 1.508336854998035381e+00
4.300000000000000000e+01 1.497039655883615694e+02 4.805907665073346493e+02 1.323661480377958055e+00
4.500000000000000000e+01 3.493170882484361250e+00 5.981989232462343580e+02 1.407778944884006123e+00
4.700000000000000000e+01 1.430785774187629329e+02 4.711117399106531707e+02 1.607464656746518950e+00
4.900000000000000000e+01 7.053380127336248506e+01 5.161519837061406406e+02 1.706310814761150541e+00
5.100000000000000000e+01 7.483342457756016586e+01 5.519476049223128484e+02 1.699051060600068386e+00
5.300000000000000000e+01 6.766027802462848229e+01 5.032692294040899128e+02 1.646956267657453399e+00
5.500000000000000000e+01 1.540027778833500349e+02 3.974900904411849751e+02 2.074478606459092767e+00
5.700000000000000000e+01 1.504050871393557998e+02 4.098685707956749411e+02 1.813940145919025193e+00
5.900000000000000000e+01 -1.004068236525398277e+02 5.653020443608255619e+02 1.794543485838062447e+00
6.100000000000000000e+01 -1.046338717918143573e+02 4.963851143617104640e+02 1.748618107217235984e+00
6.300000000000000000e+01 1.519333956167300812e+02 4.041621388633864740e+02 1.892077549178654561e+00
6.500000000000000000e+01 -9.911776095683582355e+01 5.649326411099372081e+02 1.757573797380062919e+00
6.700000000000000000e+01 -1.030712450007843159e+02 5.208982262896220163e+02 1.796181318701965290e+00
6.900000000000000000e+01 -1.039994153794510083e+02 5.402719873818626866e+02 1.832222293020368653e+00
7.100000000000000000e+01 7.825600720399160082e+01 5.246352051489826636e+02 1.545293314508041416e+00
7.300000000000000000e+01 7.698590433706010572e+01 5.218999517008188604e+02 1.594320417994221639e+00
7.500000000000000000e+01 1.448598122447479284e+02 4.329749659829481061e+02 1.716529714104677806e+00
7.700000000000000000e+01 1.498037633456334561e+02 4.069285945375181655e+02 1.910705502015971335e+00
7.900000000000000000e+01 1.500589321123954676e+02 4.118112020540003186e+02 1.982777876413163831e+00
8.100000000000000000e+01 1.504457340929780287e+02 4.205300633606933047e+02 1.871275093624496400e+00
8.300000000000000000e+01 1.460985233027478500e+02 4.422685131269527119e+02 1.736762827771804796e+00
8.500000000000000000e+01 6.995903392315528890e+01 5.157954205446685592e+02 1.585964147977137806e+00
8.700000000000000000e+01 -1.011113004014105314e+02 5.467971362413193219e+02 1.744667444369751852e+00
8.900000000000000000e+01 -1.030485770676038015e+02 5.136940223624804958e+02 1.879684658787429852e+00
9.100000000000000000e+01 1.492403670331771650e+02 4.074010007003590204e+02 1.765389642346456345e+00
9.300000000000000000e+01 -1.066532930084624553e+02 5.112092924536285636e+02 1.777155814504575826e+00
9.500000000000000000e+01 -1.041212616884464381e+02 5.239783902420995219e+02 1.686012768036839526e+00
9.700000000000000000e+01 -9.953202289505702538e+01 4.946396677984952248e+02 1.575178542856142450e+00
9.900000000000000000e+01 1.475411927257800073e+02 4.599591267138154080e+02 1.720397959873486426e+00
1.010000000000000000e+02 1.525390806412378026e+02 4.107765333977078512e+02 1.801403543168329291e+00
1.030000000000000000e+02 -1.072085710081526173e+02 4.692830704832719562e+02 1.603406580611481891e+00
1.050000000000000000e+02 -9.904950810760639968e+01 5.725947023498255248e+02 1.652181993085801270e+00
1.070000000000000000e+02 -1.066285313905315633e+02 4.871626320640419863e+02 1.886250566767367909e+00
1.090000000000000000e+02 -1.087425332816804371e+02 4.440151041175183764e+02 1.955709488448588607e+00
1.110000000000000000e+02 -1.085219750320697045e+02 4.448853013159396141e+02 1.855572776830015647e+00
1.130000000000000000e+02 1.456710137266362608e+02 4.709395332572022994e+02 1.596718105124866893e+00
1.150000000000000000e+02 1.425063132234642751e+02 4.892018522493346495e+02 1.645727550878539835e+00
1.170000000000000000e+02 1.495318557353907636e+02 4.460562130390011362e+02 1.677303012936402160e+00
1.190000000000000000e+02 1.462680703394389923e+02 4.503437245634124224e+02 1.707249226897272765e+00
1.210000000000000000e+02 -1.015412788451199617e+02 5.357310246495794672e+02 1.782741324111018821e+00
1.230000000000000000e+02 1.522932070774517683e+02 4.016236932446529408e+02 1.740418819703847930e+00
1.250000000000000000e+02 -2.922183537427657996e+01 3.792418366635770894e+02 1.351244577538175617e+00
1.270000000000000000e+02 -9.520319365584323634e+01 5.208054087954737952e+02 1.466997356387321316e+00
1.290000000000000000e+02 -9.703205064424265913e+01 5.994579859733802323e+02 1.439880938917773578e+00
1.310000000000000000e+02 1.527053425055314335e+02 4.119406020219737457e+02 1.497656635511043444e+00
1.330000000000000000e+02 1.615231220627675555e+02 3.963251896459688624e+02 1.386774400361025839e+00
1.350000000000000000e+02 -1.053610693418117279e+02 4.908468198535190936e+02 1.353607222086799622e+00
1.370000000000000000e+02 -1.071616211955791016e+02 4.597736255341802121e+02 1.501243965853938045e+00
1.390000000000000000e+02 1.622632444617858880e+02 3.253372875866461982e+02 1.626459661582728256e+00
1.410000000000000000e+02 1.564368663767308760e+02 3.649945621984881541e+02 1.507381343834181653e+00
1.430000000000000000e+02 -1.064275435949400901e+02 4.547791207433622276e+02 1.541016913464109406e+00
1.450000000000000000e+02 7.391371686596654911e+01 5.421132450785829633e+02 1.576661300463864990e+00
1.470000000000000000e+02 1.540288378194003940e+02 4.301369298530879632e+02 1.581934243433405385e+00
1.490000000000000000e+02 1.462185758281428605e+02 4.410475598583782357e+02 1.782130560040010581e+00
1.510000000000000000e+02 -1.017562946339987917e+02 5.251637406100684302e+02 1.704636701762372919e+00
1.530000000000000000e+02 1.456610730436256063e+02 4.337141455249249020e+02 1.548889257086505156e+00
1.550000000000000000e+02 -1.000352723286758021e+02 5.981152321699565846e+02 1.463034970781273314e+00
1.570000000000000000e+02 -1.006435153926364023e+02 5.380699075174031805e+02 1.707020567881227802e+00
1.590000000000000000e+02 -1.031550173503076877e+02 4.978165279981627123e+02 1.777385089462322210e+00
1.610000000000000000e+02 6.727625668489152133e+01 5.052136076668698479e+02 1.702495676137726122e+00
1.630000000000000000e+02 -1.037107235008092374e+02 4.891725304268035757e+02 1.365540041156758200e+00
1.650000000000000000e+02 -1.050197773401776971e+02 4.017934789354446821e+02 1.357915942150840216e+00
1.670000000000000000e+02 -1.036504908710264772e+02 4.933922629208830699e+02 1.464265601662024352e+00
1.690000000000000000e+02 -1.049320979767657604e+02 4.768831574417845331e+02 1.686283795808574126e+00
1.710000000000000000e+02 -1.088146599715177558e+02 4.550382635096105446e+02 1.652735198166485286e+00
1.730000000000000000e+02 1.500817234630044368e+02 4.097725767069388780e+02 1.575704098795542185e+00
1.750000000000000000e+02 1.489185555515047668e+02 4.073398835578025796e+02 1.850934316761845277e+00
1.770000000000000000e+02 1.519091686828838590e+02 3.927838687770385491e+02 1.680394669060721213e+00
1.790000000000000000e+02 -1.176574183827088689e+02 2.994233745512665337e+02 1.650444675926602933e+00
1.810000000000000000e+02 1.516707829194378405e+02 3.874325068798839311e+02 1.485720795527986526e+00
1.830000000000000000e+02 -1.049779104914685064e+02 5.560721208201432546e+02 1.615716466904754789e+00
1.850000000000000000e+02 8.007088183868332010e+01 5.153851102159159154e+02 1.598875123393589615e+00
1.870000000000000000e+02 8.038644819814471987e+01 5.262696657971558807e+02 1.670030217041494236e+00
1.890000000000000000e+02 8.271413183614966158e+01 5.242907821594887992e+02 1.571043141577401547e+00
1.910000000000000000e+02 -1.094823460002426998e+02 4.640598608498214617e+02 1.582195267704905595e+00
1.930000000000000000e+02 -1.025558798798201110e+02 5.102461890856982905e+02 1.477322345398799808e+00
1.950000000000000000e+02 -1.038530283562395340e+02 4.923987149499586735e+02 1.587722883629566262e+00
1.970000000000000000e+02 -1.083769895487664456e+02 4.536867024876647179e+02 1.863961084301971383e+00
1.990000000000000000e+02 -1.068036301786622602e+02 4.801623185942600571e+02 2.040055362308649922e+00
2.010000000000000000e+02 -1.055293881391288835e+02 4.882167901509625949e+02 2.054391213594005450e+00
2.030000000000000000e+02 -1.066518316134083051e+02 5.177755174966152936e+02 1.891023244764901579e+00
2.050000000000000000e+02 7.092798250543226857e+01 4.366610557207030752e+02 1.903945643537525712e+00
2.070000000000000000e+02 -2.230408883100459505e+01 3.671601189168018209e+02 1.828375783290647538e+00
2.090000000000000000e+02 7.725696229340093169e+01 4.617909733248956741e+02 1.946751176979406139e+00
2.110000000000000000e+02 7.758344360016135965e+01 4.703817943457672754e+02 2.116002486160467821e+00
2.130000000000000000e+02 7.305639996390857505e+01 4.567516200427298259e+02 1.902297424482651600e+00
2.150000000000000000e+02 -1.143222627042212167e+02 4.470339403885901675e+02 1.840896546898457276e+00
2.170000000000000000e+02 -1.115357544058478396e+02 4.824957118939232714e+02 1.812084028533398339e+00
2.190000000000000000e+02 7.847475234734038452e+01 4.888042067575033229e+02 1.926653965405083158e+00
2.210000000000000000e+02 1.479162011261015834e+02 3.735859790563251295e+02 1.842316900627450016e+00
2.230000000000000000e+02 -1.117607762430258447e+02 4.825955838991814062e+02 2.075134231636169169e+00
2.250000000000000000e+02 7.847544480239849918e+01 4.884729425074439177e+02 1.999192337900257854e+00
2.270000000000000000e+02 7.727324526226522039e+01 4.858902396901311249e+02 2.034859347839123700e+00
2.290000000000000000e+02 7.583724666927362534e+01 4.683534494228291010e+02 1.790842595606026766e+00
2.310000000000000000e+02 7.094607652333039027e+01 4.436512721600532245e+02 1.740717355469831640e+00
2.330000000000000000e+02 6.984793867817960233e+01 4.474735728599088134e+02 1.869615660263805657e+00
2.350000000000000000e+02 7.086279356114964401e+01 4.443565486615207760e+02 1.930851898199999361e+00
2.370000000000000000e+02 1.504820513030516622e+02 3.788341519115776919e+02 2.006343469529775270e+00
2.390000000000000000e+02 -1.121239137135433452e+02 4.786443535970793732e+02 1.828208547117041949e+00
2.410000000000000000e+02 -1.108326734011398429e+02 4.861145094257767596e+02 1.702487004275436311e+00
2.430000000000000000e+02 -1.106609503494308058e+02 4.596232807955935868e+02 1.821167425732266754e+00
2.450000000000000000e+02 -2.882808783365659266e+01 3.721944673005191930e+02 1.717778302999545259e+00
2.470000000000000000e+02 6.987375478463860645e+01 4.726660474034355843e+02 1.610270534866683478e+00
2.490000000000000000e+02 7.315860202675732182e+01 4.757339452490041936e+02 1.734431219373235633e+00
2.510000000000000000e+02 -9.976467010529897550e+01 5.982417319818761143e+02 1.615588628953978034e+00
2.530000000000000000e+02 1.448649767774897157e+02 4.142910286899878542e+02 1.859644066132607909e+00
2.550000000000000000e+02 7.051459205010796438e+01 4.561798987318729246e+02 1.853303604987244890e+00
2.570000000000000000e+02 -1.074305351760655327e+02 5.646118613948094662e+02 1.888733974031473917e+00
2.590000000000000000e+02 -1.127915416600898766e+02 4.765864764133823428e+02 1.981970783904573929e+00
2.610000000000000000e+02 7.468030804500990882e+01 4.689101384446420866e+02 2.028889591398085557e+00
2.630000000000000000e+02 7.641381459792226849e+01 4.852019733105536829e+02 1.840157690457800532e+00
2.650000000000000000e+02 7.525908695797740222e+01 4.802532699434490837e+02 1.666338883782326752e+00
2.670000000000000000e+02 1.473083461679250377e+02 4.283830294878499672e+02 1.753788452536128473e+00
2.690000000000000000e+02 1.470438432674580724e+02 4.149158902854892972e+02 1.916551920741236703e+00
2.710000000000000000e+02 -1.083908305479090046e+02 4.939173942166347047e+02 1.952769640247315808e+00
2.730000000000000000e+02 7.390154851963121985e+01 4.915651171136117910e+02 1.842565362097953630e+00
2.750000000000000000e+02 7.482383559247405458e+01 4.815220447394927987e+02 1.876657084551263344e+00
2.770000000000000000e+02 1.195044992880783141e+01 5.981311867187652069e+02 1.915377365210980010e+00
2.790000000000000000e+02 7.375245911787298780e+01 4.873550672618129624e+02 1.755139634582909336e+00
2.810000000000000000e+02 -1.096162481035719765e+02 5.316409928215615537e+02 1.691693783089212033e+00
2.830000000000000000e+02 7.259408077041976526e+01 4.660535406600542956e+02 1.823048494239057016e+00
2.850000000000000000e+02 1.533518300901479279e+02 3.625034955486189006e+02 1.910401322379885913e+00
2.870000000000000000e+02 7.348291544281960341e+01 4.874976765113888177e+02 1.967604370097409516e+00
2.890000000000000000e+02 7.300315513662957301e+01 4.835564921906643576e+02 2.001932101487716054e+00
2.910000000000000000e+02 1.482767622319134091e+02 3.858582708601555851e+02 2.021153904077575891e+00
2.930000000000000000e+02 -1.056600390713239790e+02 5.670571827093782531e+02 2.020152104304707041e+00
2.950000000000000000e+02 -1.072716003675442380e+02 5.530984659299438135e+02 2.024264643239595873e+00
2.970000000000000000e+02 -1.100767542342485257e+02 5.256332073479536575e+02 2.154800055067499276e+00
2.990000000000000000e+02 1.498715455905437466e+02 3.720625674947426091e+02 2.387850583245985092e+00
3.010000000000000000e+02 -1.115235420014186190e+02 5.076461772423822936e+02 2.285468661229087761e+00
3.030000000000000000e+02 -1.106271539670201207e+02 5.273791943454357352e+02 2.457227845388329612e+00
3.050000000000000000e+02 -1.116270579089720627e+02 5.235567770293594094e+02 2.605740609811343145e+00
3.070000000000000000e+02 -1.104681549274244077e+02 5.497095501448652612e+02 2.383564054421565714e+00
3.090000000000000000e+02 -1.091706590050883250e+02 5.502767214548879338e+02 2.551066024973142721e+00
3.110000000000000000e+02 -1.105470049589232673e+02 5.299189085657416172e+02 2.588139315632409954e+00
3.130000000000000000e+02 1.527542553895100923e+02 3.557563237948244250e+02 2.329321871689312928e+00
3.150000000000000000e+02 -1.096064947688181803e+02 5.399980809257376677e+02 2.348177563013095881e+00
3.170000000000000000e+02 -1.092438452498658847e+02 5.500155512084196516e+02 2.296626612511925014e+00
3.190000000000000000e+02 -1.092339029558081336e+02 5.533021437356553633e+02 2.446466497482168378e+00
3.210000000000000000e+02 -1.101894085673897621e+02 5.232899769369523710e+02 2.577611422505254879e+00
3.230000000000000000e+02 -1.100538627563317107e+02 5.413435698720896880e+02 2.623476633670498881e+00
3.250000000000000000e+02 -1.119860866948424984e+02 5.283985508127408366e+02 2.575569461958271411e+00
3.270000000000000000e+02 -1.116304789174296417e+02 5.505548779254497731e+02 2.425106946384134599e+00
3.290000000000000000e+02 -1.119677935893264475e+02 5.277781320602059623e+02 2.353343554116555936e+00
3.310000000000000000e+02 -1.097150749777356395e+02 5.590634042192132256e+02 2.350883815430910406e+00
3.330000000000000000e+02 -1.093871559423666611e+02 5.484532532605755932e+02 2.188714856698959377e+00
3.350000000000000000e+02 -1.129474724285668543e+02 4.972815700543529829e+02 1.997061076609598196e+00
3.370000000000000000e+02 -1.197769726211691648e+02 2.994251270020760671e+02 1.951188715408150642e+00
3.390000000000000000e+02 -1.108646152179237276e+02 5.191751021792692882e+02 2.290116154849850538e+00
3.410000000000000000e+02 -1.100262601770220670e+02 5.202961883843454416e+02 2.437003353715575749e+00
3.430000000000000000e+02 -1.097612637379103262e+02 5.183383187281244773e+02 2.531577830803207529e+00
3.450000000000000000e+02 -1.103353621932049577e+02 5.399521961008405242e+02 2.771708403806246057e+00
3.470000000000000000e+02 -1.100216897590007648e+02 5.484622137446374381e+02 2.725146592596582096e+00
3.490000000000000000e+02 -1.104191421506901776e+02 5.304388917237649821e+02 2.505276767549034833e+00
3.510000000000000000e+02 -1.073210823596875514e+02 5.571368283047424939e+02 2.507318945178859781e+00
3.530000000000000000e+02 -1.070972659615563316e+02 5.553424359153639216e+02 2.423880245504827613e+00
3.550000000000000000e+02 -1.078024168092332360e+02 5.389259443325073562e+02 2.319893014489769811e+00
3.570000000000000000e+02 -1.108185055939624561e+02 5.003208712355909711e+02 2.393068874248601485e+00
3.590000000000000000e+02 -1.101129747275654012e+02 5.021731081374959444e+02 2.421363039031053432e+00
3.610000000000000000e+02 -1.100299023291016880e+02 5.125680573604553274e+02 2.528117340785753342e+00
3.630000000000000000e+02 -1.101578646085731066e+02 5.135515813148120969e+02 2.738287650692083464e+00
3.650000000000000000e+02 -1.094973692496853772e+02 5.067630469435737837e+02 2.614268395793341249e+00
3.670000000000000000e+02 -1.081953328115281181e+02 5.125422399304042074e+02 2.638108059280841022e+00
3.690000000000000000e+02 -1.079589499169575788e+02 5.339906841387697796e+02 2.471751135373728925e+00
3.710000000000000000e+02 -1.107765653187046411e+02 4.963961975266072386e+02 2.453174604243806289e+00
3.730000000000000000e+02 -1.106394049597031142e+02 4.823870700956533142e+02 2.259472407602078015e+00
3.750000000000000000e+02 -1.077279086193366595e+02 5.401594372176617753e+02 2.502710543812238786e+00
3.770000000000000000e+02 -1.085270513848994653e+02 5.094734074368075198e+02 2.335038025156959574e+00
3.790000000000000000e+02 -1.099536683114763207e+02 4.680299338896128347e+02 2.037080245876779383e+00
3.810000000000000000e+02 -1.097587645484333336e+02 4.915853020074434312e+02 2.371542761226752560e+00
3.830000000000000000e+02 -1.085609611060028925e+02 5.293867379447469830e+02 2.362277132744229569e+00
3.850000000000000000e+02 -1.069053713194571031e+02 5.329222304655309017e+02 2.185505954601332679e+00
3.870000000000000000e+02 -1.061894323406481675e+02 5.216940777273701997e+02 2.353911407016024082e+00
3.890000000000000000e+02 -1.076796266309810619e+02 5.099886386056153924e+02 2.492635930406713829e+00
3.910000000000000000e+02 -1.050621666198953363e+02 5.401028057406753078e+02 2.280880927079103060e+00
3.930000000000000000e+02 -1.032439659232306042e+02 5.747639826449155862e+02 2.141098494658066009e+00
3.950000000000000000e+02 7.887977580998668259e+01 5.090256304994998686e+02 2.185981356302342693e+00
3.970000000000000000e+02 -1.081657805689254275e+02 5.372229728019234472e+02 2.428554994536057610e+00
3.990000000000000000e+02 -1.070545458606444811e+02 5.361377446794733714e+02 2.451571238873342828e+00
4.010000000000000000e+02 -1.055010389535464839e+02 5.408394284648467192e+02 2.388693687182879444e+00
4.030000000000000000e+02 -1.086399856622765157e+02 5.092585545285579656e+02 2.411718570798844219e+00
4.050000000000000000e+02 -1.077370247821176577e+02 5.206356427555066375e+02 2.229575083805005242e+00
4.070000000000000000e+02 -1.041389777743423934e+02 5.291718088653647101e+02 1.968048732834207781e+00
4.090000000000000000e+02 -1.020628037826777188e+02 5.631353867820156438e+02 2.318468261238088690e+00
4.110000000000000000e+02 -1.041561662538569948e+02 5.593216826558239063e+02 2.169194824752409545e+00
4.130000000000000000e+02 -1.059986420679470172e+02 5.125028432941521714e+02 1.927086168900961294e+00
4.150000000000000000e+02 -1.040804245111732769e+02 5.201754299195329168e+02 2.002472871845363045e+00
4.170000000000000000e+02 -1.021221634984282787e+02 5.187923986388942694e+02 2.200213733076119116e+00
4.190000000000000000e+02 1.498404568211223022e+02 4.145456963270160600e+02 2.101764417053632261e+00
4.210000000000000000e+02 1.463622223992532554e+02 4.592463341604128573e+02 2.085572629220198593e+00
4.230000000000000000e+02 1.432845954489326630e+02 4.783897900161076677e+02 2.084084264591625324e+00
4.250000000000000000e+02 1.507152467932156696e+02 4.114725151965235455e+02 1.863835600612354648e+00
4.270000000000000000e+02 -1.007752909583740859e+02 5.063276550085777785e+02 1.986376749963541188e+00
4.290000000000000000e+02 -9.768390814327776184e+01 5.173519161771306472e+02 1.990766275048897693e+00
4.310000000000000000e+02 -9.680831062846144164e+01 5.185148731301886755e+02 1.966655150665971741e+00
4.330000000000000000e+02 -9.745976339267052424e+01 5.053393274971754181e+02 1.929333391195712233e+00
4.350000000000000000e+02 1.467833952591480511e+02 4.902347455642180876e+02 1.797605199599654924e+00
4.370000000000000000e+02 1.486767044200148291e+02 4.636607345631112480e+02 1.814147551434167838e+00
4.390000000000000000e+02 -9.906395692093823868e+01 4.983762703989451097e+02 1.834653570093775166e+00
4.410000000000000000e+02 -1.005548091212964863e+02 4.661116659922200256e+02 1.935127106750835768e+00
4.430000000000000000e+02 -9.616632789314751051e+01 5.329707759104595652e+02 1.788344585745943238e+00
4.450000000000000000e+02 -9.160627460713055825e+01 5.619045686818677723e+02 2.232048450154022756e+00
4.470000000000000000e+02 1.459791640729337132e+02 4.761701353836787689e+02 2.236959207621485923e+00
4.490000000000000000e+02 1.435402654558041036e+02 4.994642085829933649e+02 2.007094268638014878e+00
4.510000000000000000e+02 1.485986634043793231e+02 4.565431611111533812e+02 1.967620646706704779e+00
4.530000000000000000e+02 1.512163915566971184e+02 4.284781969017403185e+02 1.958266339386651067e+00
4.550000000000000000e+02 1.539305264497280916e+02 3.996013838230352349e+02 1.906042779903861062e+00
4.570000000000000000e+02 1.509154712658909148e+02 4.357477935491877474e+02 2.097528290883678981e+00
4.590000000000000000e+02 -9.661904151135912855e+01 4.984777886514799548e+02 2.127326735025650173e+00
4.610000000000000000e+02 -9.258359335330004569e+01 5.221045180292180703e+02 2.140361776194898979e+00
4.630000000000000000e+02 -9.182800956100268763e+01 4.900315960977292207e+02 2.109319875853111537e+00
4.650000000000000000e+02 -9.317075016324908177e+01 4.676085256069588354e+02 2.333864600717198812e+00
4.670000000000000000e+02 -9.269519750621491028e+01 4.685151662389693001e+02 2.043762527658041339e+00
4.690000000000000000e+02 1.534254619859678144e+02 4.269559392952026542e+02 2.091806579308558511e+00
4.710000000000000000e+02 1.542444340913806400e+02 4.067973324577873200e+02 2.107079142766006719e+00
4.730000000000000000e+02 1.540948455830176442e+02 4.129302866358390247e+02 2.046548928105817122e+00
4.750000000000000000e+02 1.563264812751324939e+02 3.978987003587228628e+02 1.805185444101409686e+00
4.770000000000000000e+02 1.486393693924115098e+02 5.905048100326860094e+02 1.609042301742384273e+00
4.790000000000000000e+02 -9.361993533316274352e+01 4.437000522878321931e+02 1.871767154714936154e+00
4.810000000000000000e+02 -9.604110647536529655e+01 4.250660916591448881e+02 1.913472989334001229e+00
4.830000000000000000e+02 -9.771640423762750061e+01 4.644588403778041084e+02 1.777767277942192470e+00
4.850000000000000000e+02 1.512945935881096489e+02 4.756001755499052592e+02 1.689175065974154899e+00
4.870000000000000000e+02 1.543818338815167124e+02 4.018091724231757098e+02 1.645150904242014045e+00
4.890000000000000000e+02 1.555820547179623077e+02 3.971042463374062095e+02 1.647237789461948099e+00
4.910000000000000000e+02 -9.327779476710875883e+01 3.974025032596783262e+02 1.789648141070979470e+00
4.930000000000000000e+02 -9.424107065857779730e+01 3.795676273606451332e+02 1.869070003276237957e+00
4.950000000000000000e+02 -9.762158107792359374e+01 3.728105060634457573e+02 1.876481933009300773e+00
4.970000000000000000e+02 -9.672548180681513941e+01 4.067257358182442886e+02 1.922248385583305241e+00
4.990000000000000000e+02 -1.051772749855229279e+02 2.959201816596869321e+02 1.897435049510461269e+00
5.010000000000000000e+02 -9.803376917282993475e+01 3.357808252352658656e+02 1.887868861503066986e+00
5.030000000000000000e+02 -9.506186037542499889e+01 3.410450220832823334e+02 1.950249855192117909e+00
5.050000000000000000e+02 -9.228876248926223980e+01 3.511226898081212084e+02 2.145966990358521898e+00
5.070000000000000000e+02 -9.057483369225158754e+01 3.618982987624350471e+02 1.864626258835301753e+00
5.090000000000000000e+02 1.582137822497107322e+02 5.631848329356636214e+02 1.665149066598621941e+00
5.110000000000000000e+02 -9.183794712622405143e+01 3.431828031631612248e+02 1.855715243422718208e+00
5.130000000000000000e+02 -8.977458061876829731e+01 3.710253957567722409e+02 1.624238199192747034e+00
5.150000000000000000e+02 -9.194476608567347853e+01 4.145249126975255649e+02 1.534571145162966443e+00
5.170000000000000000e+02 -8.836588366053878474e+01 3.593657349233050127e+02 1.623190863733925404e+00
5.190000000000000000e+02 1.589096970669271798e+02 4.618524944629297693e+02 1.641320358855269168e+00
5.210000000000000000e+02 1.564090246658195440e+02 4.476165313234110954e+02 1.813490162306241826e+00
5.230000000000000000e+02 1.561588743338592451e+02 4.790029262737737668e+02 1.620003835471987896e+00
5.250000000000000000e+02 -8.943358327149722697e+01 3.524950228589596577e+02 1.748394905680317635e+00
5.270000000000000000e+02 -9.206086819239398267e+01 3.977346866374829801e+02 1.738177973724472469e+00
5.290000000000000000e+02 1.545471722814612008e+02 5.368750426826685498e+02 1.607851937059681324e+00
5.310000000000000000e+02 -9.125349218809893159e+01 3.928381044894013030e+02 1.602302355035832848e+00
5.330000000000000000e+02 -9.239544054028392850e+01 3.632354063551393324e+02 1.626199741620211636e+00
5.350000000000000000e+02 -9.527665878046012438e+01 3.374482229685239645e+02 1.671074835009457749e+00
5.370000000000000000e+02 -2.444169451839664475e+01 5.063202508381376674e+02 1.848358594111920494e+00
5.390000000000000000e+02 -9.552101519120670048e+01 3.455718309471383805e+02 1.833592188564319381e+00
5.410000000000000000e+02 -9.475941803959398158e+01 3.562323712853517463e+02 1.771955530027672809e+00
5.430000000000000000e+02 1.564822219492054955e+02 4.984898350913579748e+02 1.885963765158673811e+00
5.450000000000000000e+02 -9.856076401758441818e+01 3.187786468265705935e+02 1.745668579323911285e+00
5.470000000000000000e+02 -9.423819586154505146e+01 3.302850240118061720e+02 1.708659985305784446e+00
5.490000000000000000e+02 -9.201633506594994572e+01 3.410256711544276982e+02 1.528062697735055542e+00
5.510000000000000000e+02 -9.215344694926301372e+01 3.288748731247249566e+02 1.681535398157638639e+00
5.530000000000000000e+02 -9.253709807034155688e+01 3.108518325091005750e+02 1.889555390177268146e+00
5.550000000000000000e+02 -9.464672394289992496e+01 3.064855184438983997e+02 1.757805745086437277e+00
5.570000000000000000e+02 -9.583223848303266834e+01 2.994839186576872976e+02 1.493913297561206832e+00
5.590000000000000000e+02 1.492972672030940657e+02 4.349966073000394431e+02 1.445744978917693713e+00
5.610000000000000000e+02 -9.411174105405666523e+01 3.102117848736666019e+02 1.441570726071532693e+00
5.630000000000000000e+02 -9.888193785476542530e+01 2.985385832161964572e+02 1.540582552666424743e+00
5.650000000000000000e+02 -9.116381718820908020e+01 3.778092204288829521e+02 1.449692591532345309e+00
5.670000000000000000e+02 -8.512997319287995879e+01 3.931109507592105956e+02 1.453737083206887215e+00
5.690000000000000000e+02 -8.728463143433182836e+01 3.638410582288665296e+02 1.669916835587659687e+00
5.710000000000000000e+02 -9.097026478199882149e+01 3.002805802612224397e+02 1.649097368047207191e+00
5.730000000000000000e+02 -8.739327946612723963e+01 2.994465478342165738e+02 1.468463897958359077e+00
5.750000000000000000e+02 -9.216092684794271861e+01 2.993573410208354062e+02 1.384999613262718476e+00
5.770000000000000000e+02 -9.111201138513652609e+01 3.150380079894356413e+02 1.319747087549229647e+00
5.790000000000000000e+02 -8.817655381523947256e+01 3.606897192503048473e+02 1.577324645740030951e+00
5.810000000000000000e+02 -8.928797357945987301e+01 3.512694449453247216e+02 1.638504965045268102e+00
5.830000000000000000e+02 -8.974213114776051725e+01 3.497440110487440279e+02 1.495203403738217141e+00
5.850000000000000000e+02 -9.108614588365837506e+01 3.591701954616490866e+02 1.624987685494340806e+00
5.870000000000000000e+02 -9.222955666199142399e+01 3.786356028362513939e+02 1.644678448358922296e+00
5.890000000000000000e+02 -8.614399129947689460e+01 4.177334259909542880e+02 1.656255556661507589e+00
5.910000000000000000e+02 -8.269516922856891483e+01 4.253692020623672079e+02 1.647522214285956021e+00
5.930000000000000000e+02 -8.991515871448577002e+01 3.590551461260235442e+02 1.546823317417200361e+00
5.950000000000000000e+02 1.513868869359291693e+02 4.326956805707846456e+02 1.680204052325501074e+00
5.970000000000000000e+02 -8.500010870073015212e+01 3.837276252642110990e+02 1.643133850136966778e+00
5.990000000000000000e+02 -8.843816539211898942e+01 3.768314297914525355e+02 1.677389776713923863e+00
6.010000000000000000e+02 -1.667904202971245553e+01 4.695928155259637151e+02 1.574149435620722848e+00
6.030000000000000000e+02 -1.020443118906008095e+02 2.620111336714942922e+02 1.636260679150030040e+00
6.050000000000000000e+02 -9.700541404816385693e+01 3.300760365287541163e+02 1.551281510997510438e+00
6.070000000000000000e+02 -1.925691214525315687e+01 5.110650222651408967e+02 1.518231834178318973e+00
6.090000000000000000e+02 -7.905547473324580210e+01 4.804039806716494354e+02 1.357297639360208086e+00
6.110000000000000000e+02 -9.581035830298881706e+01 2.994207930148734818e+02 1.402039785606872702e+00
6.130000000000000000e+02 1.554153769336996334e+02 3.951758232885200073e+02 1.454295477178551455e+00
6.150000000000000000e+02 -8.852654179690513558e+01 3.521700491878655725e+02 1.414769106380090902e+00
6.170000000000000000e+02 -8.429378387588400301e+01 3.935282698151131058e+02 1.434273916320850883e+00
6.190000000000000000e+02 -8.850944472817425890e+01 3.689554425196816396e+02 1.280090687755794265e+00
6.210000000000000000e+02 8.852288376068750608e+01 5.179302170879514051e+02 1.393765740420671584e+00
6.230000000000000000e+02 8.595519884050999337e+01 4.940585647338311333e+02 1.587927277694637374e+00
6.250000000000000000e+02 1.554055808537088126e+02 3.308203698034262743e+02 1.451747154105524906e+00
6.270000000000000000e+02 -1.579478472411959160e+02 2.993725264900868410e+02 1.339071282060566581e+00
6.290000000000000000e+02 -9.044684307832227432e+01 3.933112150048085027e+02 1.348322141694025866e+00
6.310000000000000000e+02 -1.015470593784719995e+02 3.466618748434490271e+02 1.305068035394167492e+00
6.330000000000000000e+02 -9.763425318217794313e+01 2.996735607659244351e+02 1.378975892607051668e+00
6.350000000000000000e+02 -8.906686371888521592e+01 3.352948035893344354e+02 1.634014483255774586e+00
6.370000000000000000e+02 -8.926191252609649496e+01 3.374282535069803544e+02 1.491352649171761025e+00
6.390000000000000000e+02 -8.746847346570943671e+01 3.326136866077123955e+02 1.623354325246846530e+00
6.410000000000000000e+02 -8.632806664691032950e+01 3.353666808202101492e+02 1.572867221299826479e+00
6.430000000000000000e+02 -8.892746472268211733e+01 3.227479722468586374e+02 1.606945736061053953e+00
6.450000000000000000e+02 -8.306543850871750578e+01 3.283081954380063507e+02 1.630624088716455811e+00
6.470000000000000000e+02 -6.765753747930604334e+01 3.950571143555148979e+02 1.515424797815531521e+00
6.490000000000000000e+02 -6.678273977352459667e+01 3.980023679416227083e+02 1.493897858136799650e+00
6.510000000000000000e+02 1.332590631869854292e+02 5.981275413541828812e+02 1.426225570824989797e+00
6.530000000000000000e+02 1.711928740829581272e+02 3.593761761552997314e+02 1.386940868146657957e+00
6.550000000000000000e+02 1.575709033590289607e+02 4.516590122831068470e+02 1.334121754218083877e+00
6.570000000000000000e+02 -1.523739443289974815e+02 3.155825776541888672e+02 1.367250104463041627e+00
6.590000000000000000e+02 -1.518189943346298776e+02 2.993626303101554527e+02 1.488571079863195035e+00
6.610000000000000000e+02 -1.519631679984432822e+02 2.993761728645619087e+02 1.453340495952998301e+00
6.630000000000000000e+02 -1.558621526557932953e+02 2.993801705569961200e+02 1.436128214226021438e+00
6.650000000000000000e+02 -1.300194694403049800e+00 2.993151926136401926e+02 1.599308958205814646e+00
6.670000000000000000e+02 -6.118489081320470291e+01 3.707866885099546153e+02 1.529543717351607990e+00
6.690000000000000000e+02 -6.311302931686238082e+01 3.688083551909773519e+02 1.478698004725030879e+00
6.710000000000000000e+02 -7.684669519408463145e+01 3.410371385228528993e+02 1.490711936054478715e+00
6.730000000000000000e+02 -1.096484696900870830e+02 3.097220609720567950e+02 1.436003626482235118e+00
6.750000000000000000e+02 1.601963395678013455e+02 4.436416055817865072e+02 1.412867334011395082e+00
6.770000000000000000e+02 1.648103712737441811e+02 3.451784746287323173e+02 1.432151794512260157e+00
6.790000000000000000e+02 -5.804329021612176831e+01 3.625921696515043777e+02 1.344764927825453205e+00
6.810000000000000000e+02 1.495175177901598431e+02 5.100792779593197110e+02 1.404083735898879359e+00
6.830000000000000000e+02 -8.843992859590345645e+00 5.982354484483034867e+02 1.418417277249834463e+00
6.850000000000000000e+02 -1.303821581576674760e+01 5.981821725280260580e+02 1.361389720741307041e+00
6.870000000000000000e+02 -4.409335209863346705e+01 3.714803214444594914e+02 1.436942164340118566e+00
6.890000000000000000e+02 -1.507876299879618784e+02 2.993792514350480474e+02 1.600027971510941560e+00
6.910000000000000000e+02 -1.484951243058434613e+02 2.992675998921086489e+02 1.567220285624466580e+00
6.930000000000000000e+02 -6.875340926253137752e+00 2.994675448405421321e+02 1.831668569599957941e+00
6.950000000000000000e+02 -7.494530427070683842e+00 2.990976258472219342e+02 1.565634157709091756e+00
6.970000000000000000e+02 -1.000000000000000000e+01 3.000000000000000000e+02 1.362969737387496716e+00
6.990000000000000000e+02 -1.761749029065906669e+01 3.335637014260626643e+02 1.575597125089125194e+00
7.010000000000000000e+02 -1.677887840190329882e+01 3.257586273359229949e+02 1.386978519820407207e+00
7.030000000000000000e+02 1.544535999830405331e+02 3.050690954825664676e+02 1.326209100788361184e+00
7.050000000000000000e+02 1.534702768138911040e+02 2.993232940773490895e+02 1.371427043806794366e+00
7.070000000000000000e+02 1.603913645703160000e+02 3.827193638222884715e+02 1.386340875008899021e+00
7.090000000000000000e+02 1.507571669579658078e+02 4.905247035578257169e+02 1.499807616318207470e+00
7.110000000000000000e+02 1.491697381616741040e+02 4.985882014780683562e+02 1.511387206739605693e+00
7.130000000000000000e+02 -8.119084326372927762e+01 2.983996392944349623e+02 1.633119966868668227e+00
7.150000000000000000e+02 -8.158263863556074114e+01 2.994475161944736215e+02 1.642611440067087258e+00
7.170000000000000000e+02 -9.699995356514801870e+01 5.627770721812408965e+02 1.506165720960530807e+00
7.190000000000000000e+02 1.709210986518704942e+02 3.865720570414820259e+02 1.428551357964572333e+00
7.210000000000000000e+02 1.523247973836400604e+02 4.781089715531187494e+02 1.317386992754582486e+00
7.230000000000000000e+02 1.514979574145775700e+02 5.383539071052030067e+02 1.316814405399123977e+00
7.250000000000000000e+02 -2.600451735719409641e+01 3.358118921392835432e+02 1.431398921637726973e+00
7.270000000000000000e+02 -1.309246331843417366e+01 3.189822764956140304e+02 1.537862443598428941e+00
7.290000000000000000e+02 -1.703297513626054283e+01 3.239675374299753230e+02 1.724037545966428553e+00
7.310000000000000000e+02 -1.581073710550997724e+01 3.221657583681945312e+02 1.708123524460591014e+00
7.330000000000000000e+02 -1.393938691042856171e+01 3.231113253428536041e+02 1.607547328701813383e+00
7.350000000000000000e+02 -2.028998581169560822e+01 3.311671302211299803e+02 1.410682416060255573e+00
7.370000000000000000e+02 1.695651260473098603e+02 2.994262286141028540e+02 1.459094150674909773e+00
7.390000000000000000e+02 -2.108318427636424985e+01 3.784382744334406539e+02 1.613520391429474232e+00
7.410000000000000000e+02 -2.058841479711135847e+01 3.656304438509409920e+02 1.842967874860790056e+00
7.430000000000000000e+02 -1.915049442405732094e+01 3.472731666162724196e+02 1.582321703085111553e+00
7.450000000000000000e+02 -2.436246658279471333e+01 3.541349330003808404e+02 1.738900657700805708e+00
7.470000000000000000e+02 -2.502450587348971567e+01 3.315519625367758749e+02 1.651006509935983857e+00
7.490000000000000000e+02 -2.170934370043598705e+01 3.253885265636602071e+02 1.778845799117596327e+00
7.510000000000000000e+02 -2.447183489401080081e+01 3.288257541227893057e+02 1.725160111982109834e+00
7.530000000000000000e+02 -2.019092891138681267e+01 3.393603238558736166e+02 1.894716516353938340e+00
7.550000000000000000e+02 -1.853491980992967214e+01 3.394963902620794443e+02 2.045418724905056163e+00
7.570000000000000000e+02 -1.763848904450523847e+01 3.208880453429834461e+02 1.864619456902810946e+00
7.590000000000000000e+02 -1.807802512342940204e+01 3.165348560780220737e+02 2.019483581997925992e+00
7.610000000000000000e+02 -1.941897338889645752e+01 3.194975324002444381e+02 2.260557205877224529e+00
7.630000000000000000e+02 -1.821261327960447574e+01 3.235033530633118630e+02 2.410201360334762288e+00
7.650000000000000000e+02 -1.785072418668661953e+01 3.242593933245292988e+02 2.456206943502574180e+00
7.670000000000000000e+02 -1.980045513973556126e+01 3.223425769774543710e+02 2.733056616577530296e+00
7.690000000000000000e+02 -2.289089957018137511e+01 3.292540845663230016e+02 3.086752357337354091e+00
7.710000000000000000e+02 -2.373495804003473353e+01 3.344041941248419789e+02 3.541054215132667160e+00
7.730000000000000000e+02 -2.260162733176022343e+01 3.310091040815635779e+02 3.390823625811021813e+00
7.750000000000000000e+02 -2.521330099536804425e+01 3.367352355821798255e+02 3.521433080328819187e+00
7.770000000000000000e+02 -2.594304467684361271e+01 3.356108440292730393e+02 3.285718996626930455e+00
7.790000000000000000e+02 -2.359364208255088258e+01 3.339658149237992006e+02 3.311648245082541298e+00
7.810000000000000000e+02 -2.422927383138872770e+01 3.303183324741189040e+02 3.305377928001319354e+00
7.830000000000000000e+02 -2.584257976399496570e+01 3.365626304757561797e+02 3.712058481642213525e+00
7.850000000000000000e+02 -2.740109547699602999e+01 3.419673988445494501e+02 3.451727537601091189e+00
7.870000000000000000e+02 -2.580645975931047076e+01 3.344901098830984552e+02 3.930543381340211972e+00
7.890000000000000000e+02 -2.669116218893470105e+01 3.366039736128568620e+02 3.819373051057678214e+00
7.910000000000000000e+02 -2.782307967466799781e+01 3.450598175866642805e+02 3.743219939668595675e+00
7.930000000000000000e+02 -2.737393880307477545e+01 3.415404694149506213e+02 3.267025958839285149e+00
7.950000000000000000e+02 -2.691944636930951873e+01 3.400598368315439757e+02 3.300672139926084547e+00
7.970000000000000000e+02 -2.928234241313816000e+01 3.462293971847377065e+02 3.170627929891149943e+00
7.990000000000000000e+02 -3.280773018433271915e+01 3.554902024566118826e+02 2.849253757675199950e+00
8.010000000000000000e+02 -3.097801328415637556e+01 3.501746860140839317e+02 3.159808286782465281e+00
8.030000000000000000e+02 -2.944214815160556498e+01 3.456219244737977192e+02 2.641831772287684288e+00
8.050000000000000000e+02 -3.441990811648874171e+01 3.524724171401597914e+02 2.463731964402422037e+00
8.070000000000000000e+02 -3.432153550280851562e+01 3.514313706311202736e+02 2.755602018397856678e+00
8.090000000000000000e+02 -3.066180553328791447e+01 3.440400632711289859e+02 3.012846641389713476e+00
8.110000000000000000e+02 -3.213405498996917231e+01 3.437380878652985530e+02 2.463490753637097797e+00
8.130000000000000000e+02 -3.375667849344508653e+01 3.484068451073418373e+02 2.058889607244583697e+00
8.150000000000000000e+02 -3.368412806323916442e+01 3.543236064592696835e+02 2.321202912638402172e+00
8.170000000000000000e+02 -3.177402351325919483e+01 3.510922433153513111e+02 2.482456214729653166e+00
8.190000000000000000e+02 -3.097489970493296596e+01 3.585847245133049341e+02 2.535377381896194215e+00
8.210000000000000000e+02 -2.957000409845522881e+01 3.707863836140298872e+02 2.420333976868756842e+00
8.230000000000000000e+02 -3.145405252051497413e+01 3.676580216026989660e+02 2.244127516879665940e+00
8.250000000000000000e+02 -3.573813802225634362e+01 3.776230947548153836e+02 2.362700751183723469e+00
8.270000000000000000e+02 -3.409719140643558433e+01 3.768422903437029277e+02 2.089861443087309922e+00
8.290000000000000000e+02 -3.530752586553112593e+01 3.674976422715975559e+02 1.911917731921253250e+00
8.310000000000000000e+02 -3.613525464326616543e+01 3.499798711266735722e+02 2.113796287950565400e+00
8.330000000000000000e+02 -3.336668260340443481e+01 3.545297770584738259e+02 2.016536934497469513e+00
8.350000000000000000e+02 -4.131777306602725020e+01 3.718047477953533644e+02 1.684876696043303701e+00
8.370000000000000000e+02 5.095438944693788663e-01 2.993261163251815447e+02 1.740631191693495339e+00
8.390000000000000000e+02 1.583415932734572484e+00 2.994106964793605812e+02 2.285641191630121583e+00
8.410000000000000000e+02 2.499367754662308094e+00 2.993348407817686052e+02 1.935775888009128698e+00
8.430000000000000000e+02 -4.113762619647830121e+01 3.711578708427859965e+02 1.599431695178120671e+00
8.450000000000000000e+02 -3.848045357393936428e+01 3.683212712766839445e+02 1.526674411590022817e+00
8.470000000000000000e+02 -3.979207793058451870e+01 3.834379877781325945e+02 1.611548665418123694e+00
8.490000000000000000e+02 -3.768814094685664173e+01 3.769770301229984852e+02 1.629426616985105492e+00
8.510000000000000000e+02 -3.702846337174334224e+01 3.551570571908836200e+02 1.913185720828107339e+00
8.530000000000000000e+02 -3.386594410906802466e+01 3.569633606940660684e+02 2.258999186311804408e+00
8.550000000000000000e+02 -3.145075616649896233e+01 3.523764300825956752e+02 2.021842379492750474e+00
8.570000000000000000e+02 -3.543242125639650908e+01 3.619378190854598643e+02 1.708917312606627048e+00
8.590000000000000000e+02 -3.499031005873201394e+01 3.645458984017311650e+02 1.680113456120872595e+00
8.610000000000000000e+02 -3.306041512305582586e+01 3.678583630723217652e+02 1.961095670659641632e+00
8.630000000000000000e+02 -2.940617477422579285e+01 3.495520307178100552e+02 2.031463798881886440e+00
8.650000000000000000e+02 -3.004970009622934413e+01 3.448256860081748982e+02 1.758873412844964124e+00
8.670000000000000000e+02 -9.896272009883284682e+01 4.703940784743934387e+02 1.582908492487247631e+00
8.690000000000000000e+02 -2.709922387851791470e+01 3.384063497465485284e+02 1.709148690772531953e+00
8.710000000000000000e+02 -2.840302296274644789e+01 3.541374996018432171e+02 2.015278135363609557e+00
8.730000000000000000e+02 -3.131904315218081081e+01 3.532601132548977034e+02 2.004296148009030887e+00
8.750000000000000000e+02 -3.470814803091157330e+01 3.538407684035975080e+02 1.767115588137520898e+00
8.770000000000000000e+02 -3.565932638534575005e+01 3.589632258151131623e+02 1.562599030326915051e+00
8.790000000000000000e+02 -3.330451973210998062e+01 3.705334185664889901e+02 1.486780316351169917e+00
8.810000000000000000e+02 -3.303000280730747562e+01 3.461269944840877884e+02 1.538807272005194626e+00
8.830000000000000000e+02 -3.478737207261516318e+01 3.427948632766312471e+02 1.674621152304432536e+00
8.850000000000000000e+02 -3.830620418985721187e+01 3.529725604359525164e+02 1.702205069281708782e+00
8.870000000000000000e+02 1.509707994166033131e+02 3.114436268921636497e+02 1.461280798392571079e+00
8.890000000000000000e+02 -4.100062429337246783e+01 3.511477857573053711e+02 1.496642179575747411e+00
8.910000000000000000e+02 -3.852027155592518426e+01 3.538731002341058343e+02 2.121664630690280884e+00
8.930000000000000000e+02 -3.917196239969071314e+01 3.562545753269612305e+02 1.970419426005022734e+00
8.950000000000000000e+02 -3.931416503165942089e+01 3.750702694462248132e+02 1.602021327880903900e+00
8.970000000000000000e+02 -4.017151142889093762e+01 3.830201640117549005e+02 1.515108699348685306e+00
8.990000000000000000e+02 -4.007919435728115332e+01 3.852348928696573012e+02 1.595144273178645822e+00
9.010000000000000000e+02 9.369861512614853893e+01 3.681367657542678558e+02 1.648970628002645267e+00
9.030000000000000000e+02 1.717792426089822584e+02 3.870035382078161206e+02 1.508711423290945097e+00
9.050000000000000000e+02 1.675173640976695140e+02 4.116166592689700110e+02 1.614545808019296924e+00
9.070000000000000000e+02 1.710143130968027663e+02 3.826958657488591484e+02 1.667582952972117338e+00
9.090000000000000000e+02 -4.452665110124632974e+01 3.849079039168503868e+02 1.788279527261635860e+00
9.110000000000000000e+02 -4.726304205048533191e+01 3.856365122632358293e+02 1.872065675187584377e+00
9.130000000000000000e+02 -4.483394166845385342e+01 3.759280397259477127e+02 1.815678517635443079e+00
9.150000000000000000e+02 -3.859664903199113439e+01 3.814979294379418775e+02 1.973193432203708353e+00
9.170000000000000000e+02 -4.202333444822647124e+01 3.818045174620307876e+02 1.694443270677752134e+00
9.190000000000000000e+02 -4.694097415272840834e+01 3.803395979820583079e+02 1.756114873486182448e+00
9.210000000000000000e+02 -4.707672008096481875e+01 3.772735485444943606e+02 1.654658857554702989e+00
9.230000000000000000e+02 -5.002575606647140205e+01 3.760019066123427933e+02 1.509788932809880801e+00
9.250000000000000000e+02 -5.850138508566421081e+01 3.539870587072692842e+02 1.575429760033939974e+00
9.270000000000000000e+02 -5.287279149644488996e+01 3.666836648198911917e+02 1.927228228830673240e+00
9.290000000000000000e+02 -4.698016640036982494e+01 3.694326592000434175e+02 1.728517995439231569e+00
9.310000000000000000e+02 -4.247196691529313739e+01 3.708935105065079938e+02 2.212709251275256861e+00
9.330000000000000000e+02 -4.681221505917903869e+01 3.866333921891434784e+02 1.972835843237245257e+00
9.350000000000000000e+02 -4.349309375754489793e+01 3.835477164798348326e+02 1.700330034452837147e+00
9.370000000000000000e+02 -4.372827657779874500e+01 3.651378883283929326e+02 1.755566993094782813e+00
9.390000000000000000e+02 -4.617688553732472911e+01 3.720966650201251582e+02 1.750582267762611943e+00
9.410000000000000000e+02 -4.475290921123499999e+01 3.668950152372735829e+02 1.678255855478797631e+00
9.430000000000000000e+02 -4.110515001919614519e+01 3.701071828452828072e+02 1.775566912260036379e+00
9.450000000000000000e+02 -3.499427385997594087e+01 3.697324175804344009e+02 1.544092687523652252e+00
9.470000000000000000e+02 -3.852821588325898716e+01 3.740555274420964338e+02 1.512977810793864286e+00
9.490000000000000000e+02 -4.258823447200222034e+01 3.687920299029816533e+02 1.691328503757780988e+00
9.510000000000000000e+02 -4.402962707992190872e+01 3.672487847981823847e+02 2.078943617745554029e+00
9.530000000000000000e+02 -4.090645109969744198e+01 3.755044916259029719e+02 1.796656159453671409e+00
9.550000000000000000e+02 -3.829757474138065021e+01 3.686051633646525829e+02 1.832606528343710073e+00
9.570000000000000000e+02 -3.409129155774342479e+01 3.659663554913755092e+02 1.870592765615142650e+00
9.590000000000000000e+02 -3.623345947280829904e+01 3.683980143338444577e+02 1.737654826797933039e+00
9.610000000000000000e+02 -3.698532008524045267e+01 3.718866395532012916e+02 1.545576871964452481e+00
9.630000000000000000e+02 -3.478093622588747991e+01 3.718179435280725329e+02 1.481921801431299368e+00
9.650000000000000000e+02 -4.185445157549450101e+01 3.757542595204417353e+02 1.588646413135642588e+00
9.670000000000000000e+02 -4.230358018968922806e+01 3.707407150478554740e+02 1.523529580137607642e+00
9.690000000000000000e+02 -4.106610513914267102e+01 3.621769083610856228e+02 1.564202177553509765e+00
9.710000000000000000e+02 -3.819543027777567090e+01 3.727845910102581115e+02 1.682427490746530196e+00
9.730000000000000000e+02 -3.988148222024823752e+01 3.782442407627273724e+02 1.849877811797974392e+00
9.750000000000000000e+02 -3.844497911029349524e+01 3.734773379967741676e+02 2.118632405275050257e+00
9.770000000000000000e+02 -3.894684503681602905e+01 3.688570874392773362e+02 2.068681977842713238e+00
9.790000000000000000e+02 -4.100379170205886226e+01 3.725734319250715885e+02 1.826827581575084514e+00
9.810000000000000000e+02 -4.887453851724676923e+01 3.713743871639940153e+02 1.730748742377812732e+00
9.830000000000000000e+02 -5.139168676837812910e+01 3.723594478843000388e+02 1.755316344399930228e+00
9.850000000000000000e+02 -3.669764848830450887e+01 3.792442222200162973e+02 1.510495766143891139e+00
9.870000000000000000e+02 -3.501599409634604854e+01 3.757636957975764176e+02 1.641749594353743902e+00
9.890000000000000000e+02 7.514231917288624629e+01 5.418170689046794450e+02 1.660719801452058997e+00
9.910000000000000000e+02 -3.239278064930576306e+01 3.655212599825799202e+02 1.680353811913261053e+00
9.930000000000000000e+02 -1.056544766355457483e+02 4.311809877694103079e+02 1.641119922466849568e+00
9.950000000000000000e+02 -1.039252012762636781e+02 4.753060138326918036e+02 1.589282478701090184e+00
9.970000000000000000e+02 -2.033043465785692305e+01 3.342656835698772397e+02 1.619299448998725799e+00
9.990000000000000000e+02 -4.330043559856228086e+01 3.580126463716114245e+02 1.547960001203227964e+00
1.001000000000000000e+03 -4.316573199341589628e+01 3.503859661542052777e+02 1.747679051683221685e+00
1.003000000000000000e+03 -4.157997690098245869e+01 3.642864832876983314e+02 1.979352693506663652e+00
1.005000000000000000e+03 -4.691631999516609142e+01 3.865380677915706542e+02 1.810580803920014192e+00
1.007000000000000000e+03 -3.713335362623303126e+01 3.865095198597676358e+02 1.552934557315073683e+00
1.009000000000000000e+03 -2.871588268428936885e+01 3.721156451025069600e+02 1.548729762379065455e+00
1.011000000000000000e+03 -2.236787071305660746e+01 3.471256109428383638e+02 1.512928685738841095e+00
1.013000000000000000e+03 1.498693053165050912e+02 4.604150147925795977e+02 1.492735067434773910e+00
1.015000000000000000e+03 1.524473703514508145e+02 4.532546967651606451e+02 1.740318745012550128e+00
1.017000000000000000e+03 1.458188947743988990e+02 4.657622968653614635e+02 1.628713085438684649e+00
1.019000000000000000e+03 -6.997342541231054724e+01 3.337832228561333068e+02 1.542971648639586801e+00
1.021000000000000000e+03 1.427008306630086167e+02 5.417016062996262917e+02 1.464032440274891433e+00
1.023000000000000000e+03 -3.319792170368819484e+01 3.426052320007588605e+02 1.542183838427212406e+00
1.025000000000000000e+03 -3.864597912718927830e+01 3.485294862382880297e+02 1.941171871401567550e+00
1.027000000000000000e+03 -3.798208421015641534e+01 3.594753184986668657e+02 2.073571095600512226e+00
1.029000000000000000e+03 -3.072429574343134817e+01 3.548395932074765824e+02 1.882798004603116082e+00
1.031000000000000000e+03 -2.492873286525598431e+01 3.508357079518848423e+02 1.550453907919363994e+00
1.033000000000000000e+03 -2.995015055439367302e+01 3.500352518662582497e+02 1.526658060323013766e+00
1.035000000000000000e+03 -4.606419536230460920e+01 3.434810675018880488e+02 1.623652658219347344e+00
1.037000000000000000e+03 -3.317650568437136371e+01 3.466341421929913054e+02 1.532397749433706213e+00
1.039000000000000000e+03 6.742674683279626890e+01 5.588504982671322523e+02 1.582149298870797915e+00
1.041000000000000000e+03 6.663136945018840152e+01 5.476626214300628135e+02 1.921363592508515072e+00
1.043000000000000000e+03 7.145468949072285625e+01 5.553576864716264936e+02 1.583948790766131376e+00
1.045000000000000000e+03 1.449343394227221040e+02 4.329897787017021074e+02 1.503877496006932102e+00
1.047000000000000000e+03 -3.165288839970311585e+01 3.598760501604908200e+02 1.436208148304603416e+00
1.049000000000000000e+03 2.682068689005641104e+00 5.980421834086337185e+02 1.333635387773382197e+00
1.051000000000000000e+03 4.528093136041720923e-01 5.980996781148537593e+02 1.287198494475716215e+00
1.053000000000000000e+03 -1.063054092767167020e+02 3.933756290869532108e+02 1.270160917929915145e+00
1.055000000000000000e+03 -1.078132610368942750e+02 4.336253869480134426e+02 1.382198863682362555e+00
1.057000000000000000e+03 -1.078530964049863314e+02 4.474156416448037135e+02 1.611716397985605287e+00
1.059000000000000000e+03 -3.025414455781949741e+01 3.589070996920622179e+02 1.662129792601016121e+00
1.061000000000000000e+03 -3.496924361093458344e+01 3.596899156693480677e+02 1.639574370669502068e+00
1.063000000000000000e+03 1.503787056186997972e+02 4.536338378767763970e+02 1.658872651938554377e+00
1.065000000000000000e+03 1.486506681277478492e+02 4.347098456129369879e+02 1.619524886943699116e+00
1.067000000000000000e+03 -1.073015694613107627e+02 5.241467161113648672e+02 1.476162348460734464e+00
1.069000000000000000e+03 -1.009599352159753352e+02 5.730086150994965237e+02 1.419993662664278178e+00
1.071000000000000000e+03 -2.956107199495729532e+01 3.421231937918638550e+02 1.376584080342932115e+00
1.073000000000000000e+03 -1.007614495840196298e+02 5.082131846434398312e+02 1.517879595566907103e+00
1.075000000000000000e+03 -9.511070392555090791e+01 5.987512094056231717e+02 1.477969788245911076e+00
1.077000000000000000e+03 1.466309056758706220e+02 4.608642027734177304e+02 1.490593554383363495e+00
1.079000000000000000e+03 -9.908124580057561559e+01 5.450379168182442982e+02 1.305773409219259218e+00
1.081000000000000000e+03 -2.879348576656638770e+01 3.539157262720467543e+02 1.472104095134214807e+00
1.083000000000000000e+03 -4.711163555809150694e+01 3.647555752512209324e+02 1.397797696487322439e+00
1.085000000000000000e+03 1.474914138994018913e+02 4.193445602049356467e+02 1.469486445131901187e+00
1.087000000000000000e+03 -9.007401077346894169e+01 5.289784136951487881e+02 1.352023963908982385e+00
1.089000000000000000e+03 -2.872497933616376997e+01 3.630990250328038655e+02 1.370975000627847828e+00
1.091000000000000000e+03 -9.281388206330572643e+01 5.538263922422571568e+02 1.563247409651905562e+00
1.093000000000000000e+03 -9.818218376332890784e+01 5.026317414529531789e+02 1.762811222530724642e+00
1.095000000000000000e+03 -9.821801332648787763e+01 4.465269548358293150e+02 1.746956660094529434e+00
1.097000000000000000e+03 -1.005513100160152504e+02 4.268736839315660632e+02 1.748227179925805341e+00
1.099000000000000000e+03 -1.045290090509315064e+02 4.279673207227642706e+02 1.526853867206388493e+00
1.101000000000000000e+03 -3.755981264701165401e+01 3.565716685620029693e+02 1.749061088336222536e+00
1.103000000000000000e+03 1.539229141691351970e+02 4.210671371640853522e+02 1.661477588090712443e+00
1.105000000000000000e+03 7.754258816443262958e+01 5.572859432577536154e+02 1.516186790396313544e+00
1.107000000000000000e+03 7.150368579210299913e+01 5.749525280613264613e+02 1.463607261079291844e+00
1.109000000000000000e+03 6.748595812369013913e+01 5.364761031475361506e+02 1.353503217785797075e+00
1.111000000000000000e+03 -3.103037382320967197e+01 3.576438923163289019e+02 1.457276928915943737e+00
1.113000000000000000e+03 -3.416518882264394108e+01 3.587828521739496068e+02 1.650701814828946512e+00
1.115000000000000000e+03 -3.648780901333179116e+01 3.753105267427652620e+02 1.491923729525185260e+00
1.117000000000000000e+03 -3.145951120855417926e+01 3.842028435986582622e+02 1.463741009277238714e+00
1.119000000000000000e+03 -2.320496936198734161e+01 3.600798687881568867e+02 1.398223361756814276e+00
1.121000000000000000e+03 1.506440325819158659e+02 4.469842425083248827e+02 1.532016532020524791e+00
1.123000000000000000e+03 -3.229008539904379660e+01 3.715258726279995471e+02 1.562145199637312576e+00
1.125000000000000000e+03 -3.297742383813234568e+01 3.577527599406268450e+02 1.430684479453392388e+00
1.127000000000000000e+03 1.535605500896919295e+02 4.097434922108193973e+02 1.417839847615929960e+00
1.129000000000000000e+03 -1.087993659746802280e+02 4.150850041850433172e+02 1.463391538720031360e+00
1.131000000000000000e+03 -1.078354940143169500e+02 4.160972674583870230e+02 1.620101565902994478e+00
1.133000000000000000e+03 -1.092213090902479138e+02 4.553829044113654732e+02 1.637503969407543059e+00
1.135000000000000000e+03 -1.077750595364001924e+02 5.008044887721584928e+02 1.615253275218747397e+00
1.137000000000000000e+03 -2.509516023209014435e+01 3.521175340334151542e+02 1.576181945852847432e+00
1.139000000000000000e+03 -1.039610837527485927e+02 5.574887125139191539e+02 1.515577963069071998e+00
1.141000000000000000e+03 -1.071346058471121125e+02 4.799572160702593351e+02 1.416258031372676474e+00
1.143000000000000000e+03 1.460614986665970036e+02 3.863568565045372338e+02 1.387661843662732375e+00
1.145000000000000000e+03 9.317485301024370870e+01 2.989310965850153821e+02 1.346076000234448955e+00
1.147000000000000000e+03 -3.292320976704512958e+01 3.763420290796187260e+02 1.611790283411434155e+00
1.149000000000000000e+03 -3.784864982749056850e+01 3.762172066983143282e+02 1.489409811032417208e+00
1.151000000000000000e+03 -3.536225372537378320e+01 3.853837570609246654e+02 1.428260306293024584e+00
1.153000000000000000e+03 -1.069680926596190318e+02 4.662012891295102577e+02 1.581410418797528861e+00
1.155000000000000000e+03 -3.945904764505966256e+01 3.785051949342151261e+02 1.375405262392580763e+00
1.157000000000000000e+03 7.500713818156830826e+01 5.681685240118123374e+02 1.333039004553371099e+00
1.159000000000000000e+03 1.511430280756868569e+02 4.031099841766028931e+02 1.568652646858660127e+00
1.161000000000000000e+03 1.538507200181694827e+02 3.992694308169918713e+02 1.628533910519884387e+00
1.163000000000000000e+03 -9.906450842695733172e+01 5.027373186077497280e+02 1.590414638516506773e+00
1.165000000000000000e+03 -9.838403071763778485e+01 4.889406809868478945e+02 1.640844428764181018e+00
1.167000000000000000e+03 -1.068322682025981436e+02 4.319382786110322172e+02 1.402088753695260204e+00
1.169000000000000000e+03 9.772509520715188103e+01 2.993622023020222969e+02 1.353981024865596572e+00
1.171000000000000000e+03 9.325315309582158818e+00 5.888807129134486331e+02 1.388234010639782134e+00
1.173000000000000000e+03 -2.860201981403740845e+01 3.388233727784793814e+02 1.341263531532567166e+00
1.175000000000000000e+03 -2.920114618224371128e+01 3.424039481478658331e+02 1.449014258102398811e+00
1.177000000000000000e+03 -3.484405204254968424e+01 3.515204718898980900e+02 1.582711751102681585e+00
1.179000000000000000e+03 -4.061943784901937704e+01 3.600772839611539666e+02 1.571069746373140452e+00
1.181000000000000000e+03 -1.174973131219575748e+02 3.215209079406864134e+02 1.518099751386400520e+00
1.183000000000000000e+03 -1.202512720495820844e+02 3.272555027489572694e+02 1.606446478275279199e+00
1.185000000000000000e+03 7.541691631949072416e+01 5.760767841804535010e+02 1.475070378991653497e+00
1.187000000000000000e+03 7.440734358846972896e+01 5.992577235041754875e+02 1.664148044157541584e+00
1.189000000000000000e+03 -4.315323076459350915e+01 3.612104114627380795e+02 1.395888014918315267e+00
1.191000000000000000e+03 1.407594823832207851e+02 5.185937480906126211e+02 1.603140615210469910e+00
1.193000000000000000e+03 1.375771967046966893e+02 5.026856194192789076e+02 1.532347441238074648e+00
