# InfraPy Beamforming (fk) Results
# 
# Data summary:
#     CC.KAUT.01.BDF	2023-05-08T13:05:30.940000Z - 2023-05-08T13:20:30.920000Z
#     CC.KAUT.02.BDF	2023-05-08T13:05:30.940000Z - 2023-05-08T13:20:30.920000Z
#     CC.KAUT.03.BDF	2023-05-08T13:05:30.940000Z - 2023-05-08T13:20:30.920000Z
# 
#   channel_cnt: 3
#   t0: 2023-05-08T13:05:30.940000Z
#   latitude: 46.730454
#   longitude: -121.857388
# 
# Algorithm parameters:
#   freq_min: 0.5
#   freq_max: 2.5
#   back_az_min: -180.0
#   back_az_max: 180.0
#   back_az_step: 2.0
#   trace_vel_min: 300.0
#   trace_vel_max: 600.0
#   trace_vel_step: 2.5
#   method: bartlett
#   signal_start: None
#   signal_end: None
#   window_len: 10.0
#   sub_window_len: None
#   window_step: 2.0
# 
# Time (rel t0) [s]      Back Az [deg]	           Tr. Velocity [m/s]       F-stat
5.000000000000000000e+00 7.753931840305085643e+01 3.716529004640696598e+02 1.332195582153149616e+01
7.000000000000000000e+00 6.477620319588422149e+01 4.671232685928189881e+02 9.205973698544529071e+00
9.000000000000000000e+00 7.401467793004653117e+01 4.891694989494692436e+02 1.763949417126847408e+01
1.100000000000000000e+01 6.415967432555713401e+01 4.224020207512709248e+02 1.178403058561663563e+01
1.300000000000000000e+01 5.309261242130048686e+01 3.472237511747543977e+02 1.641046379378880360e+01
1.500000000000000000e+01 5.772198141783117364e+01 4.800680765873408404e+02 1.257319521789048444e+01
1.700000000000000000e+01 5.942867399794013750e+01 4.304971571245276323e+02 1.267794966670622969e+01
1.900000000000000000e+01 7.470197087091300148e+01 3.691222383195132011e+02 9.642210504418398997e+00
2.100000000000000000e+01 6.927091941430671795e+01 5.981265404950913762e+02 1.497700547026370366e+01
2.300000000000000000e+01 8.105432665113374924e+01 5.981258235647468382e+02 1.555039411308488440e+01
2.500000000000000000e+01 1.219052671568765902e+02 5.981242154443121990e+02 8.717775092366727208e+00
2.700000000000000000e+01 1.124549948495564422e+01 5.262465391986196437e+02 8.733578749031506661e+00
2.900000000000000000e+01 2.861026251593541048e+01 4.400791720328547854e+02 7.360352170650036108e+00
3.100000000000000000e+01 3.216232924754744005e+01 3.761205328102277576e+02 7.703979758476818596e+00
3.300000000000000000e+01 6.387696397775494717e+01 5.452998234785301293e+02 1.050995260864470282e+01
3.500000000000000000e+01 5.732738908980151393e+01 5.981308762511407622e+02 9.390423092095000257e+00
3.700000000000000000e+01 6.084568008978220632e+01 5.981231424248068151e+02 1.055706835072161454e+01
3.900000000000000000e+01 4.027556609067629978e+01 5.981248279371644685e+02 6.803748196248950109e+00
4.100000000000000000e+01 5.030345213049352537e+01 4.734650273450578766e+02 6.971368041921399694e+00
4.300000000000000000e+01 1.005202424824067293e+02 5.051601026154892793e+02 1.251084531212249118e+01
4.500000000000000000e+01 8.685240922892612048e+01 5.981581445214758332e+02 1.564201732982384918e+01
4.700000000000000000e+01 8.905229298189362908e+01 4.537568867304692048e+02 8.363134284286182663e+00
4.900000000000000000e+01 5.814586744187249678e+01 5.011221829045854861e+02 5.912426159240122381e+00
5.100000000000000000e+01 9.422932862862954551e+01 5.052827895941445036e+02 5.436717287118531416e+00
5.300000000000000000e+01 8.242121734730710614e+01 3.867459046351019651e+02 7.543198346119794451e+00
5.500000000000000000e+01 6.165937347832575455e+01 3.211114885959268577e+02 1.165087738655931560e+01
5.700000000000000000e+01 7.320110453633974146e+01 3.579773594964650556e+02 1.086480910809264877e+01
5.900000000000000000e+01 7.395089935950606730e+01 2.993755382969702623e+02 8.742255336638644181e+00
6.100000000000000000e+01 6.986254399160682738e+01 5.371406181137776912e+02 8.717837516170391154e+00
6.300000000000000000e+01 4.871335125760084850e+01 4.003919198484814501e+02 4.695452751530346802e+00
6.500000000000000000e+01 4.211712678702944146e+01 5.981229356777619159e+02 6.633007332617435914e+00
6.700000000000000000e+01 1.308592444356484030e+01 5.981264253295348681e+02 9.381616086626927142e+00
6.900000000000000000e+01 8.838712308248830585e-01 4.256896117785401543e+02 5.556290252719367828e+00
7.100000000000000000e+01 7.629913660748074733e+01 3.602154152771561257e+02 7.789920244425752038e+00
7.300000000000000000e+01 7.497149623968680032e+01 4.177477555926612354e+02 9.514703222198360066e+00
7.500000000000000000e+01 1.105676453728971182e+02 3.777910198688494461e+02 6.493713989432311706e+00
7.700000000000000000e+01 1.093895102662334722e+02 3.597934958026237382e+02 6.011336374171278862e+00
7.900000000000000000e+01 9.314908734155432057e+01 3.534274236379678769e+02 9.882236330091798138e+00
8.100000000000000000e+01 7.329699529611175990e+01 3.171154362195438239e+02 6.104290063888655915e+00
8.300000000000000000e+01 1.474613917577554787e+02 5.102580403317111859e+02 3.618802130994473121e+00
8.500000000000000000e+01 1.576578464909904653e+02 5.393485728550048179e+02 8.997719306561590358e+00
8.700000000000000000e+01 6.130681141311188753e+01 5.981281964772058473e+02 8.714868500881973290e+00
8.900000000000000000e+01 2.333095704001202009e+01 5.981237428880704101e+02 1.231593427672234853e+01
9.100000000000000000e+01 6.051797132176693594e+01 5.981245289709407871e+02 7.776330194506699378e+00
9.300000000000000000e+01 6.402614489682160581e+01 3.770231400467022809e+02 6.366440692077159014e+00
9.500000000000000000e+01 5.267218507227941870e+01 3.250785664974577003e+02 6.750769018548394840e+00
9.700000000000000000e+01 6.633810027353270300e+01 4.438063871635691271e+02 6.188377749786966753e+00
9.900000000000000000e+01 7.994855322661096864e+01 5.981253491803793167e+02 2.063047891666964162e+01
1.010000000000000000e+02 7.398623376169152266e+01 5.191859734029751507e+02 8.990290125537605093e+00
1.030000000000000000e+02 5.275821715751172292e+01 4.908080436613460051e+02 8.196808530483895794e+00
1.050000000000000000e+02 9.852709737324407513e+01 5.981259990869272087e+02 8.428104220615949771e+00
1.070000000000000000e+02 1.487920795529771283e+02 5.981592164383439467e+02 1.377748603192832455e+01
1.090000000000000000e+02 1.002261850786062070e+02 5.981349623088740373e+02 1.139496277299235416e+01
1.110000000000000000e+02 5.753130418138019309e+01 5.981345893684396060e+02 8.625194731760394973e+00
1.130000000000000000e+02 9.093071776831934017e+01 5.981215720078682807e+02 8.869345476359665525e+00
1.150000000000000000e+02 1.086613109873739091e+02 5.340758456531681304e+02 7.844333966976629213e+00
1.170000000000000000e+02 1.379474591475166108e+02 3.887537307481359790e+02 1.075359234786091456e+01
1.190000000000000000e+02 1.054922148754236702e+02 5.981264337903022579e+02 9.230303399072372628e+00
1.210000000000000000e+02 8.738157168130092600e+01 5.981036249034407319e+02 1.509619645305321889e+01
1.230000000000000000e+02 7.987009859872843265e+01 3.335141635285176562e+02 8.583176485968413871e+00
1.250000000000000000e+02 1.066242989120970321e+02 3.872195663546774540e+02 5.230901983632620933e+00
1.270000000000000000e+02 1.257456839173021592e+02 5.981227074742258765e+02 5.877217981873673835e+00
1.290000000000000000e+02 1.216994643267760807e+02 4.880985133819204975e+02 7.466288819838077018e+00
1.310000000000000000e+02 1.275187143856054348e+02 4.678417981085479482e+02 9.166427110423988722e+00
1.330000000000000000e+02 1.238462723701673696e+02 5.981237758429080031e+02 8.977350500214665630e+00
1.350000000000000000e+02 8.956440949117383354e+01 5.981249979635388172e+02 8.284602059776904781e+00
1.370000000000000000e+02 8.139022981731797302e+01 5.071292423775802831e+02 6.460847474843915528e+00
1.390000000000000000e+02 1.193448398216285256e+02 5.975389591370358175e+02 4.809892299373714764e+00
1.410000000000000000e+02 6.247750620674444377e+01 4.074841327895127847e+02 7.218221507162749795e+00
1.430000000000000000e+02 8.844792144310814308e+01 5.981239878358817350e+02 8.472781670555979971e+00
1.450000000000000000e+02 1.145134026889696344e+02 5.599037978923056471e+02 1.123324073875030926e+01
1.470000000000000000e+02 7.287141177768528166e+01 4.188329579266488736e+02 7.350490356757777732e+00
1.490000000000000000e+02 5.932617701821185818e+01 3.664530885601314480e+02 1.513994344096013478e+01
1.510000000000000000e+02 5.550135103299268735e+01 3.856492391323419611e+02 9.790868118966937317e+00
1.530000000000000000e+02 4.479729628940184938e+01 4.382141319458182807e+02 4.301381670302336424e+00
1.550000000000000000e+02 1.083301761504853715e+02 3.983224311459167097e+02 5.942027669475892893e+00
1.570000000000000000e+02 1.261502154930364554e+02 3.269105899912574955e+02 1.114690425426050524e+01
1.590000000000000000e+02 1.155669509888563624e+02 4.986959354927144545e+02 1.124866952351379012e+01
1.610000000000000000e+02 8.239943112520553825e+01 5.326211105754581467e+02 1.399173770401759676e+01
1.630000000000000000e+02 6.331562874810983743e+01 4.592960774207584791e+02 1.183460647345087757e+01
1.650000000000000000e+02 6.680354889723648171e+01 3.600205636609294402e+02 8.644356251950378933e+00
1.670000000000000000e+02 5.258334581686631282e+01 2.993433728269023391e+02 7.726421026503558664e+00
1.690000000000000000e+02 4.000808460101453790e+01 3.838525452064309889e+02 1.594916127136061057e+01
1.710000000000000000e+02 6.685010033838031518e+01 3.923420458339834909e+02 1.619093468937886016e+01
1.730000000000000000e+02 1.003405422463362271e+02 4.753393926088327817e+02 1.166157524768449782e+01
1.750000000000000000e+02 8.912344454819431405e+01 5.606293815582204161e+02 9.263873704784993279e+00
1.770000000000000000e+02 7.034870933245859703e+01 5.981224686269821404e+02 2.085630200279849689e+01
1.790000000000000000e+02 7.351401547761747679e+01 5.981272198135195595e+02 1.138920049184683947e+01
1.810000000000000000e+02 8.402073018240977831e+01 5.981249310977163987e+02 8.183415154512465151e+00
1.830000000000000000e+02 1.430337943101925475e+02 5.801912621616354500e+02 9.362682992920573710e+00
1.850000000000000000e+02 9.311777707902692214e+01 3.448257314742401718e+02 6.791643321581503301e+00
1.870000000000000000e+02 7.758040033395461421e+01 3.111651763369886226e+02 6.994401820202815756e+00
1.890000000000000000e+02 7.322056941505071848e+01 5.540232997644834541e+02 1.011798909176533456e+01
1.910000000000000000e+02 5.980889086700160817e+01 5.229426917575327707e+02 1.209644335255001479e+01
1.930000000000000000e+02 8.788473429037061635e+01 5.981254228651589528e+02 8.790381892681716991e+00
1.950000000000000000e+02 7.902261969230831085e+01 5.981277992454462265e+02 1.070885916323829612e+01
1.970000000000000000e+02 6.687548151833178167e+01 4.943273950428186936e+02 6.152211874324189367e+00
1.990000000000000000e+02 1.085079842716461940e+02 5.981276354324739941e+02 5.594957978611663663e+00
2.010000000000000000e+02 1.298207671875828737e+02 5.981241453807344897e+02 7.353922464077608190e+00
2.030000000000000000e+02 7.830033797100537640e+01 5.981156490128818177e+02 1.081632656087264088e+01
2.050000000000000000e+02 3.539978728463877644e+01 5.253487921696302010e+02 4.325191551839179915e+00
2.070000000000000000e+02 9.833669258853116446e+01 5.980955642225911788e+02 8.733082923804103004e+00
2.090000000000000000e+02 9.295668632963106859e+01 5.682956831143509362e+02 1.714620161694464429e+01
2.110000000000000000e+02 8.992667401045483189e+01 5.283386303719087209e+02 9.810158765830614414e+00
2.130000000000000000e+02 1.051117947923508780e+02 5.981199420445921078e+02 1.024556390923143390e+01
2.150000000000000000e+02 1.016236480208422819e+02 5.981211840961300368e+02 7.314475421011374934e+00
2.170000000000000000e+02 7.541142720504431907e+01 5.586312093520202779e+02 7.316759457099056618e+00
2.190000000000000000e+02 5.855507128613805179e+01 3.099723347253170687e+02 9.927595466397358237e+00
2.210000000000000000e+02 7.118329652771178928e+01 3.098161396170402782e+02 6.253154875541154567e+00
2.230000000000000000e+02 6.587974881811766181e+01 3.808280309172287161e+02 6.527648212608315959e+00
2.250000000000000000e+02 7.374113579380227179e+01 5.981276744964280851e+02 1.058878372968738724e+01
2.270000000000000000e+02 5.192835249695097133e+01 5.051712443198056235e+02 1.250384128397296557e+01
2.290000000000000000e+02 8.576354034989655872e+01 4.703608107126987647e+02 1.342536743217399220e+01
2.310000000000000000e+02 7.650898603250124097e+01 4.674761898047437398e+02 1.728445797548866381e+01
2.330000000000000000e+02 9.776613087851718831e+01 3.114256647038478150e+02 1.097852924914707629e+01
2.350000000000000000e+02 9.835198901544615069e+01 3.659203838292275464e+02 9.413155738907571290e+00
2.370000000000000000e+02 7.643994370882029443e+01 4.572539012344665252e+02 1.309186408538369761e+01
2.390000000000000000e+02 7.681804953949657033e+01 5.276164539807543861e+02 1.349258186426045469e+01
2.410000000000000000e+02 9.868711990875300444e+01 5.981273506608623620e+02 1.815130308259083947e+01
2.430000000000000000e+02 7.331126927738223742e+01 5.561671118598802650e+02 5.118980878806542734e+00
2.450000000000000000e+02 8.810048466638673403e+01 5.981251535506661412e+02 8.851966902477080623e+00
2.470000000000000000e+02 6.619049407577460897e+01 5.981240023482656625e+02 1.592201081579218069e+01
2.490000000000000000e+02 7.523520072167660544e+01 4.758596422571153539e+02 1.168735569610708325e+01
2.510000000000000000e+02 6.255731295099435130e+01 4.899669347413112064e+02 8.686439375005562624e+00
2.530000000000000000e+02 5.713299464624299873e+01 4.589381036190326881e+02 8.953573885746525463e+00
2.550000000000000000e+02 6.279884927974824649e+01 4.746546579185125552e+02 1.196924479995282731e+01
2.570000000000000000e+02 6.294080275208946773e+01 5.981242339616185291e+02 5.725423392038067050e+00
2.590000000000000000e+02 1.096784832723006531e+02 5.981242261597147944e+02 3.252775936378787147e+00
2.610000000000000000e+02 1.446173023537709241e+02 5.981405359457977511e+02 4.402233570850422772e+00
2.630000000000000000e+02 1.063840602937824826e+02 5.302761186554628239e+02 7.237935909841239912e+00
2.650000000000000000e+02 5.504470917939362096e+01 4.810922706978249721e+02 5.773882983021749737e+00
2.670000000000000000e+02 6.902518072079267597e+01 5.981329019756136631e+02 7.567060745776104547e+00
2.690000000000000000e+02 7.956810189173168624e+01 5.819046508458243352e+02 9.079860564721403904e+00
2.710000000000000000e+02 9.623361927714286423e+01 4.042980118850766189e+02 7.253733765350373730e+00
2.730000000000000000e+02 6.771804107018192553e+01 4.281080090934249824e+02 9.998810381699279048e+00
2.750000000000000000e+02 5.445889832057937952e+01 3.741250764375524227e+02 7.637209626043236277e+00
2.770000000000000000e+02 8.711918831288794252e+01 4.064096454875176505e+02 1.118290710452625447e+01
2.790000000000000000e+02 9.968097418649030317e+01 4.524275745640419473e+02 1.135550967869325589e+01
2.810000000000000000e+02 7.684903710856360703e+01 4.578953700869032559e+02 9.439471021727486644e+00
2.830000000000000000e+02 5.812563169269098751e+01 4.169675591040648897e+02 8.104337815538118051e+00
2.850000000000000000e+02 6.911811722379763978e+01 5.065371108955952764e+02 5.740629066082242993e+00
2.870000000000000000e+02 7.580909267149533548e+01 5.981267226906417136e+02 6.876681292983545468e+00
2.890000000000000000e+02 1.017523591419541447e+02 3.235938834987219366e+02 6.665916948244082540e+00
2.910000000000000000e+02 1.075646826603539239e+02 2.993742389799057833e+02 5.909711797925303323e+00
2.930000000000000000e+02 6.477969805837098249e+01 5.981089747121801565e+02 9.759788700490457103e+00
2.950000000000000000e+02 7.024886081382197744e+01 4.143446407926489314e+02 1.405908052882253401e+01
2.970000000000000000e+02 7.907053147654752934e+01 4.592873136488654495e+02 1.780429472545917235e+01
2.990000000000000000e+02 8.242777198630764701e+01 5.981064870983217361e+02 8.073754887489920762e+00
3.010000000000000000e+02 1.344177280256725737e+02 5.981336600672641453e+02 9.735782853541383730e+00
3.030000000000000000e+02 8.247396108870498210e+01 5.774481069594772862e+02 1.654340600372566783e+01
3.050000000000000000e+02 7.206184928062201323e+01 5.981235018391970470e+02 1.602531729544776695e+01
3.070000000000000000e+02 8.593878980607610174e+01 5.981247658194893120e+02 9.199362096570212088e+00
3.090000000000000000e+02 7.584671603909245619e+01 3.814876574314014306e+02 1.345355453802072887e+01
3.110000000000000000e+02 8.781885288824727809e+01 4.193597987306704908e+02 1.933561958355187826e+01
3.130000000000000000e+02 8.773829915247335975e+01 4.422168070781132201e+02 9.472196283365713398e+00
3.150000000000000000e+02 7.729845719438395690e+01 4.143680523606432189e+02 1.186752208096912042e+01
3.170000000000000000e+02 6.738703098278271852e+01 5.028606913806045213e+02 1.578668978393778488e+01
3.190000000000000000e+02 6.825098532030644094e+01 4.349034907006833919e+02 1.057974282882588213e+01
3.210000000000000000e+02 7.875210080851852013e+01 5.980727345139666795e+02 1.556236449480852002e+01
3.230000000000000000e+02 7.895978556359760603e+01 5.776563989141424145e+02 1.670320991091578122e+01
3.250000000000000000e+02 5.955824856124610989e+01 5.867141963228203849e+02 6.958803749554691720e+00
3.270000000000000000e+02 5.501878320901099784e+01 3.896168597281569532e+02 1.327576776462033514e+01
3.290000000000000000e+02 1.010294653183443785e+02 3.551687453657150968e+02 1.242082335963700146e+01
3.310000000000000000e+02 1.032292981557413754e+02 3.298537255038866078e+02 1.806817100364348150e+01
3.330000000000000000e+02 8.331681309535012758e+01 5.982843228092896197e+02 1.235356094610101962e+01
3.350000000000000000e+02 4.773230866650097681e+01 5.981275867293300053e+02 1.310846952394307685e+01
3.370000000000000000e+02 6.114405591169385445e+01 5.981292623289665471e+02 9.381357301492746714e+00
3.390000000000000000e+02 4.696009732423021887e+01 5.981097882905335155e+02 4.873910227060379796e+00
3.410000000000000000e+02 8.060850036909032212e+01 5.041113401525480526e+02 1.042058948688949727e+01
3.430000000000000000e+02 6.302406415731837086e+01 5.983432828455615891e+02 9.929174167827625297e+00
3.450000000000000000e+02 8.194273314945402831e+01 5.981254538425566807e+02 5.828118383650192413e+00
3.470000000000000000e+02 9.412639575830742444e+01 4.721576398298537356e+02 1.208049686945651935e+01
3.490000000000000000e+02 8.702459602016277529e+01 5.070483890425573463e+02 8.879164255610364265e+00
3.510000000000000000e+02 1.866506971397497239e+01 5.237391835161020026e+02 6.955997124154698064e+00
3.530000000000000000e+02 2.726617097715119087e+01 5.985190512623011045e+02 5.166405994142375668e+00
3.550000000000000000e+02 3.501292959522210424e+01 5.393860491471310752e+02 5.609659945059870978e+00
3.570000000000000000e+02 2.214483217988846775e+01 5.327514913119863422e+02 9.057646273689682559e+00
3.590000000000000000e+02 3.795103605655749135e+01 5.981268176051542014e+02 9.876864377469193101e+00
3.610000000000000000e+02 4.344043813297412271e+01 5.981473545827916496e+02 1.324732261629531571e+01
3.630000000000000000e+02 6.108444401018705605e+01 4.631856928296323872e+02 1.247393620047000162e+01
3.650000000000000000e+02 6.894037375267251377e+01 5.349210389716329246e+02 1.481697266594941276e+01
3.670000000000000000e+02 5.677062156905563484e+01 4.902013627156096049e+02 1.154195539758371503e+01
3.690000000000000000e+02 5.714720022557459345e+01 5.981489700580123099e+02 7.874133696520280168e+00
3.710000000000000000e+02 6.339170459947971636e+01 5.918888118406852072e+02 1.356257693846518464e+01
3.730000000000000000e+02 6.062356022888607754e+01 4.821844499060173916e+02 7.378827716343907106e+00
3.750000000000000000e+02 6.612795472765931493e+01 3.814402760140825421e+02 7.663964296014430744e+00
3.770000000000000000e+02 1.022891226742359123e+02 4.755305932629618155e+02 8.197048527196177048e+00
3.790000000000000000e+02 9.123315559828996868e+01 5.075980514547069902e+02 7.386967397363283006e+00
3.810000000000000000e+02 1.081424572743728021e+02 5.981252173427731123e+02 9.943694818339377406e+00
3.830000000000000000e+02 8.376387467973680145e+01 5.981253582377921703e+02 6.218282058567384141e+00
3.850000000000000000e+02 8.828609154729043951e+01 5.981250994597575072e+02 1.496110180344639673e+01
3.870000000000000000e+02 7.577443485152996061e+01 5.981260711652247437e+02 1.487177786517411526e+01
3.890000000000000000e+02 4.958967263719424068e+01 5.982010649714239889e+02 8.869605658930867165e+00
3.910000000000000000e+02 8.010723648363173766e+01 3.998767785716621006e+02 1.305435338212178387e+01
3.930000000000000000e+02 9.406779465089580583e+01 4.362551758626038350e+02 8.208732585092748835e+00
3.950000000000000000e+02 7.829514292014589216e+01 3.783405757645637095e+02 8.429089299242759736e+00
3.970000000000000000e+02 8.896414053934421418e+01 5.153948328436763404e+02 8.179118006321393963e+00
3.990000000000000000e+02 6.711106904825643937e+01 3.340363940411683643e+02 1.010591109338343863e+01
4.010000000000000000e+02 6.406341899795293671e+01 4.572706706583144296e+02 7.427807542556003284e+00
4.030000000000000000e+02 6.815953823871370787e+01 4.116836753573043097e+02 7.028664668151201944e+00
4.050000000000000000e+02 4.085372428650999410e+01 4.476921725658426112e+02 9.059620088203120147e+00
4.070000000000000000e+02 6.075402881337011252e+01 4.511470389832908268e+02 8.000234773390909382e+00
4.090000000000000000e+02 5.769632801528796051e+01 5.981273631545319631e+02 9.962844682539792274e+00
4.110000000000000000e+02 6.539400503915096863e+01 5.981292036633502676e+02 1.786873584801946180e+01
4.130000000000000000e+02 6.591071709502610076e+01 4.616335943371022381e+02 1.666940567804597251e+01
4.150000000000000000e+02 5.704673053114069603e+01 3.852474636068990321e+02 1.327082539146459261e+01
4.170000000000000000e+02 5.855585115250379857e+01 5.981095594844092602e+02 9.842344210569695662e+00
4.190000000000000000e+02 6.814522175223301304e+01 4.837349592889323162e+02 1.017631865147336612e+01
4.210000000000000000e+02 8.428514731300674612e+01 3.705129570173381808e+02 9.236392557272967707e+00
4.230000000000000000e+02 4.341764148738826634e+01 3.446371955106000655e+02 9.159370769854904282e+00
4.250000000000000000e+02 1.828236498302987201e+01 3.319746494211659069e+02 2.363663446277793057e+01
4.270000000000000000e+02 2.231304449638053811e+01 3.182077710758407534e+02 9.217697915487183025e+01
4.290000000000000000e+02 2.018499007210896679e+01 3.169976072326536496e+02 7.541966284819027067e+01
4.310000000000000000e+02 2.133290326152875949e+01 3.550371043708959178e+02 4.994463893060006399e+01
4.330000000000000000e+02 1.656058408794791958e+01 3.319506254346392780e+02 6.094908367847344977e+01
4.350000000000000000e+02 2.042839389754874801e+01 3.176435285249934282e+02 9.402969490974122380e+01
4.370000000000000000e+02 2.339680589548035172e+01 3.199753830653037880e+02 5.999352199607464087e+01
4.390000000000000000e+02 2.518974368180125722e+01 3.381663114753560535e+02 2.514476993360744643e+02
4.410000000000000000e+02 2.416623056705685357e+01 3.316957529616715874e+02 3.085503502819201458e+02
4.430000000000000000e+02 2.168747698102784227e+01 3.023205276856479600e+02 5.539646032841803702e+01
4.450000000000000000e+02 2.316585247896719579e+01 3.486437291467574937e+02 4.408830862921568894e+01
4.470000000000000000e+02 1.808175733839772192e+01 3.695644777973136570e+02 6.954486799124752849e+01
4.490000000000000000e+02 1.778951950759674006e+01 3.722093711898953643e+02 4.679422458971303200e+01
4.510000000000000000e+02 2.598135716169321086e+01 3.371298759281883122e+02 7.906116646710239593e+01
4.530000000000000000e+02 2.613895725848433216e+01 3.864737615591760687e+02 7.820158055448268897e+01
4.550000000000000000e+02 2.782207038579253577e+01 5.336668148030330485e+02 3.436750458677788345e+01
4.570000000000000000e+02 2.568715105536018228e+01 3.849611208684767689e+02 2.753578930894199672e+01
4.590000000000000000e+02 3.720381112643624277e+01 4.011758515909502307e+02 1.503885241064286404e+01
4.610000000000000000e+02 1.941540157481417594e+01 3.176351115793140139e+02 2.174613830325941066e+01
4.630000000000000000e+02 2.351848176208391195e+01 3.020870244662471578e+02 2.369394561149486478e+01
4.650000000000000000e+02 1.901355467784405917e+01 2.993768827394485470e+02 1.786391206579081015e+01
4.670000000000000000e+02 2.791939492006806844e+01 2.993759242400200264e+02 4.421167232501317557e+01
4.690000000000000000e+02 2.515566271760847172e+01 2.993886231248100103e+02 2.206591224474282953e+01
4.710000000000000000e+02 1.844712565010464189e+01 3.173337518807684319e+02 1.867313608332968045e+01
4.730000000000000000e+02 1.752693922639036117e+01 2.993770172867643282e+02 1.616923859760425231e+01
4.750000000000000000e+02 3.096420646831925083e+01 4.397693114725207693e+02 1.491004750086319142e+01
4.770000000000000000e+02 6.741483477135129476e+01 5.981276329673828513e+02 2.107281910461308883e+01
4.790000000000000000e+02 5.756821118832204576e+01 5.981279914100686028e+02 1.569921027859116691e+01
4.810000000000000000e+02 8.248230048389869751e+01 5.981233749144913645e+02 1.631871903630281295e+01
4.830000000000000000e+02 9.015318168669035970e+01 5.981247467827510036e+02 1.472546476844754437e+01
4.850000000000000000e+02 7.802785034526878860e+01 5.981230933319521910e+02 1.189205645550200963e+01
4.870000000000000000e+02 6.272136020865958272e+01 4.409841342419560988e+02 8.151235956514669923e+00
4.890000000000000000e+02 5.910417971236611123e+01 3.093706147011949952e+02 1.130847213948003827e+01
4.910000000000000000e+02 4.322927901694824016e+01 5.644109442428606371e+02 6.424564458086808649e+00
4.930000000000000000e+02 9.546772264454712342e+01 5.981238796777109883e+02 8.308005325303961186e+00
4.950000000000000000e+02 9.473560408841315450e+01 5.981250629650602377e+02 1.669467602476772683e+01
4.970000000000000000e+02 9.988558466821382353e+01 5.981245289783742010e+02 1.116695314365705727e+01
4.990000000000000000e+02 7.443524575047850078e+01 5.981251986347617731e+02 1.121936996778408613e+01
5.010000000000000000e+02 1.084471858635732531e+02 5.981266981307423976e+02 7.978450280215295898e+00
5.030000000000000000e+02 8.253793858549539664e+01 5.382700827397608236e+02 1.079893394549745622e+01
5.050000000000000000e+02 8.052909255397965183e+01 3.898664756438028007e+02 1.152885792233252182e+01
5.070000000000000000e+02 1.118198329152855592e+02 5.981197837885929403e+02 5.124001153331311897e+00
5.090000000000000000e+02 9.707973311315956266e+01 4.879877355179248752e+02 6.959646449503797072e+00
5.110000000000000000e+02 1.139949195184378112e+02 5.725282895201291922e+02 1.422097097261789500e+01
5.130000000000000000e+02 1.179617766980336597e+02 5.981239046189548390e+02 2.304163741803520082e+01
5.150000000000000000e+02 9.484099726518114437e+01 5.188199799515100494e+02 1.837981847408777725e+01
5.170000000000000000e+02 9.472658157271530399e+01 4.447738419522768822e+02 1.169798958421795732e+01
5.190000000000000000e+02 8.544083282085762221e+01 5.549729067400919575e+02 8.803479905883262902e+00
5.210000000000000000e+02 9.527248826246474778e+01 3.032486983574434021e+02 1.623003757403773406e+01
5.230000000000000000e+02 9.956732053865589194e+01 4.259882940847590476e+02 2.188238472435155657e+01
5.250000000000000000e+02 1.038993228798409092e+02 5.981247692667670890e+02 8.000613919419347297e+00
5.270000000000000000e+02 6.258662361038267363e+01 3.510321821793988875e+02 8.064233376289710264e+00
5.290000000000000000e+02 6.924986170879347469e+01 4.378340533337460556e+02 1.265897588253160144e+01
5.310000000000000000e+02 7.556068852809133318e+01 3.643890687441675595e+02 8.353447338832049596e+00
5.330000000000000000e+02 6.860235194734114827e+01 3.710831917339226038e+02 1.097124545898753389e+01
5.350000000000000000e+02 6.205756675784007825e+01 4.549463982705581770e+02 1.505488397019534474e+01
5.370000000000000000e+02 5.298596065276754530e+01 5.147998783166808607e+02 1.446183539767755555e+01
5.390000000000000000e+02 9.168148984112460198e+01 3.422268478645091250e+02 7.731383885807352918e+00
5.410000000000000000e+02 9.064869277983524398e+01 2.993279373647924331e+02 7.977622903704147284e+00
5.430000000000000000e+02 8.789935222359798672e+01 3.310010296162899976e+02 6.099356485322589450e+00
5.450000000000000000e+02 9.290697101544711245e+01 4.511120524023170901e+02 8.382337584688485776e+00
5.470000000000000000e+02 7.265830938802363903e+01 5.259900570563036126e+02 8.209857775040285688e+00
5.490000000000000000e+02 8.037630333009921912e+01 5.571269472530126450e+02 1.260862611717763571e+01
5.510000000000000000e+02 1.331025071588274216e+02 5.981082679760161227e+02 1.153085218512311982e+01
5.530000000000000000e+02 9.889986139026063938e+01 4.486545874686765387e+02 2.043276709548747405e+01
5.550000000000000000e+02 9.843737342620779884e+01 4.404786827752556064e+02 1.807024889614006113e+01
5.570000000000000000e+02 1.064456131984940441e+02 4.546178825069830509e+02 1.469554891870079061e+01
5.590000000000000000e+02 6.416181350415860152e+01 5.981243500332185477e+02 1.260408796263858378e+01
5.610000000000000000e+02 8.304735730561095863e+01 5.981262585629267505e+02 9.482505147800836198e+00
5.630000000000000000e+02 7.902299709794249338e+01 3.913671031252974331e+02 1.072840587959236736e+01
5.650000000000000000e+02 7.476356765351580691e+01 4.034101487610562344e+02 1.049676869015707759e+01
5.670000000000000000e+02 9.933562960694010258e+01 5.981235829080504800e+02 9.894473087833919323e+00
5.690000000000000000e+02 7.117591988225363764e+01 5.080459218784463360e+02 1.211829878093206680e+01
5.710000000000000000e+02 8.008135688106527539e+01 3.866665284650255217e+02 1.352724031335435839e+01
5.730000000000000000e+02 9.413891673606995880e+01 3.253282104975315860e+02 6.767923905619625202e+00
5.750000000000000000e+02 7.767456341829389999e+01 4.654848114542920712e+02 7.900579170015786801e+00
5.770000000000000000e+02 7.858261770296701343e+01 5.900863365000316207e+02 6.416277167634127032e+00
5.790000000000000000e+02 6.306504007718019977e+01 3.968306175444121777e+02 9.051206874695136406e+00
5.810000000000000000e+02 8.085953193128538885e+01 3.967593975006255960e+02 8.804678591523176223e+00
5.830000000000000000e+02 8.437587948250067882e+01 3.171425718312677873e+02 7.445582582731316457e+00
5.850000000000000000e+02 8.592191437204961346e+01 2.993745259193967740e+02 1.059468321605204544e+01
5.870000000000000000e+02 9.702793179497044207e+01 4.394334524603627870e+02 9.004954681648463577e+00
5.890000000000000000e+02 1.112786414316662018e+02 5.981182022074490305e+02 1.759908517340564771e+01
5.910000000000000000e+02 1.167594719940893810e+02 5.981381143818072132e+02 1.079174533143684656e+01
5.930000000000000000e+02 1.140607657374389987e+02 5.981252275759338772e+02 6.823539267590831514e+00
5.950000000000000000e+02 6.313449414493633327e+01 5.981280876525382837e+02 1.023074856227430374e+01
5.970000000000000000e+02 6.915600324508643837e+01 5.255374033790503745e+02 1.298972733740354535e+01
5.990000000000000000e+02 6.595130436846486077e+01 4.808857261100044411e+02 8.545965380504460640e+00
6.010000000000000000e+02 8.780272635999547504e+01 4.137869742995999900e+02 1.223339861049734800e+01
6.030000000000000000e+02 9.109128541716907534e+01 5.981287316620866932e+02 2.359698776393157260e+01
6.050000000000000000e+02 7.070885151329008522e+01 5.981057005477201756e+02 1.950333644108692610e+01
6.070000000000000000e+02 6.876607289524294231e+01 5.525836422568809212e+02 1.143664975553572738e+01
6.090000000000000000e+02 7.704624469788632268e+01 3.738818818488288116e+02 5.400901630264437259e+00
6.110000000000000000e+02 9.831534445106446185e+01 2.993717626537131764e+02 5.337133936120385336e+00
6.130000000000000000e+02 1.026226929338012184e+02 4.543944125297740584e+02 1.045546283978544011e+01
6.150000000000000000e+02 1.080935463761730375e+02 5.473267264285375404e+02 1.593116048009148855e+01
6.170000000000000000e+02 1.075794715095995997e+02 5.503267247599345637e+02 9.964964491899600318e+00
6.190000000000000000e+02 1.028953068783631579e+02 5.981146103794986857e+02 6.514317567149895183e+00
6.210000000000000000e+02 5.002620311871198311e+01 4.965783118256542821e+02 7.019604082864591810e+00
6.230000000000000000e+02 7.062942355149688467e+01 5.585047744673815941e+02 1.056464122012787143e+01
6.250000000000000000e+02 7.644934380194617063e+01 5.901810631849439233e+02 1.047500483097521595e+01
6.270000000000000000e+02 9.427334786437937453e+01 5.099033694527000762e+02 1.559626549597343725e+01
6.290000000000000000e+02 1.124431340576062723e+02 5.080558201545053407e+02 2.529594807822063629e+01
6.310000000000000000e+02 1.085443723689650142e+02 4.616610905136845417e+02 1.743153121919979043e+01
6.330000000000000000e+02 1.155293533482286534e+02 4.478373965283160487e+02 1.764209239464246082e+01
6.350000000000000000e+02 1.448530074348893208e+02 5.981334964113239039e+02 6.162005309080245574e+00
6.370000000000000000e+02 4.474894110111308976e+01 5.981239520616448999e+02 5.943326378555746636e+00
6.390000000000000000e+02 5.803550278606167723e+01 3.851881555215959452e+02 1.281454473622769896e+01
6.410000000000000000e+02 5.737876897492717632e+01 3.759161684579532903e+02 1.208829348347428834e+01
6.430000000000000000e+02 8.187439706881166046e+01 3.929516293967842557e+02 9.187718079050371855e+00
6.450000000000000000e+02 6.637445810830668336e+01 5.085523888877008289e+02 9.241932607377140840e+00
6.470000000000000000e+02 8.614594150991069910e+01 5.829591574976268475e+02 1.426473662815486598e+01
6.490000000000000000e+02 9.315187950025489272e+01 4.049613594616563432e+02 1.830841294296783772e+01
6.510000000000000000e+02 9.397198128060644251e+01 3.659925158582609583e+02 2.354903940513489857e+01
6.530000000000000000e+02 8.226193409807395085e+01 4.202530094341407221e+02 1.577445172964972109e+01
6.550000000000000000e+02 6.488678528914425669e+01 5.048563432043904982e+02 1.882547204028883314e+01
6.570000000000000000e+02 6.671882449029494921e+01 4.742111363121342151e+02 1.209608288802893661e+01
6.590000000000000000e+02 8.283410006433376793e+01 4.359677020310458033e+02 1.022524300280702292e+01
6.610000000000000000e+02 1.214626127281161700e+02 3.269639212227040161e+02 8.997667102682736839e+00
6.630000000000000000e+02 8.625017504861497741e+01 5.981242468184369727e+02 7.672569068247542923e+00
6.650000000000000000e+02 9.515573799062828186e+01 5.981234998934985470e+02 6.908384623294578475e+00
6.670000000000000000e+02 -4.014114367973208175e+01 5.981236209526966832e+02 3.659696200435386348e+00
6.690000000000000000e+02 -5.376216213631118279e+01 3.311928983762614394e+02 2.634326299258150872e+00
6.710000000000000000e+02 7.526473345947452742e+01 5.981267902330324659e+02 3.521250551015232322e+00
6.730000000000000000e+02 7.716459626334454924e+01 5.981304839293551368e+02 5.045506410348354898e+00
6.750000000000000000e+02 7.234522530306719545e+01 4.561986166655023567e+02 5.125439204257811632e+00
6.770000000000000000e+02 1.083131686891319703e+02 5.981274624450549027e+02 8.487569961542947183e+00
6.790000000000000000e+02 1.152185498667466419e+02 3.870042034723893494e+02 8.410831165438404255e+00
6.810000000000000000e+02 9.416637012955408181e+01 4.118848959525669784e+02 6.753550754114882260e+00
6.830000000000000000e+02 7.817704896353700406e+01 3.993175869882963411e+02 6.509941836606984999e+00
6.850000000000000000e+02 8.661572027164226029e+01 4.723741602527255736e+02 6.487560511311062150e+00
6.870000000000000000e+02 8.073913673306765304e+01 4.247784487330421825e+02 5.961096732495765771e+00
6.890000000000000000e+02 7.929849536131176535e+01 3.467434510343689453e+02 4.122777298885062613e+00
6.910000000000000000e+02 7.585832946143784739e+01 3.827181688078866841e+02 5.725017597247676449e+00
6.930000000000000000e+02 8.079574180927311033e+01 4.160899494856078036e+02 3.968874877180527339e+00
6.950000000000000000e+02 1.164277407085940723e+02 5.262617736276121150e+02 4.527135574082294056e+00
6.970000000000000000e+02 1.331256035085527856e+02 5.474303384564016142e+02 4.939347705432139968e+00
6.990000000000000000e+02 8.456310233698468437e+01 4.381455238899672509e+02 1.245233778341745179e+01
7.010000000000000000e+02 8.760168450245662086e+01 4.035549956333254613e+02 1.250807593367615844e+01
7.030000000000000000e+02 8.512877585021139737e+01 4.590112006390473312e+02 7.596071344419232041e+00
7.050000000000000000e+02 6.956847002826309279e+01 5.851238867014322977e+02 1.246288989139191195e+01
7.070000000000000000e+02 7.788131229325590255e+01 5.900250556056414553e+02 1.197812560653363079e+01
7.090000000000000000e+02 6.640046923000718948e+01 3.852948540833304492e+02 7.829960302332912292e+00
7.110000000000000000e+02 3.065603520750341815e+01 5.981218265706279453e+02 1.152609205591607733e+01
7.130000000000000000e+02 4.900536136880476334e+01 5.981289612039722670e+02 1.128408294751759833e+01
7.150000000000000000e+02 7.522508758500960369e+01 5.981276924245373721e+02 6.797324859732190916e+00
7.170000000000000000e+02 9.254667610093966346e+01 5.981642020187595108e+02 5.765129383496473636e+00
7.190000000000000000e+02 7.833996487657185526e+01 4.670811716749967104e+02 5.445101230984739971e+00
7.210000000000000000e+02 6.062617530404057220e+01 5.913409751383245521e+02 7.741824469030188283e+00
7.230000000000000000e+02 6.234472372131063622e+01 4.951935454784511990e+02 6.069913742538042278e+00
7.250000000000000000e+02 6.204875021646633115e+01 5.722171088070749647e+02 7.065810266468231404e+00
7.270000000000000000e+02 6.421242346889607688e+01 5.848792565102276058e+02 9.474952700865957311e+00
7.290000000000000000e+02 5.897888928222563720e+01 2.993665342624786376e+02 7.992904098911956190e+00
7.310000000000000000e+02 7.458077549090955927e+01 2.993764223494725343e+02 6.698683453575323021e+00
7.330000000000000000e+02 9.431159448771839493e+01 3.494686213111324378e+02 9.923513458094497253e+00
7.350000000000000000e+02 9.505420781723037749e+01 5.667952278865218432e+02 1.351485748223501382e+01
7.370000000000000000e+02 1.249829175035200279e+02 3.201029730057672396e+02 1.107118994755970398e+01
7.390000000000000000e+02 1.118312280155013667e+02 5.277159132371459691e+02 1.398148656911418186e+01
7.410000000000000000e+02 9.268441567125401548e+01 5.981247400587051288e+02 9.691956397891928532e+00
7.430000000000000000e+02 7.750764797558728958e+01 5.890369082406001553e+02 8.591974818046077544e+00
7.450000000000000000e+02 8.651961406703442492e+01 4.676566617085806001e+02 1.236724638542837162e+01
7.470000000000000000e+02 7.792405587064784811e+01 4.715730248555926778e+02 1.440480816466433112e+01
7.490000000000000000e+02 7.211422713394080120e+01 4.376809589722463443e+02 1.693433666000329296e+01
7.510000000000000000e+02 6.313916837946129590e+01 3.942495949131755992e+02 1.050376489005004643e+01
7.530000000000000000e+02 4.879595542615348336e+01 4.140466740867488511e+02 8.317845161520565966e+00
7.550000000000000000e+02 8.000722114008082997e+01 4.826530226120942757e+02 8.109853444628162933e+00
7.570000000000000000e+02 1.008359796318681418e+02 5.981261999255619912e+02 8.993556947839991267e+00
7.590000000000000000e+02 7.984692678203060723e+01 5.981248935685016477e+02 7.591996097032754243e+00
7.610000000000000000e+02 8.210462250294676778e+01 3.389921771026287161e+02 1.191587053221114090e+01
7.630000000000000000e+02 7.853906048691312947e+01 3.543680523491811982e+02 8.071578117931677454e+00
7.650000000000000000e+02 7.998809802843391026e+01 5.011533531752041881e+02 6.002587865165108560e+00
7.670000000000000000e+02 7.613081078663309142e+01 4.141389479994841167e+02 8.782069948630434553e+00
7.690000000000000000e+02 9.815973040149617646e+01 4.738643912650621246e+02 1.487778724307344902e+01
7.710000000000000000e+02 1.021363024639132249e+02 4.950524083216326403e+02 9.109404673354646320e+00
7.730000000000000000e+02 8.885771805944389712e+01 5.981237184241127807e+02 1.509482900329384236e+01
7.750000000000000000e+02 1.038741544177090788e+02 5.981237500271307681e+02 1.073151014953861804e+01
7.770000000000000000e+02 1.257895222277170575e+02 5.594449558275940717e+02 6.941491108734759052e+00
7.790000000000000000e+02 1.059791951837894857e+02 5.079786312363964385e+02 1.045791797940588630e+01
7.810000000000000000e+02 9.389482441834562110e+01 5.736995828592688440e+02 9.388248606533453611e+00
7.830000000000000000e+02 5.181275541329080880e+01 5.981245239806078189e+02 8.299371564432226123e+00
7.850000000000000000e+02 6.313867100309686720e+01 5.442314924454502716e+02 7.675883578427104226e+00
7.870000000000000000e+02 5.598130766212180731e+01 5.508745623352111807e+02 1.024774738631539606e+01
7.890000000000000000e+02 9.470295667753238433e+01 5.981219854648695673e+02 1.240501200426455064e+01
7.910000000000000000e+02 1.079579487647669254e+02 5.981249255477479210e+02 9.655648798892997320e+00
7.930000000000000000e+02 7.665017299211281454e+01 5.981203515659016148e+02 8.245017348732188722e+00
7.950000000000000000e+02 8.885352021489212859e+01 5.981249739534456467e+02 7.421396978897419672e+00
7.970000000000000000e+02 9.749471412568513529e+01 5.981235674303585483e+02 9.648744993988149332e+00
7.990000000000000000e+02 1.219638046083496334e+02 3.267014618563505337e+02 4.099624456441545384e+00
8.010000000000000000e+02 8.378047445537808358e+01 2.993736163504149204e+02 5.620296071697331364e+00
8.030000000000000000e+02 9.793115896017219768e+01 5.516469785083062334e+02 5.882851222416283221e+00
8.050000000000000000e+02 8.994875784489171622e+01 5.981250636218848058e+02 9.145939556023304107e+00
8.070000000000000000e+02 6.397387458516799796e+01 5.981255231232070173e+02 7.684290074448715480e+00
8.090000000000000000e+02 7.905722750342249583e+01 3.968336820919096226e+02 8.295352932684540548e+00
8.110000000000000000e+02 8.531120370994874236e+01 5.374630959704300039e+02 1.550201205092239931e+01
8.130000000000000000e+02 9.149106663355962610e+01 3.859611667798648114e+02 8.028079050542036299e+00
8.150000000000000000e+02 9.582897128695317690e+01 4.019972359823803458e+02 1.712900398665524193e+01
8.170000000000000000e+02 1.042122166114302360e+02 4.880142800420057370e+02 2.206082701611508767e+01
8.190000000000000000e+02 1.006643323429758254e+02 4.784402505527813219e+02 2.016535234767517082e+01
8.210000000000000000e+02 1.307850413579506323e+02 3.682849864188812035e+02 1.130979613352955582e+01
8.230000000000000000e+02 1.331831844315482272e+02 5.250917276824985720e+02 7.913335149405154922e+00
8.250000000000000000e+02 1.079745599449004345e+02 5.220363043259097822e+02 9.228348422832310050e+00
8.270000000000000000e+02 9.993527564437233934e+01 4.848639631668909260e+02 9.171177825445182563e+00
8.290000000000000000e+02 1.023039812839250970e+02 5.981259559893339883e+02 8.558582411657233990e+00
8.310000000000000000e+02 8.147109669104860075e+01 5.981247530358023141e+02 1.036609127150143372e+01
8.330000000000000000e+02 1.004991715087932675e+02 3.506561803194662161e+02 1.158891777309866633e+01
8.350000000000000000e+02 9.846051502825980606e+01 3.350988965034210878e+02 1.151171530936893461e+01
8.370000000000000000e+02 1.060037740291903674e+02 5.610023586017468915e+02 9.715325428840422717e+00
8.390000000000000000e+02 1.227105363354300209e+02 4.772271326778251250e+02 7.949883289940054887e+00
8.410000000000000000e+02 1.031968925293031418e+02 4.070783799756032408e+02 1.204313076293657403e+01
8.430000000000000000e+02 9.786909508636335886e+01 4.343085168797728102e+02 1.449455142190524626e+01
8.450000000000000000e+02 8.416634618823931646e+01 3.413812615920109579e+02 1.041277113398190224e+01
8.470000000000000000e+02 7.741031714305884748e+01 3.376441961795105158e+02 1.160310200800322811e+01
8.490000000000000000e+02 6.935801785565487876e+01 3.355040443544621667e+02 1.663751881027697976e+01
8.510000000000000000e+02 6.583463735552315654e+01 3.433645860736630198e+02 8.004874901469738901e+00
8.530000000000000000e+02 7.806358543852272192e+01 5.981210408729987194e+02 8.546629916401226268e+00
8.550000000000000000e+02 7.137950157713591182e+01 5.178447609780364473e+02 9.944316407775849243e+00
8.570000000000000000e+02 9.085893539813847042e+01 3.260198536795015798e+02 6.827665583610643907e+00
8.590000000000000000e+02 9.418411540335320353e+01 3.737479495378336196e+02 6.724500845338150512e+00
8.610000000000000000e+02 8.393282870712447163e+01 3.143612012734604377e+02 5.036585090410524046e+00
8.630000000000000000e+02 8.591674373718809932e+01 3.859388514879040031e+02 7.678666110632356379e+00
8.650000000000000000e+02 7.960558122774378376e+01 3.626571462756337496e+02 1.036563049725633689e+01
8.670000000000000000e+02 7.028073431108974489e+01 3.858429768365882637e+02 5.261557231232753651e+00
8.690000000000000000e+02 6.981011775794296170e+01 4.860966793846320115e+02 6.343677719636017009e+00
8.710000000000000000e+02 8.119673921821291174e+01 4.039549089979732344e+02 6.554390195424348420e+00
8.730000000000000000e+02 7.785726470460103599e+01 3.282341119635811992e+02 7.639437653190909394e+00
8.750000000000000000e+02 7.473083367604040461e+01 4.604863073409174490e+02 5.065402297559884026e+00
8.770000000000000000e+02 4.872020821125173029e+01 5.981144022681435217e+02 6.545980347042429592e+00
8.790000000000000000e+02 6.824798308661728186e+01 4.868545049561979567e+02 8.275961597303060913e+00
8.810000000000000000e+02 9.510750661142807871e+01 5.364338084111612943e+02 1.317769698599726880e+01
8.830000000000000000e+02 1.029679641758029476e+02 4.801485842543448825e+02 1.114354325312901395e+01
8.850000000000000000e+02 1.182451513130362173e+02 5.981254618723008889e+02 9.857348594279329745e+00
8.870000000000000000e+02 1.020958782822693394e+02 5.981249144092772667e+02 6.380523945111267636e+00
8.890000000000000000e+02 8.905839634212854605e+01 5.981234718074924785e+02 1.039498963489021222e+01
8.910000000000000000e+02 8.016262038029873338e+01 4.575679692413861517e+02 2.654879082250256772e+01
8.930000000000000000e+02 8.338666449060842467e+01 3.911877914388705335e+02 1.861516442267142679e+01
