# InfraPy Beamforming (fk) Results
# 
# Data summary:
#     CC.KAUT.01.BDF	2023-05-08T13:05:30.940000Z - 2023-05-08T13:20:30.920000Z
#     CC.KAUT.02.BDF	2023-05-08T13:05:30.940000Z - 2023-05-08T13:20:30.920000Z
#     CC.KAUT.03.BDF	2023-05-08T13:05:30.940000Z - 2023-05-08T13:20:30.920000Z
# 
#   channel_cnt: 3
#   t0: 2023-05-08T13:05:30.940000Z
#   latitude: 46.730454
#   longitude: -121.857388
# 
# Algorithm parameters:
#   freq_min: 0.1
#   freq_max: 5.0
#   back_az_min: -180.0
#   back_az_max: 180.0
#   back_az_step: 2.0
#   trace_vel_min: 300.0
#   trace_vel_max: 600.0
#   trace_vel_step: 2.5
#   method: bartlett
#   signal_start: None
#   signal_end: None
#   window_len: 10.0
#   sub_window_len: None
#   window_step: 2.0
# 
# Time (rel t0) [s]      Back Az [deg]	           Tr. Velocity [m/s]       F-stat
5.000000000000000000e+00 9.779821834835573213e+01 5.980100698984193741e+02 4.458891895366182467e+00
7.000000000000000000e+00 1.062602656889175705e+02 5.230707506765120343e+02 3.974532094105655222e+00
9.000000000000000000e+00 1.017809708721999584e+02 3.929953167908490741e+02 3.786859807465333905e+00
1.100000000000000000e+01 5.001235323314031689e+01 3.346174240804120359e+02 3.775854163488358672e+00
1.300000000000000000e+01 9.559045083283348276e+01 5.981168004060135672e+02 4.860264151269703348e+00
1.500000000000000000e+01 8.771029245389748041e+01 4.944135021927062326e+02 4.341862009338651518e+00
1.700000000000000000e+01 6.410789139675610215e+01 3.349819530588414409e+02 3.576688730071925448e+00
1.900000000000000000e+01 7.739702075628937905e+01 4.195885779891117977e+02 4.406173437419103500e+00
2.100000000000000000e+01 1.015385453669477300e+02 4.970301036469432461e+02 6.529966281140964668e+00
2.300000000000000000e+01 1.184911696419467546e+02 5.523970907216853448e+02 5.680293928935599368e+00
2.500000000000000000e+01 1.009889563161688528e+02 4.629585479233865613e+02 4.297537281795865916e+00
2.700000000000000000e+01 7.128390102472005196e+01 5.022191461597628290e+02 3.964767836511209786e+00
2.900000000000000000e+01 1.746168630919081011e+02 5.981247603577938889e+02 3.579842236010053025e+00
3.100000000000000000e+01 1.407103957710246220e+02 5.981624970513605604e+02 4.678392312522918317e+00
3.300000000000000000e+01 1.014851921459021895e+02 4.515361447496565575e+02 5.609838858323292321e+00
3.500000000000000000e+01 1.068638183654125982e+02 5.253871383578956511e+02 4.729656463647074816e+00
3.700000000000000000e+01 8.879283300880793206e+01 5.981294744530055141e+02 5.623976170141819608e+00
3.900000000000000000e+01 -1.678401363043271033e+02 5.981243089908109596e+02 4.595340765990789222e+00
4.100000000000000000e+01 1.009765610611810445e+02 5.981284298237844723e+02 4.336068474570006437e+00
4.300000000000000000e+01 1.311786523518894967e+02 5.981352861799459788e+02 4.570920681685564091e+00
4.500000000000000000e+01 9.528556397936658584e+01 4.882351776709869569e+02 5.533806360291960935e+00
4.700000000000000000e+01 8.826415936294822018e+01 3.784012851817772685e+02 5.394572966428033745e+00
4.900000000000000000e+01 8.190455402853309863e+01 3.585257697734389808e+02 3.935060033511090349e+00
5.100000000000000000e+01 7.839169323166250081e+01 2.994439241887300795e+02 3.539974801443866781e+00
5.300000000000000000e+01 7.764570262311977444e+01 5.981174977598386704e+02 3.643559276608918207e+00
5.500000000000000000e+01 9.057970610624758478e+01 5.981331276136425004e+02 4.655687380614195625e+00
5.700000000000000000e+01 1.047384713620462406e+02 5.025507202782204104e+02 4.716703406349156857e+00
5.900000000000000000e+01 1.217683938483343553e+02 5.981222618884287385e+02 4.077565895688680442e+00
6.100000000000000000e+01 1.361588743475764147e+02 5.981267295543418641e+02 5.571729336120530007e+00
6.300000000000000000e+01 1.228762084880258101e+02 5.981320440316480926e+02 3.321275291545996655e+00
6.500000000000000000e+01 -1.747274563879125537e+02 5.981331177296962096e+02 3.439560851493256521e+00
6.700000000000000000e+01 1.228033954848499292e+02 5.981292265744853012e+02 4.269387612494005779e+00
6.900000000000000000e+01 6.650724400754575072e+01 5.981266818934916500e+02 3.330370230776237950e+00
7.100000000000000000e+01 1.132882194747639772e+02 5.981149848080294760e+02 3.836770729205063901e+00
7.300000000000000000e+01 1.664590894268226577e+02 5.981207414608397812e+02 3.255236958228858057e+00
7.500000000000000000e+01 -1.621904062548193508e+02 5.981236158133647223e+02 2.606038173091711485e+00
7.700000000000000000e+01 1.533521391881517673e+02 5.981165093967493931e+02 2.949100866253787867e+00
7.900000000000000000e+01 1.742475497554000583e+02 5.623927363069054763e+02 3.028555744624447765e+00
8.100000000000000000e+01 -1.529661007168339211e+02 5.981541216202791702e+02 2.669056490681220861e+00
8.300000000000000000e+01 -1.771743665422420406e+02 4.523766369812440757e+02 2.138798317698953788e+00
8.500000000000000000e+01 -1.758632328300911070e+02 4.783426934898180320e+02 4.422152972582896524e+00
8.700000000000000000e+01 -1.647020425488811384e+02 5.601716137542467777e+02 4.449979333016043981e+00
8.900000000000000000e+01 1.089260941578101409e+02 5.981321245473213821e+02 4.414988271067826986e+00
9.100000000000000000e+01 1.273137798466253230e+02 5.981255809459585180e+02 4.881951217656281372e+00
9.300000000000000000e+01 1.767278183761968080e+02 4.505320889169303769e+02 3.315154946655491042e+00
9.500000000000000000e+01 -1.487195654764913968e+02 3.496755271854441958e+02 2.966661739211635229e+00
9.700000000000000000e+01 -1.568575028151346942e+02 4.844484417926228161e+02 3.287040619512752393e+00
9.900000000000000000e+01 6.718184844678043532e+01 5.981197550650201720e+02 5.165285473831671581e+00
1.010000000000000000e+02 6.776005691873804437e+01 5.981205115821235268e+02 3.876817077710040138e+00
1.030000000000000000e+02 6.479015089694667040e+01 5.603025589443361696e+02 4.125683579071862894e+00
1.050000000000000000e+02 -1.773091928414565359e+02 5.981045867069038877e+02 3.790309212349344481e+00
1.070000000000000000e+02 -1.776800133501236303e+02 5.638476509977799651e+02 3.999333922695446741e+00
1.090000000000000000e+02 1.192463294590529159e+02 5.981203662229113434e+02 5.177900373786001431e+00
1.110000000000000000e+02 9.279278504247625392e+01 5.981315665528435375e+02 4.766681701445184771e+00
1.130000000000000000e+02 1.143096500770646173e+02 5.981502827305574783e+02 4.128829631245377385e+00
1.150000000000000000e+02 -1.805114241724960777e+02 5.981383035563439989e+02 3.490248249857397678e+00
1.170000000000000000e+02 1.722413637730688549e+02 5.981313608684449719e+02 3.969759307825728722e+00
1.190000000000000000e+02 5.855856857140618388e+01 5.981220912562774856e+02 4.513602979615339628e+00
1.210000000000000000e+02 4.998191514311763939e+01 4.080840336058951721e+02 4.292454817479767648e+00
1.230000000000000000e+02 5.985141913171320027e+01 2.993758915509776557e+02 4.014007427005424233e+00
1.250000000000000000e+02 -1.779499373665202882e+02 5.981243229951290914e+02 3.352356626305117437e+00
1.270000000000000000e+02 1.589614953757638602e+02 5.981229248551696855e+02 3.914374247522249828e+00
1.290000000000000000e+02 9.492375511934224619e+01 5.981296742745580559e+02 3.711803132455044452e+00
1.310000000000000000e+02 7.299187001750995307e+01 4.325323952843360189e+02 4.352950287139315755e+00
1.330000000000000000e+02 7.758944956793993697e+01 4.719299102811253306e+02 4.302544129471336909e+00
1.350000000000000000e+02 7.215350192083857905e+01 5.061105203395578087e+02 4.668840730238543735e+00
1.370000000000000000e+02 7.259747803655224629e+01 4.240786505529114265e+02 4.067017562427578170e+00
1.390000000000000000e+02 6.542218509784510161e+01 3.083627561539138355e+02 3.133700191440800253e+00
1.410000000000000000e+02 1.004485240886471047e+02 5.981442116167119138e+02 3.527168251059116688e+00
1.430000000000000000e+02 1.047224243369939813e+02 5.981303510468997047e+02 4.432227352253946151e+00
1.450000000000000000e+02 9.225223071881677583e+01 5.121669384601351567e+02 3.914523386885212730e+00
1.470000000000000000e+02 1.209225354977187550e+02 5.981318114769975409e+02 3.311639852018136487e+00
1.490000000000000000e+02 1.693314480449993766e+02 5.981266933830072503e+02 4.113622703808485603e+00
1.510000000000000000e+02 5.773582064764521249e+01 5.135592206430388842e+02 4.204474752554563821e+00
1.530000000000000000e+02 6.896931823515821236e+01 3.323278724918249054e+02 3.053856096977576762e+00
1.550000000000000000e+02 1.374648824575272670e+02 5.981234980050868444e+02 4.331231654777361051e+00
1.570000000000000000e+02 1.104939601570016094e+02 5.981366100004206601e+02 4.631976155910045634e+00
1.590000000000000000e+02 8.877059626878588006e+01 4.814777131776737633e+02 4.321629887515546997e+00
1.610000000000000000e+02 7.377798055167616553e+01 5.981273573510173946e+02 4.814960837389415715e+00
1.630000000000000000e+02 1.567163156552969738e+01 5.981161236255281892e+02 3.793612783940156774e+00
1.650000000000000000e+02 1.617943857514463559e+02 5.981277294660118287e+02 3.845202664858482944e+00
1.670000000000000000e+02 1.498246519425974554e+02 5.981282810969819366e+02 3.665626557376942873e+00
1.690000000000000000e+02 3.615370320352633371e+01 2.993752099983704511e+02 3.891545136410277106e+00
1.710000000000000000e+02 6.509628695446771474e+01 4.525913201409584872e+02 4.768876803646760365e+00
1.730000000000000000e+02 7.008687285848297677e+01 5.981248397982543565e+02 4.203680349685354756e+00
1.750000000000000000e+02 5.657360069875585395e+01 5.556994245639356222e+02 4.018272367938628520e+00
1.770000000000000000e+02 1.005525290702299799e+02 5.981305810542667132e+02 5.470672443576268584e+00
1.790000000000000000e+02 7.582762586646725822e+01 5.196658184895017030e+02 4.433691116935569276e+00
1.810000000000000000e+02 8.009876851439382506e+01 4.379084181325702048e+02 3.916471640452944047e+00
1.830000000000000000e+02 1.108756596174787887e+02 5.981352668526005800e+02 4.031913166685063388e+00
1.850000000000000000e+02 6.792861125120990096e+01 5.981250782627876106e+02 4.016050137833846456e+00
1.870000000000000000e+02 5.186092728576944211e+01 3.814255022350274658e+02 3.971900310642510146e+00
1.890000000000000000e+02 5.362732095763259821e+01 3.552624630241085129e+02 5.103509472987108886e+00
1.910000000000000000e+02 5.461041315546671626e+01 3.124711553861175730e+02 4.270106363150831363e+00
1.930000000000000000e+02 1.064576787179989878e+02 5.981299561455936100e+02 3.647424472505027992e+00
1.950000000000000000e+02 -1.767154987200711389e+02 5.981330387085084794e+02 3.665712933253182371e+00
1.970000000000000000e+02 7.064778885945446518e+01 4.255033512932094482e+02 3.444902948417146504e+00
1.990000000000000000e+02 -1.757274898137335981e+02 4.644469146543091256e+02 4.277227935843373352e+00
2.010000000000000000e+02 -1.805101546857352162e+02 5.981514370751760907e+02 5.398780845187995503e+00
2.030000000000000000e+02 1.784835988324285267e+02 5.981212327293380895e+02 4.348718335432998572e+00
2.050000000000000000e+02 6.323123795699542882e+01 3.253729768271138028e+02 3.915397369636879787e+00
2.070000000000000000e+02 5.967926559505919926e+01 3.694298794568012454e+02 4.509342823213916773e+00
2.090000000000000000e+02 9.333171541046313280e+01 5.981181744336570318e+02 4.837751236303966529e+00
2.110000000000000000e+02 1.518334976558807057e+02 5.981236141329010252e+02 4.140464089332485109e+00
2.130000000000000000e+02 -1.372944915102563641e+02 5.980691262070600942e+02 3.533373321451224847e+00
2.150000000000000000e+02 7.019742983009921033e+01 2.993754423605647617e+02 3.514473579437630946e+00
2.170000000000000000e+02 6.855205535379316473e+01 2.993767880341572436e+02 3.250602158599780633e+00
2.190000000000000000e+02 6.185832316620073357e+01 2.993745332531204895e+02 3.226104819976111315e+00
2.210000000000000000e+02 -1.379646204351165863e+02 2.993437187968208377e+02 3.584448492250011498e+00
2.230000000000000000e+02 -1.388618519836416567e+02 3.997282411326629585e+02 2.801765270052797074e+00
2.250000000000000000e+02 7.835445725385042692e+01 5.981246007233879709e+02 3.463386240778763892e+00
2.270000000000000000e+02 8.255500130662356639e+01 5.981231340192684911e+02 5.596034988685845590e+00
2.290000000000000000e+02 8.948450385869746526e+01 5.981179005358586664e+02 4.783210681490589700e+00
2.310000000000000000e+02 -1.594771716385484694e+02 5.981160796225234435e+02 4.516820041416963250e+00
2.330000000000000000e+02 1.425479877015969237e+02 5.981279340571430794e+02 4.866469500848491059e+00
2.350000000000000000e+02 1.548625565347791166e+02 5.981253826293233260e+02 5.412831977656289872e+00
2.370000000000000000e+02 -1.730880284665622924e+02 5.981070720706228485e+02 4.500659696084795769e+00
2.390000000000000000e+02 7.859499612368793464e+01 3.858194998068436803e+02 4.178400600706647872e+00
2.410000000000000000e+02 1.018000496404151818e+02 4.688921987348405764e+02 5.653046373193993723e+00
2.430000000000000000e+02 1.434581918382657193e+02 5.981214599891056878e+02 3.356425573915591709e+00
2.450000000000000000e+02 -1.034559621351880452e+02 5.981245381224964603e+02 4.495502634807615472e+00
2.470000000000000000e+02 -1.029225168757068474e+02 5.981249966656747574e+02 5.276843590255530181e+00
2.490000000000000000e+02 -1.697338632404432701e+02 5.980895404194772027e+02 4.129443605562621578e+00
2.510000000000000000e+02 8.308416148221405706e+01 2.993622037764364450e+02 3.443505798864781031e+00
2.530000000000000000e+02 1.018726200627747573e+02 4.377158680392733459e+02 3.650399735865207607e+00
2.550000000000000000e+02 1.407242443528330398e+02 5.981303429615275036e+02 4.628947406090411221e+00
2.570000000000000000e+02 1.613076736867592160e+02 5.981282214958234817e+02 3.133059617246204187e+00
2.590000000000000000e+02 4.892934135135885754e+01 5.122346514384647662e+02 2.981700848152304406e+00
2.610000000000000000e+02 7.204166631231042572e+01 5.981255712398938158e+02 3.315545282930172810e+00
2.630000000000000000e+02 1.231823716830169104e+02 5.981198001909829145e+02 5.035475706741745938e+00
2.650000000000000000e+02 1.113280298314201531e+02 5.981204114009286741e+02 4.099174601771117032e+00
2.670000000000000000e+02 -1.577539938003667714e+02 5.981235675057220078e+02 3.592198852083326344e+00
2.690000000000000000e+02 6.851082046859858110e+01 2.993824293795057656e+02 3.496463244874751464e+00
2.710000000000000000e+02 7.872337464467713630e+01 2.993965098591225455e+02 3.889789406200869326e+00
2.730000000000000000e+02 9.062573539037431658e+01 3.604776133884859064e+02 4.270581137183834031e+00
2.750000000000000000e+02 7.379121824901037030e+01 2.993707524748033961e+02 3.284142736399565887e+00
2.770000000000000000e+02 7.316630787639172695e+01 5.981051796735117705e+02 4.096719551966134354e+00
2.790000000000000000e+02 -1.687812848278198885e+02 5.981275570989503194e+02 4.050561349079286444e+00
2.810000000000000000e+02 7.067937488310548133e+01 5.125974819336519204e+02 5.485227040827799883e+00
2.830000000000000000e+02 6.944414291472230616e+01 5.076174933513247538e+02 5.870382136192467293e+00
2.850000000000000000e+02 7.906338084535761368e+01 5.476131675218640567e+02 3.862318653582949679e+00
2.870000000000000000e+02 6.751303491758496023e+01 5.981169439473478633e+02 3.465797720759757894e+00
2.890000000000000000e+02 1.604180420349043743e+02 5.981259182599624182e+02 3.430568651599330554e+00
2.910000000000000000e+02 -1.706880905150858041e+02 4.841191124687629213e+02 3.957044517501938863e+00
2.930000000000000000e+02 6.416094621784520768e+01 2.993753700160729636e+02 3.699370909005781805e+00
2.950000000000000000e+02 6.569999254653811249e+01 2.993638142366543775e+02 3.742996350680218853e+00
2.970000000000000000e+02 6.110852057925659864e+01 3.068477998650002405e+02 4.040109333651845880e+00
2.990000000000000000e+02 6.987403446641026505e+01 4.472526464878235970e+02 4.432598741839414380e+00
3.010000000000000000e+02 5.905593754148800656e+01 3.250934171902263188e+02 4.064778140529091921e+00
3.030000000000000000e+02 -1.418471646676080695e+02 5.981212359284088507e+02 4.821041534347238589e+00
3.050000000000000000e+02 -1.495803473839244475e+02 5.981088099987275655e+02 5.491474046462670344e+00
3.070000000000000000e+02 -1.436453996558250594e+02 5.981210534048893805e+02 3.889826243238180936e+00
3.090000000000000000e+02 8.131099591056825204e+01 5.981134686367173572e+02 4.643627578848398052e+00
3.110000000000000000e+02 9.903938102936615451e+01 4.017110216206865516e+02 4.759523747252012882e+00
3.130000000000000000e+02 7.905401791089269636e+01 2.993828723182547265e+02 4.180309973916805255e+00
3.150000000000000000e+02 6.489201184267837164e+01 3.700096115529884173e+02 4.511320709199249990e+00
3.170000000000000000e+02 6.477657195584434646e+01 3.622934288502227105e+02 4.893330905146207499e+00
3.190000000000000000e+02 8.444693496558096513e+01 5.981390153226631128e+02 3.505042049929671943e+00
3.210000000000000000e+02 1.310782561434305933e+02 5.981244479224648103e+02 4.644212731749463252e+00
3.230000000000000000e+02 7.013372333120044289e+01 5.981311445166783187e+02 4.728381143963356514e+00
3.250000000000000000e+02 5.994732666871078663e+01 3.704458850925184379e+02 3.912559793578753720e+00
3.270000000000000000e+02 6.493414870971690789e+01 4.009989701883064868e+02 4.452701787424218516e+00
3.290000000000000000e+02 1.330746731173631190e+02 5.981241796473373142e+02 3.468616696724101001e+00
3.310000000000000000e+02 1.011673243937277249e+02 5.981215320698842106e+02 4.266695163281696068e+00
3.330000000000000000e+02 4.074007021016393537e+01 5.981219508163904948e+02 4.606976570392301795e+00
3.350000000000000000e+02 -2.149644500392317426e+01 3.929158611227553024e+02 6.146227710178448156e+00
3.370000000000000000e+02 -2.303136288209761062e+01 4.164118156214324813e+02 4.587191333631703394e+00
3.390000000000000000e+02 3.794603825982503764e+01 5.981256730713404295e+02 3.303543657081261742e+00
3.410000000000000000e+02 1.192313809410432413e+02 5.981223420844595466e+02 5.189074801392361991e+00
3.430000000000000000e+02 -1.477931107350457012e+02 5.981216267262336714e+02 3.932570596120413153e+00
3.450000000000000000e+02 7.295233420883428721e+01 2.995113237253725629e+02 3.248097879271540478e+00
3.470000000000000000e+02 1.133627247552163482e+02 5.981183086968236466e+02 4.327582715679672454e+00
3.490000000000000000e+02 7.982471788438002314e+00 5.981249556597912260e+02 3.951530735427143171e+00
3.510000000000000000e+02 -1.038226434408797694e+01 4.512534492650835887e+02 4.617585411032100851e+00
3.530000000000000000e+02 -1.413167717480533980e+01 3.384806183729101008e+02 3.641314442834047593e+00
3.550000000000000000e+02 -3.709286441291731684e+00 4.179462408518711527e+02 3.478825002948944700e+00
3.570000000000000000e+02 1.054083305072449939e+01 5.980909643700201741e+02 4.499884384521320335e+00
3.590000000000000000e+02 2.218773320199838395e+01 3.884819300377628792e+02 5.416377979637136519e+00
3.610000000000000000e+02 1.505140205050355817e+01 3.822590480942489535e+02 6.822733768169720214e+00
3.630000000000000000e+02 1.095554714467786539e+01 3.881125297784239478e+02 7.345728494306481338e+00
3.650000000000000000e+02 1.669892017432920994e+01 4.168440764838307473e+02 1.084659318603449840e+01
3.670000000000000000e+02 1.904732984107821636e+01 4.133428812580579006e+02 9.164251506101331657e+00
3.690000000000000000e+02 1.719139906220840075e+01 4.351080604319948861e+02 5.740608072260298123e+00
3.710000000000000000e+02 5.548536005444330499e+01 5.486835739685703857e+02 4.151578460284338412e+00
3.730000000000000000e+02 7.210151743767980292e+01 4.333065311379886566e+02 3.861935521550254879e+00
3.750000000000000000e+02 1.078236992095345670e+02 5.981253706878401317e+02 4.213732854664264948e+00
3.770000000000000000e+02 1.522329869477881346e+02 5.981194387789194025e+02 3.982043397210387692e+00
3.790000000000000000e+02 3.404191035562698886e+01 3.638479153527086964e+02 4.267139152837224003e+00
3.810000000000000000e+02 6.413978275560558018e+01 5.981419283471473136e+02 4.070095093926695107e+00
3.830000000000000000e+02 7.334789151612554292e+01 5.981224870351953768e+02 4.326248654963312568e+00
3.850000000000000000e+02 8.485279276694416239e+01 5.981307674624590618e+02 4.918440973862600707e+00
3.870000000000000000e+02 8.728435483486050828e+01 5.981141780496201363e+02 4.636414581404147306e+00
3.890000000000000000e+02 8.704044902093436065e+01 5.981162856015794205e+02 4.208108534798098432e+00
3.910000000000000000e+02 8.944222487788024978e+01 5.549813292328971102e+02 4.796835059599969142e+00
3.930000000000000000e+02 7.297730965800172953e+01 5.230824840805439635e+02 3.621109218272243524e+00
3.950000000000000000e+02 6.660878167671106098e+01 2.993708386865483249e+02 3.996501644386014629e+00
3.970000000000000000e+02 7.823225164597005232e+01 4.285731563745673611e+02 4.882589896857472134e+00
3.990000000000000000e+02 8.276120171243631773e+01 4.000871463281193314e+02 5.212987877769039713e+00
4.010000000000000000e+02 7.959367911492633141e+01 3.368356571542655615e+02 4.828451460635418968e+00
4.030000000000000000e+02 6.961660299665216201e+01 3.808320329694217889e+02 4.128953871812885978e+00
4.050000000000000000e+02 6.131431198761203660e+01 3.348645199508755468e+02 4.530373283297443265e+00
4.070000000000000000e+02 9.374337987350214974e+01 5.981096720878385895e+02 4.704304323276643274e+00
4.090000000000000000e+02 1.015131990063719769e+02 5.980679135986100619e+02 4.574690642111891137e+00
4.110000000000000000e+02 9.282200571080720408e+01 5.295157115565793902e+02 5.314257294197714643e+00
4.130000000000000000e+02 1.011988022466525337e+02 5.980928303933969801e+02 6.298582192423266335e+00
4.150000000000000000e+02 8.237828205229379819e+01 5.505748046196608811e+02 5.364607454558455224e+00
4.170000000000000000e+02 9.647297077056815340e+01 4.323688786025778086e+02 4.205562875567141923e+00
4.190000000000000000e+02 1.028753270414719481e+02 4.498224106199086236e+02 4.008085742606765756e+00
4.210000000000000000e+02 6.501588646063399324e+01 3.872091657759332293e+02 4.867921493791104837e+00
4.230000000000000000e+02 5.423914065866754441e+01 3.460596259282878009e+02 7.353191394464483110e+00
4.250000000000000000e+02 3.358402329289302912e+01 3.628607994822656906e+02 9.549861731253443509e+00
4.270000000000000000e+02 2.194007888103190496e+01 3.284941317788081960e+02 2.941986393436613412e+01
4.290000000000000000e+02 2.452133709230192338e+01 3.254571988016991781e+02 5.071060125521766082e+01
4.310000000000000000e+02 2.174402228083869559e+01 3.366524532598099313e+02 4.210591181764028335e+01
4.330000000000000000e+02 2.030614820073697047e+01 3.302693750374894535e+02 6.248268453350085139e+01
4.350000000000000000e+02 2.000602898755953518e+01 3.362010699686749717e+02 4.494749210956602070e+01
4.370000000000000000e+02 2.463310381320861708e+01 3.150948714896414344e+02 3.324683153030915150e+01
4.390000000000000000e+02 2.477781966879290110e+01 3.213214061044466803e+02 8.356638552634372274e+01
4.410000000000000000e+02 2.110868404120981623e+01 3.372348642711463071e+02 6.529919516195303686e+01
4.430000000000000000e+02 2.506154615352895831e+01 3.188230510780763325e+02 2.041811822486850758e+01
4.450000000000000000e+02 1.587333562834916378e+01 3.157541458232938680e+02 3.010460309843241333e+01
4.470000000000000000e+02 2.125125175364058805e+01 3.288317116101592887e+02 3.149577526005591466e+01
4.490000000000000000e+02 1.842581416542539685e+01 3.130025036235884386e+02 3.001418788300903273e+01
4.510000000000000000e+02 1.883368042078622651e+01 3.232042464060379530e+02 2.810183688194687335e+01
4.530000000000000000e+02 2.147897404749817696e+01 3.235619445338160176e+02 2.055143671843712383e+01
4.550000000000000000e+02 2.596594706619112003e+01 3.434349760790174173e+02 1.820679245034344973e+01
4.570000000000000000e+02 2.437164699561968106e+01 3.561442551110261547e+02 1.466597788659833057e+01
4.590000000000000000e+02 2.277552369574149793e+01 3.491269933782443786e+02 8.314136307009819760e+00
4.610000000000000000e+02 2.169381789796404192e+01 3.230235786009198478e+02 9.243637260487384211e+00
4.630000000000000000e+02 2.432528162909638070e+01 3.140988476987256490e+02 9.341732489790416594e+00
4.650000000000000000e+02 2.900198045302996874e+01 3.372136285992962144e+02 7.038088663966352243e+00
4.670000000000000000e+02 2.919015458169027255e+01 3.553756298791188328e+02 7.053373578150479162e+00
4.690000000000000000e+02 2.490236302455551609e+01 3.780569734756205662e+02 7.206686440999168219e+00
4.710000000000000000e+02 2.225394595025099065e+01 4.053680629392993069e+02 8.424911011044281750e+00
4.730000000000000000e+02 2.577624240255786958e+01 4.020959978747360992e+02 6.074850718673533656e+00
4.750000000000000000e+02 3.207576411168077613e+01 3.578111125934186703e+02 4.954418379696889474e+00
4.770000000000000000e+02 4.157062999337565401e+01 5.981300281874425764e+02 4.152849505308831901e+00
4.790000000000000000e+02 1.056131787997646825e+02 5.981259252602607148e+02 5.208836064567194946e+00
4.810000000000000000e+02 5.462748768810266142e+01 5.981257873366778313e+02 5.807109327097425222e+00
4.830000000000000000e+02 5.787518483770787014e+01 5.981248902933173213e+02 6.039359342848532819e+00
4.850000000000000000e+02 6.951059720433876521e+01 5.981123113235271376e+02 5.520689107556508546e+00
4.870000000000000000e+02 6.918035269708320811e+01 3.425599645929237909e+02 5.594681360941689441e+00
4.890000000000000000e+02 6.115382126264101714e+01 2.993689988353070248e+02 4.890573566623676705e+00
4.910000000000000000e+02 5.234816064641664468e+01 2.993719304495092501e+02 3.649378716765040220e+00
4.930000000000000000e+02 1.294232310487728626e+02 5.981342853628115108e+02 3.818664371415230629e+00
4.950000000000000000e+02 9.432224283249543362e+01 5.422208624583117853e+02 5.299415041626967415e+00
4.970000000000000000e+02 1.052336331495804131e+02 5.980583306154497905e+02 5.540052006755501246e+00
4.990000000000000000e+02 8.272913211248169318e+01 5.759911335486480084e+02 5.282043492370568138e+00
5.010000000000000000e+02 7.284900727429388212e+01 3.041276243784624853e+02 5.493998488009967041e+00
5.030000000000000000e+02 7.288863833794714253e+01 2.993010573827115195e+02 5.434018721070938973e+00
5.050000000000000000e+02 8.262512556423692445e+01 4.368198979972866596e+02 6.048607539463570326e+00
5.070000000000000000e+02 9.591962819948935248e+01 4.609431793604818495e+02 6.079405933027797637e+00
5.090000000000000000e+02 9.694663875766312344e+01 4.791740633052860403e+02 6.404622537998029941e+00
5.110000000000000000e+02 1.018179713940916571e+02 4.791411585997917086e+02 6.138306662811643832e+00
5.130000000000000000e+02 1.106413120151807021e+02 5.981628450900228700e+02 6.167830616068598282e+00
5.150000000000000000e+02 1.238651230520731445e+02 5.979774212769864334e+02 5.600587228930038464e+00
5.170000000000000000e+02 1.027972517841040201e+02 4.592501921416582036e+02 5.369116729327561899e+00
5.190000000000000000e+02 8.634532966373512863e+01 4.598515102463687754e+02 5.697063766850322786e+00
5.210000000000000000e+02 8.751469378518389419e+01 4.227276522103616117e+02 6.806398818478651691e+00
5.230000000000000000e+02 1.045242511895801840e+02 5.938833763530086571e+02 5.864695233026618659e+00
5.250000000000000000e+02 1.530046701744362849e+02 5.981268727593957237e+02 4.053538995441593684e+00
5.270000000000000000e+02 9.531354777257361377e+01 5.981194148223327147e+02 4.092446118942629774e+00
5.290000000000000000e+02 9.216459489222786772e+01 5.561938870583092012e+02 5.799196340160508889e+00
5.310000000000000000e+02 9.610648337803826280e+01 4.126670942451680162e+02 5.313668107862747902e+00
5.330000000000000000e+02 8.405421935795587274e+01 3.383369480018213267e+02 4.632772386037108170e+00
5.350000000000000000e+02 7.631019053900736537e+01 3.343746358552022002e+02 5.523760308919805517e+00
5.370000000000000000e+02 7.687859933517120226e+01 4.805777634754105065e+02 5.656161648350439108e+00
5.390000000000000000e+02 8.016257300025441168e+01 3.835622091435093353e+02 4.345347024255361568e+00
5.410000000000000000e+02 7.215997807219677895e+01 2.993789391425091253e+02 4.418051665137961770e+00
5.430000000000000000e+02 1.084453066714822995e+02 5.118622356180877659e+02 3.936063600398857165e+00
5.450000000000000000e+02 1.267681892025424162e+02 5.981382863635485592e+02 4.215510642749599413e+00
5.470000000000000000e+02 9.635713050125849577e+01 5.981242748403909673e+02 4.691113862202938911e+00
5.490000000000000000e+02 1.152418492759303206e+02 5.981172799530341990e+02 6.117614950913044858e+00
5.510000000000000000e+02 1.393308303594570816e+02 5.981137174098217884e+02 6.644958068745064672e+00
5.530000000000000000e+02 1.530645487283969715e+02 5.981185670202269193e+02 7.057750606768856017e+00
5.550000000000000000e+02 9.739741040789496651e+01 5.981039372794025439e+02 6.037474078429639235e+00
5.570000000000000000e+02 1.286655556570574674e+02 5.981295837506187354e+02 6.707397671611309065e+00
5.590000000000000000e+02 1.252923064922233607e+02 5.981214865197222252e+02 4.648102561533145938e+00
5.610000000000000000e+02 7.763503627628875847e+01 5.981108296191487170e+02 4.845374661096831126e+00
5.630000000000000000e+02 9.729774197823115855e+01 5.477727322714687261e+02 3.874942838449871196e+00
5.650000000000000000e+02 -1.595884488172372357e+02 4.296889437847962085e+02 3.787625557166740986e+00
5.670000000000000000e+02 1.722615492940973638e+02 5.981145014932064896e+02 3.460853552092188590e+00
5.690000000000000000e+02 9.680830339709170573e+01 5.013813406776755528e+02 4.420637715179903893e+00
5.710000000000000000e+02 8.005177623699533740e+01 3.549337780746357680e+02 5.632954333518271461e+00
5.730000000000000000e+02 1.075748666195704573e+02 5.980756095390158862e+02 4.261033504038960196e+00
5.750000000000000000e+02 1.202264339878424835e+02 5.981266664091223220e+02 3.954771865422843202e+00
5.770000000000000000e+02 4.890192722848352247e+01 5.981072006603141062e+02 3.491512658735053343e+00
5.790000000000000000e+02 6.372893010373446288e+01 2.993734408168379559e+02 3.655761364726526796e+00
5.810000000000000000e+02 7.976914014423836363e+01 2.993685076295441831e+02 3.772443230605908138e+00
5.830000000000000000e+02 7.559314910739998083e+01 2.993514463046790297e+02 3.082935916906449414e+00
5.850000000000000000e+02 7.208782535574125916e+01 2.994120865505043980e+02 3.010323540248375451e+00
5.870000000000000000e+02 9.206014527938133085e+01 5.601919252241543745e+02 3.756406340178105818e+00
5.890000000000000000e+02 9.327216955935432452e+01 5.981081497792652044e+02 5.184216100401530802e+00
5.910000000000000000e+02 -1.569956611567714049e+02 5.442458763051149617e+02 4.366078402553804416e+00
5.930000000000000000e+02 1.609338323654321528e+02 5.981248674537124543e+02 4.379905091887317248e+00
5.950000000000000000e+02 1.167349116604765698e+02 5.981231482298038600e+02 4.986841640722278868e+00
5.970000000000000000e+02 9.922055514900691264e+01 5.981138788490613933e+02 5.876739532962138135e+00
5.990000000000000000e+02 8.664166892769011952e+01 5.174123578101954308e+02 4.879749698199143282e+00
6.010000000000000000e+02 1.044342200002030694e+02 5.109213246619029292e+02 5.042844630170280062e+00
6.030000000000000000e+02 1.188828752418316554e+02 5.981204250056699721e+02 5.666587019381768009e+00
6.050000000000000000e+02 1.113787631407216594e+02 5.981231658488362655e+02 4.566123577683812051e+00
6.070000000000000000e+02 1.064930396297113617e+02 5.981693195120727751e+02 4.478517318826069626e+00
6.090000000000000000e+02 9.289077971182469184e+01 4.207261501003521289e+02 4.570059357388918109e+00
6.110000000000000000e+02 8.793633699749240407e+01 4.427206741012969928e+02 3.823244590543761756e+00
6.130000000000000000e+02 9.373490432206912715e+01 5.981244996207122995e+02 4.016957623565907021e+00
6.150000000000000000e+02 1.172150147414588020e+02 5.641829591082030220e+02 5.039363509262516416e+00
6.170000000000000000e+02 9.485144632940418319e+01 4.170326708016161774e+02 5.065049407728773545e+00
6.190000000000000000e+02 8.816580151195455528e+01 4.977222304409673370e+02 4.430174060965732963e+00
6.210000000000000000e+02 9.450353856046542944e+01 5.143108761827469380e+02 4.158410939162321185e+00
6.230000000000000000e+02 1.243578848026117072e+02 5.981326831397045680e+02 4.133506194596566985e+00
6.250000000000000000e+02 8.987928971895249219e+01 5.587679741322929203e+02 4.524046969841652555e+00
6.270000000000000000e+02 8.096933575117985527e+01 5.992422482349121537e+02 4.755005486499370271e+00
6.290000000000000000e+02 1.091318553014037889e+02 5.981197049665411214e+02 4.840696900900016253e+00
6.310000000000000000e+02 7.943114916540888260e+01 5.981259000313308434e+02 4.401460108526690007e+00
6.330000000000000000e+02 7.690707450075446161e+01 5.150071635099350260e+02 5.431610169860284110e+00
6.350000000000000000e+02 8.492878381136530663e+01 5.982218842531309519e+02 5.067753171111308852e+00
6.370000000000000000e+02 9.579854575262149297e+01 5.981115469636696389e+02 4.863531989773724362e+00
6.390000000000000000e+02 8.572852153596835478e+01 4.142144513970066555e+02 5.567181010089758075e+00
6.410000000000000000e+02 8.345210639875904235e+01 3.747840395891743128e+02 4.426689184754224904e+00
6.430000000000000000e+02 8.054499129823258841e+01 4.417688625724484268e+02 4.469918862922739322e+00
6.450000000000000000e+02 7.303349107682699071e+01 3.819010360541791442e+02 5.379935874918566618e+00
6.470000000000000000e+02 7.196632823301730753e+01 2.993694170006478998e+02 5.646791369795411519e+00
6.490000000000000000e+02 7.089877548024102794e+01 3.069609198628370450e+02 4.982423593740744394e+00
6.510000000000000000e+02 7.443679862196560748e+01 3.301991623838808891e+02 5.922506698406866832e+00
6.530000000000000000e+02 7.414263135181634823e+01 5.113399783797231635e+02 5.020849649287156602e+00
6.550000000000000000e+02 7.040519130160150496e+01 3.847408150319766378e+02 4.509776605994376020e+00
6.570000000000000000e+02 6.889110228084609844e+01 2.993769607280920582e+02 4.281580711141897311e+00
6.590000000000000000e+02 7.082064020412911987e+01 2.993804053738659832e+02 3.591227303669745297e+00
6.610000000000000000e+02 6.163999822542505314e+01 3.158378618901971890e+02 3.290716737237318501e+00
6.630000000000000000e+02 5.277972102161960777e+01 4.816007372342644999e+02 4.232440146102653067e+00
6.650000000000000000e+02 -1.470386147184409538e+02 5.981126562528527302e+02 4.086049010226783018e+00
6.670000000000000000e+02 1.211613027235197535e+02 5.981192947805963058e+02 2.945369184074599023e+00
6.690000000000000000e+02 9.268075665143729225e+01 5.981329050746317080e+02 3.168165406314758847e+00
6.710000000000000000e+02 7.581775674263874976e+01 4.668844502226708642e+02 4.200328211807382139e+00
6.730000000000000000e+02 8.751094595259438336e+01 5.980999512022034423e+02 4.505549832407076849e+00
6.750000000000000000e+02 8.301077334127758434e+01 5.982137883240008023e+02 3.672751367017777380e+00
6.770000000000000000e+02 7.573100015004513352e+01 4.530660123884271115e+02 4.144396975872231437e+00
6.790000000000000000e+02 1.172446767044270786e+02 5.981186125309598083e+02 4.133515812707213577e+00
6.810000000000000000e+02 1.129356323400974560e+02 5.981376063408725940e+02 4.517670375494568624e+00
6.830000000000000000e+02 1.489417283212316079e+02 5.978434007807480839e+02 4.478275827378449314e+00
6.850000000000000000e+02 1.466923167452739278e+02 5.981191199514763639e+02 4.269324188460121405e+00
6.870000000000000000e+02 1.128026261425244883e+02 5.981309404305540056e+02 3.367086203950204304e+00
6.890000000000000000e+02 9.696165058983847018e+01 4.307434964376864173e+02 2.819936597518604149e+00
6.910000000000000000e+02 8.189266310764776335e+01 4.069309716113310174e+02 3.796997837218444527e+00
6.930000000000000000e+02 8.199613426266661520e+01 3.050519996946591164e+02 3.248403559928925155e+00
6.950000000000000000e+02 9.223281279498807805e+01 3.722545000656551792e+02 3.156252922932538230e+00
6.970000000000000000e+02 1.110399048755618168e+02 5.841149865709286360e+02 3.946481087692025547e+00
6.990000000000000000e+02 9.176816631082212439e+01 5.981178779514168582e+02 3.981990547662710878e+00
7.010000000000000000e+02 7.129035068791165486e+01 2.994155188441274618e+02 3.923685115145565838e+00
7.030000000000000000e+02 6.996868856769197009e+01 2.993772422052738307e+02 3.607509242165894747e+00
7.050000000000000000e+02 5.836746573590316700e+01 4.390381165712439042e+02 4.607973077561386077e+00
7.070000000000000000e+02 7.782750295109740080e+01 4.069031057880169442e+02 4.520019710430394966e+00
7.090000000000000000e+02 8.167066024911532907e+01 2.993680114693686392e+02 3.815391410636181480e+00
7.110000000000000000e+02 7.142310407996822619e+01 2.993290119879134181e+02 3.745502789639288732e+00
7.130000000000000000e+02 -1.764567452187376375e+02 5.981278225314792962e+02 3.899163310777043367e+00
7.150000000000000000e+02 1.264604148791526939e+02 5.981342383638005913e+02 3.762544463090981228e+00
7.170000000000000000e+02 9.581481742721850026e+01 4.648567025627473868e+02 3.784716705887420041e+00
7.190000000000000000e+02 7.129422276405161085e+01 4.853140687075612618e+02 3.057554788623944475e+00
7.210000000000000000e+02 4.596619663698289315e+01 3.059408626984409807e+02 3.012951632016247050e+00
7.230000000000000000e+02 5.325168831621085985e+01 2.993164092992487326e+02 3.077900626569138431e+00
7.250000000000000000e+02 7.426450059609022958e+01 2.993755366332483732e+02 4.501100281897192801e+00
7.270000000000000000e+02 7.868864622559051725e+01 3.052934871371894587e+02 4.704478331991062134e+00
7.290000000000000000e+02 6.826107801277042597e+01 2.993819142442359293e+02 3.515591489133258030e+00
7.310000000000000000e+02 6.992556457126730152e+01 2.993696468408361966e+02 3.461363064307176440e+00
7.330000000000000000e+02 9.592967552980397272e+01 5.981032881703113162e+02 4.364639859438136149e+00
7.350000000000000000e+02 1.426026387994733113e+02 5.981281749082166925e+02 4.796100194878200718e+00
7.370000000000000000e+02 1.344802798555938637e+02 5.981298954414885429e+02 5.241182844862319001e+00
7.390000000000000000e+02 1.670009078616155591e+02 5.981492180837788055e+02 5.806980157740943227e+00
7.410000000000000000e+02 1.648461863888584560e+02 5.981298541647802267e+02 5.966411332412675961e+00
7.430000000000000000e+02 -1.651335630926174076e+02 5.981049063628690874e+02 4.671752896697505264e+00
7.450000000000000000e+02 6.112540187167005001e+01 2.993566306650447473e+02 3.822385325258517597e+00
7.470000000000000000e+02 7.614469764456926271e+01 3.869691830413941602e+02 4.551930266561313054e+00
7.490000000000000000e+02 1.571806102948301884e+02 5.981261916341782126e+02 4.946131718159426427e+00
7.510000000000000000e+02 1.533894773699926759e+02 5.981229857496908835e+02 3.997588677192374096e+00
7.530000000000000000e+02 5.773124915445333016e+01 3.954303231074719065e+02 3.609806949291754830e+00
7.550000000000000000e+02 1.166585974919090773e+02 5.981303210591388506e+02 3.797016191063107726e+00
7.570000000000000000e+02 -1.759748656665317981e+02 5.981249023875286639e+02 4.531032316375207536e+00
7.590000000000000000e+02 1.124942868889179834e+02 5.850171547159260399e+02 3.630013509332998822e+00
7.610000000000000000e+02 8.494772755703719724e+01 2.995436528170628776e+02 4.687733344496145982e+00
7.630000000000000000e+02 8.317497370141535384e+01 4.914574098354046896e+02 3.877920265234565456e+00
7.650000000000000000e+02 7.222269920886479611e+01 4.251336886427282593e+02 3.957496562271901830e+00
7.670000000000000000e+02 8.169935900986773447e+01 4.655764912751621978e+02 5.006873063205030228e+00
7.690000000000000000e+02 1.419929965687024946e+02 5.806151290506094256e+02 6.828639041363578244e+00
7.710000000000000000e+02 1.279862607154614551e+02 5.203518300910175185e+02 4.788468829573406360e+00
7.730000000000000000e+02 1.200660962760512120e+02 5.981269411613500324e+02 4.349969072862544195e+00
7.750000000000000000e+02 -1.316656789421125495e+02 5.981222348729394298e+02 4.062195185463921554e+00
7.770000000000000000e+02 5.959135263014135830e+01 3.184549675755519047e+02 3.959933305601430309e+00
7.790000000000000000e+02 6.530361407852728917e+01 2.992504148360481508e+02 3.805748370011566628e+00
7.810000000000000000e+02 -1.595570058178388990e+02 3.414318587570987233e+02 3.222812812128794224e+00
7.830000000000000000e+02 -1.483897567744664343e+02 3.418573231772846270e+02 3.749906498989892256e+00
7.850000000000000000e+02 8.602355986975869939e+01 2.993762276186571398e+02 3.211896913380994700e+00
7.870000000000000000e+02 9.098323930028682582e+01 2.993232572115434778e+02 3.634224585197786794e+00
7.890000000000000000e+02 1.122603806200068703e+02 5.981276706327290640e+02 3.871087851491519682e+00
7.910000000000000000e+02 1.612426022153467216e+02 5.981322439221976310e+02 3.792069127029531028e+00
7.930000000000000000e+02 7.572869509392191389e+01 4.666432676489281448e+02 3.668811646458397302e+00
7.950000000000000000e+02 1.711696194482481133e+02 5.981431067893441877e+02 4.154875085822776981e+00
7.970000000000000000e+02 -1.805046200780273011e+02 5.981260228138623916e+02 5.121371482197199398e+00
7.990000000000000000e+02 -1.763836827277256134e+02 5.981239093319795757e+02 3.549152386950130467e+00
8.010000000000000000e+02 1.638602666695699384e+02 5.458746046174570665e+02 3.815452957158262492e+00
8.030000000000000000e+02 1.751212014995006996e+02 5.506952150630349934e+02 3.837643037644690391e+00
8.050000000000000000e+02 -1.591164063996847347e+02 6.021493761438752017e+02 4.038165667036325068e+00
8.070000000000000000e+02 8.410363825705356078e+01 5.981263116599332079e+02 4.121167954423082591e+00
8.090000000000000000e+02 8.496376134904893718e+01 5.531456442687962181e+02 4.718534789977951505e+00
8.110000000000000000e+02 9.994221201750389127e+01 4.880937156531380765e+02 5.187120216892794566e+00
8.130000000000000000e+02 1.545046973855935164e+02 5.981265982264095555e+02 4.313414691397769118e+00
8.150000000000000000e+02 1.324160640456780129e+02 5.581118441486729580e+02 4.706515707354069988e+00
8.170000000000000000e+02 8.329640759078239398e+01 3.360546802820849166e+02 4.990949866634488252e+00
8.190000000000000000e+02 1.185321735873874331e+02 5.983337542337785635e+02 4.547247720014881978e+00
8.210000000000000000e+02 -1.555013284979205253e+02 5.514346564311588281e+02 5.005106685783145437e+00
8.230000000000000000e+02 -1.591653332065658617e+02 4.402213123724060893e+02 3.679969627997982329e+00
8.250000000000000000e+02 6.543053087103646703e+01 3.754879757969042657e+02 4.114348949546709378e+00
8.270000000000000000e+02 7.755739892437514982e+01 4.734671035034277793e+02 5.109505240192410369e+00
8.290000000000000000e+02 8.052957913167446691e+01 5.981490149209220135e+02 4.520915890078777366e+00
8.310000000000000000e+02 6.854539892328220674e+01 4.247205159202669620e+02 4.643564326270238851e+00
8.330000000000000000e+02 9.420661980382294587e+01 5.146238756366419693e+02 4.577963033154413885e+00
8.350000000000000000e+02 1.295947912047771240e+02 5.654262604077505330e+02 4.437333791521270498e+00
8.370000000000000000e+02 1.428225852066863979e+02 5.981251684098364194e+02 4.285136974662373532e+00
8.390000000000000000e+02 1.384820719212445397e+02 5.981219839803184186e+02 3.510122750772778577e+00
8.410000000000000000e+02 8.018796529060196576e+01 2.993783692862532462e+02 4.133869423806395105e+00
8.430000000000000000e+02 7.480219155516451224e+01 2.994240397286698681e+02 4.954372020500697360e+00
8.450000000000000000e+02 7.669530867984147449e+01 3.715490935790292610e+02 4.634677938670181518e+00
8.470000000000000000e+02 -1.699658839594024187e+02 5.493087002249660600e+02 3.869603627442902205e+00
8.490000000000000000e+02 -1.616336210892731913e+02 5.979405545346390909e+02 3.993086647266201883e+00
8.510000000000000000e+02 7.529188115127563208e+01 3.365051765205138850e+02 4.052179800308850943e+00
8.530000000000000000e+02 1.028150105184787293e+02 5.981689562750066216e+02 4.255783471409896102e+00
8.550000000000000000e+02 9.853584787480602358e+01 5.621996002113231725e+02 4.294347387732663890e+00
8.570000000000000000e+02 9.795863365192350614e+01 4.058542896911422417e+02 4.357808535349165346e+00
8.590000000000000000e+02 1.169561562715651917e+02 5.981419775638403280e+02 4.130345404732987724e+00
8.610000000000000000e+02 1.052126030855198451e+02 5.981173079436049420e+02 4.160475214466760718e+00
8.630000000000000000e+02 9.505099017393763461e+01 5.981007236233924687e+02 4.850010772088021227e+00
8.650000000000000000e+02 6.721081000686068307e+01 3.370434742085366793e+02 3.927171659081635902e+00
8.670000000000000000e+02 7.317302946326945801e+01 2.993299351988248986e+02 3.591567089219581899e+00
8.690000000000000000e+02 1.210562507485911539e+02 5.980636856660631793e+02 3.976824798372949221e+00
8.710000000000000000e+02 1.246381664463260677e+02 5.148337319776582035e+02 4.559383044275595154e+00
8.730000000000000000e+02 1.040430749826869175e+02 5.981252477014500073e+02 4.610148784675373257e+00
8.750000000000000000e+02 6.042341839874768539e+01 5.981248285626475081e+02 3.649348585674509149e+00
8.770000000000000000e+02 -1.032427590204192711e+02 5.981284715846567224e+02 3.635811786390096501e+00
8.790000000000000000e+02 7.601229822285964133e+01 2.993747265696817976e+02 3.077591841580563425e+00
8.810000000000000000e+02 8.729848178476680687e+01 5.980175312439397430e+02 3.889155429092860938e+00
8.830000000000000000e+02 1.195242439448136622e+02 5.981220305861484121e+02 5.230949911945980801e+00
8.850000000000000000e+02 1.235679139418694774e+02 5.981223183784250068e+02 3.939209894311617166e+00
8.870000000000000000e+02 -8.291666737234491791e+01 4.754831774897627952e+02 3.117972109403484904e+00
8.890000000000000000e+02 -9.960394993180885592e+01 5.981243607247735099e+02 3.435840711363044697e+00
8.910000000000000000e+02 7.163757387434226587e+01 3.981717468642284530e+02 4.820222657573694391e+00
8.930000000000000000e+02 6.367944353815885705e+01 2.993782389630379726e+02 4.155399402492098382e+00
