# InfraPy Beamforming (fk) Results
# 
# Data summary:
#     CC.GTWY.01.BDF	2023-05-08T13:05:30.940000Z - 2023-05-08T13:20:30.920000Z
#     CC.GTWY.02.BDF	2023-05-08T13:05:30.940000Z - 2023-05-08T13:20:30.920000Z
#     CC.GTWY.03.BDF	2023-05-08T13:05:30.940000Z - 2023-05-08T13:20:30.920000Z
# 
#   channel_cnt: 3
#   t0: 2023-05-08T13:05:30.940000Z
#   latitude: 46.740208
#   longitude: -121.916966
# 
# Algorithm parameters:
#   freq_min: 1.0
#   freq_max: 10.0
#   back_az_min: -180.0
#   back_az_max: 180.0
#   back_az_step: 2.0
#   trace_vel_min: 300.0
#   trace_vel_max: 600.0
#   trace_vel_step: 2.5
#   method: bartlett
#   signal_start: None
#   signal_end: None
#   window_len: 10.0
#   sub_window_len: None
#   window_step: 1.0
# 
# Time (rel t0) [s]      Back Az [deg]	           Tr. Velocity [m/s]       F-stat
5.000000000000000000e+00 1.377263510561331259e+02 2.993765309445099660e+02 4.948708001592299510e+00
6.000000000000000000e+00 1.406172486199271816e+02 2.993698916498151448e+02 4.805817765465556946e+00
7.000000000000000000e+00 1.413260439186192912e+02 2.993829156701983152e+02 4.934725787483355219e+00
8.000000000000000000e+00 1.380173381362343150e+02 2.993747775862760250e+02 4.469128913345888243e+00
9.000000000000000000e+00 1.351794456584888735e+02 2.993836197379513919e+02 4.111800575720614859e+00
1.000000000000000000e+01 1.335250969236763297e+02 2.993807165761357965e+02 3.784968633581314190e+00
1.100000000000000000e+01 1.322657986450518308e+02 2.993707626016688437e+02 3.414681619244760657e+00
1.200000000000000000e+01 1.335611912830645451e+02 2.993825210641027184e+02 3.399769638806398930e+00
1.300000000000000000e+01 1.363280099605988198e+02 2.993687964611751227e+02 3.862779393204201384e+00
1.400000000000000000e+01 1.381373763587948247e+02 2.993730920980270298e+02 4.309270982560668095e+00
1.500000000000000000e+01 1.370938924388005944e+02 2.993833573336721656e+02 3.970915105381336296e+00
1.600000000000000000e+01 1.363257405118224312e+02 2.993712876426465073e+02 3.293264637155645769e+00
1.700000000000000000e+01 1.376182341783782306e+02 2.993776881223749911e+02 3.082723495276639358e+00
1.800000000000000000e+01 1.387292562873801387e+02 2.993691935390984327e+02 3.245912450691967432e+00
1.900000000000000000e+01 1.392159792899010995e+02 2.993805804862316791e+02 3.677260658024635198e+00
2.000000000000000000e+01 1.383312810236056976e+02 2.993696497085432497e+02 3.761508419207839182e+00
2.100000000000000000e+01 1.366928886245979413e+02 2.993572149161936409e+02 3.826247083517538616e+00
2.200000000000000000e+01 1.335217635913712115e+02 2.993828982030610746e+02 3.829486762928500987e+00
2.300000000000000000e+01 1.332043838669703462e+02 2.993821724231385133e+02 4.082096345872642473e+00
2.400000000000000000e+01 1.328977873315108411e+02 2.993664623927428465e+02 4.305897577952782385e+00
2.500000000000000000e+01 1.319465570014066031e+02 2.993755399465970299e+02 4.426374975768199604e+00
2.600000000000000000e+01 1.327704378215587440e+02 2.993659951400539398e+02 3.794938358537030876e+00
2.700000000000000000e+01 1.335930587417654465e+02 2.993784153490609015e+02 3.312336381712747801e+00
2.800000000000000000e+01 1.377640453444758180e+02 2.993763194932437841e+02 3.027647318493376094e+00
2.900000000000000000e+01 1.444838145966297134e+02 2.993732759704184332e+02 2.814749584533023263e+00
3.000000000000000000e+01 1.492154397657349705e+02 2.993741667517302858e+02 2.720578120602610728e+00
3.100000000000000000e+01 1.506202035719929029e+02 2.993739220465740800e+02 2.888304338584327446e+00
3.200000000000000000e+01 1.443393850346179761e+02 2.993732258823843040e+02 2.833579390594153757e+00
3.300000000000000000e+01 1.345149250047679743e+02 2.993691284744622862e+02 3.115027970038577010e+00
3.400000000000000000e+01 1.326411841302293055e+02 2.993630282568957455e+02 3.531859371969859662e+00
3.500000000000000000e+01 1.341760362878751494e+02 2.993722019596194173e+02 4.195410772933381160e+00
3.600000000000000000e+01 1.358483630561908342e+02 2.993764407574429924e+02 3.872966686200433717e+00
3.700000000000000000e+01 1.374311030703075573e+02 2.993785809240612252e+02 3.358716068218889905e+00
3.800000000000000000e+01 1.386119056539944268e+02 2.993702846893753531e+02 3.132625082759740831e+00
3.900000000000000000e+01 1.373230448019236576e+02 2.993784236935969147e+02 3.308528954411500411e+00
4.000000000000000000e+01 1.370180929096047748e+02 2.993810260128711889e+02 3.720020385648912686e+00
4.100000000000000000e+01 1.353988778752686812e+02 2.993802039218906543e+02 4.114501436685134905e+00
4.200000000000000000e+01 1.340425746153085242e+02 2.993745639357671280e+02 3.804712742105336165e+00
4.300000000000000000e+01 1.329544143873642099e+02 2.993657678777194633e+02 3.738318645298168263e+00
4.400000000000000000e+01 1.321047762476740104e+02 2.993743102821138109e+02 3.499066917620710537e+00
4.500000000000000000e+01 1.301317789668158866e+02 2.993733147361897977e+02 3.369632935667693285e+00
4.600000000000000000e+01 1.308386358663189526e+02 2.993595133843177223e+02 3.387834878499509816e+00
4.700000000000000000e+01 1.341605841858602162e+02 2.993702371554165893e+02 3.158127158833113679e+00
4.800000000000000000e+01 1.348508469907048379e+02 2.993428737615614068e+02 2.859595085029188244e+00
4.900000000000000000e+01 1.365439365134357104e+02 2.993655190947833376e+02 2.594137832958407941e+00
5.000000000000000000e+01 1.424505602944665839e+02 2.993718152847868623e+02 2.469980563415405062e+00
5.100000000000000000e+01 1.512762494536907241e+02 2.993782151217873206e+02 2.474461732482149845e+00
5.200000000000000000e+01 1.508870890070639632e+02 2.993677147388694380e+02 2.873158564576227203e+00
5.300000000000000000e+01 1.451818975430475120e+02 2.993790417608653911e+02 3.456958983256426254e+00
5.400000000000000000e+01 1.405463427890955188e+02 2.993694126859046492e+02 3.568617854192448036e+00
5.500000000000000000e+01 1.345445260642699168e+02 2.993655804857680209e+02 3.666817953259779550e+00
5.600000000000000000e+01 1.315327145779554598e+02 2.993796748594622272e+02 3.449591686854216910e+00
5.700000000000000000e+01 1.316025922650435120e+02 2.993761850978271468e+02 3.169736893320026283e+00
5.800000000000000000e+01 1.324571576997655313e+02 2.993752535067848726e+02 2.890726019805557989e+00
5.900000000000000000e+01 1.377562485043581546e+02 2.993735462257099584e+02 2.804168281921548100e+00
6.000000000000000000e+01 1.447096134811887396e+02 2.993788036575282376e+02 2.786386228486783079e+00
6.100000000000000000e+01 1.446219259569240592e+02 2.993755248550825740e+02 2.850512803763470160e+00
6.200000000000000000e+01 1.445738074448651389e+02 2.993715989038508383e+02 2.931695641345736014e+00
6.300000000000000000e+01 1.432142207041754887e+02 2.993808117740283024e+02 2.867319443596197726e+00
6.400000000000000000e+01 1.427579137924659278e+02 2.993666628527921603e+02 2.914947752343870491e+00
6.500000000000000000e+01 1.408619263090549225e+02 2.993662545162015931e+02 2.958278211780709377e+00
6.600000000000000000e+01 1.383150429348434614e+02 2.993717772287255912e+02 2.850730186886889950e+00
6.700000000000000000e+01 1.326409664024669155e+02 2.993664776279977104e+02 2.715346184743748115e+00
6.800000000000000000e+01 1.302405473947293899e+02 2.993723593585896197e+02 2.827125156790071703e+00
6.900000000000000000e+01 1.307478453039334738e+02 2.993634665898763956e+02 2.996550808439302660e+00
7.000000000000000000e+01 1.338919050376510427e+02 2.993767179406059427e+02 3.072712817122060791e+00
7.100000000000000000e+01 1.370005878294031731e+02 2.993589509179406605e+02 3.065159849973195350e+00
7.200000000000000000e+01 1.415662539903999004e+02 2.993785386482028912e+02 3.174537253941869253e+00
7.300000000000000000e+01 1.432185561475895668e+02 2.993791351623358992e+02 3.370454513892181314e+00
7.400000000000000000e+01 1.398165757222469665e+02 2.993768630559190456e+02 3.295671089651444952e+00
7.500000000000000000e+01 1.368405528638586759e+02 2.993592550045848384e+02 3.217085959384540228e+00
7.600000000000000000e+01 1.366372254324191431e+02 2.993618374287763118e+02 3.220072808159216038e+00
7.700000000000000000e+01 1.410268170802553129e+02 2.993587440519547158e+02 3.095717261040261903e+00
7.800000000000000000e+01 1.460155267341184526e+02 2.993748560479670573e+02 3.033081663757398960e+00
7.900000000000000000e+01 1.447621120165228206e+02 2.993680706275860643e+02 3.231900142686224164e+00
8.000000000000000000e+01 1.449495701569791777e+02 2.993631656728358053e+02 3.369077946978014548e+00
8.100000000000000000e+01 1.386283710115423844e+02 2.993624464321398477e+02 3.150098777721838772e+00
8.200000000000000000e+01 1.346154518933585962e+02 2.993562248492192452e+02 2.899082807325868316e+00
8.300000000000000000e+01 1.348781786990011256e+02 2.993299812878149169e+02 2.886066016153590486e+00
8.400000000000000000e+01 1.339563563809076641e+02 2.993773375567671451e+02 3.113323320870945654e+00
8.500000000000000000e+01 1.302412336002073516e+02 2.993633174955879781e+02 3.528286381317210729e+00
8.600000000000000000e+01 1.288220964900274907e+02 2.993553168900089076e+02 3.393016937439264247e+00
8.700000000000000000e+01 1.292960409486597939e+02 2.993822970181505525e+02 3.086270486156921233e+00
8.800000000000000000e+01 1.291931909758745576e+02 2.993774826613168329e+02 2.568583672039313370e+00
8.900000000000000000e+01 1.244836745585112254e+02 2.993728377620087144e+02 2.086815684824472772e+00
9.000000000000000000e+01 1.219712904092745305e+02 2.993751417635011194e+02 1.843319538406504199e+00
9.100000000000000000e+01 1.331146955466077202e+02 2.993835473266952363e+02 2.000025559612691683e+00
9.200000000000000000e+01 1.464635066708624720e+02 2.993660077668453141e+02 2.235264941237439906e+00
9.300000000000000000e+01 1.577428025446634479e+02 2.993777398896999671e+02 2.275284233434842207e+00
9.400000000000000000e+01 1.616857719120087893e+02 2.993749230528928251e+02 2.403718402179717106e+00
9.500000000000000000e+01 1.541881340685955024e+02 2.993747611818487826e+02 2.730034989282835500e+00
9.600000000000000000e+01 1.498403877873018359e+02 2.993750824634938681e+02 2.922283579883687477e+00
9.700000000000000000e+01 1.472919611098399741e+02 2.993717930366644282e+02 2.887638222456889725e+00
9.800000000000000000e+01 1.475067302012224957e+02 2.993721769059773123e+02 2.528436232435955944e+00
9.900000000000000000e+01 1.504549611853608440e+02 2.993776345111544970e+02 2.333685445361057820e+00
1.000000000000000000e+02 1.488028016792297308e+02 2.993780812241826652e+02 2.386760561641959821e+00
1.010000000000000000e+02 1.453913232058277174e+02 2.993737764567723616e+02 2.495970084931072197e+00
1.020000000000000000e+02 1.455835127930349984e+02 2.993764269663645905e+02 2.502669967570394949e+00
1.030000000000000000e+02 1.464233858032560534e+02 2.993674643624478335e+02 2.512074642309292116e+00
1.040000000000000000e+02 1.422369004431352550e+02 2.993712457296477396e+02 2.533657618524223221e+00
1.050000000000000000e+02 1.345992176242636162e+02 2.993819219761579689e+02 2.455303020697832128e+00
1.060000000000000000e+02 1.258662924308396924e+02 2.993727520351789053e+02 2.543688042087474788e+00
1.070000000000000000e+02 1.262341096918902537e+02 2.993756096804655726e+02 2.571068201991057567e+00
1.080000000000000000e+02 1.432471639764646625e+02 2.993722199086930686e+02 2.580925889979544419e+00
1.090000000000000000e+02 1.560473590487968067e+02 2.993748682663501768e+02 2.731782354747500197e+00
1.100000000000000000e+02 1.539561304042154575e+02 2.993754434717168920e+02 2.685681022290461240e+00
1.110000000000000000e+02 1.431098377174381824e+02 2.993911508299518687e+02 2.488077706239257836e+00
1.120000000000000000e+02 1.344052857698188461e+02 2.993645522835203678e+02 2.867786773663186128e+00
1.130000000000000000e+02 1.303886167816619093e+02 2.993658068291326799e+02 3.411107911949554428e+00
1.140000000000000000e+02 1.296378911136108343e+02 2.993818883884905517e+02 3.195365351971164891e+00
1.150000000000000000e+02 1.311724659406015689e+02 2.993842842865504963e+02 2.824515084820117483e+00
1.160000000000000000e+02 1.330855413202714601e+02 2.993806165975836961e+02 2.504392703973369549e+00
1.170000000000000000e+02 1.268736726319909138e+02 2.993690058444896636e+02 2.307677653401419171e+00
1.180000000000000000e+02 1.360095165353949938e+02 2.993748610938415595e+02 2.345592449551221925e+00
1.190000000000000000e+02 1.449177109288085887e+02 2.993582904455313951e+02 2.519559539578209328e+00
1.200000000000000000e+02 1.481280090122324964e+02 2.993734491908969062e+02 2.924487104921767333e+00
1.210000000000000000e+02 1.514962481612335239e+02 2.993778602741667783e+02 2.951972967341505161e+00
1.220000000000000000e+02 1.489509548797758214e+02 2.993694513867104092e+02 2.805950459022013899e+00
1.230000000000000000e+02 1.424942801459589248e+02 2.993710691507536694e+02 2.878063048745410857e+00
1.240000000000000000e+02 1.402441003761400111e+02 2.993725859715371485e+02 3.181677840470152674e+00
1.250000000000000000e+02 1.405786034092611487e+02 2.993668516007906533e+02 2.933346871322117355e+00
1.260000000000000000e+02 1.355172716797992507e+02 2.993850135313683154e+02 2.470740782761521093e+00
1.270000000000000000e+02 1.254702971897190196e+02 2.993960840842634639e+02 2.422852437812109905e+00
1.280000000000000000e+02 1.243936670679965033e+02 2.993642606517569220e+02 2.585611514326829230e+00
1.290000000000000000e+02 1.282904545843910853e+02 2.993696576322731744e+02 2.749774016186408154e+00
1.300000000000000000e+02 1.344231295101194235e+02 2.993700699965274339e+02 2.963059143611627810e+00
1.310000000000000000e+02 1.435997465081971711e+02 2.993771646585988719e+02 3.101544999129703939e+00
1.320000000000000000e+02 1.505584523837506765e+02 2.993726041701792724e+02 2.949329962336407540e+00
1.330000000000000000e+02 1.510966317989286836e+02 2.993742060232411859e+02 2.547868827377061773e+00
1.340000000000000000e+02 1.235807220537842568e+02 2.993751606469533613e+02 2.555030068058603110e+00
1.350000000000000000e+02 1.223116270934346375e+02 2.993718751120351271e+02 2.962523440459039925e+00
1.360000000000000000e+02 1.301199480487624101e+02 2.993725518028948613e+02 3.008782229404524333e+00
1.370000000000000000e+02 1.335523312211424809e+02 2.993842384090170299e+02 2.911273019552752750e+00
1.380000000000000000e+02 1.354684745279501783e+02 2.993825721396684685e+02 2.849675122049536213e+00
1.390000000000000000e+02 1.386051609394637580e+02 2.993695839828015437e+02 2.526140594808191420e+00
1.400000000000000000e+02 1.449108311935355005e+02 2.993669753401247817e+02 2.467873261506005722e+00
1.410000000000000000e+02 1.446317806265239483e+02 2.993289433684713572e+02 2.584695505195013787e+00
1.420000000000000000e+02 1.390788336845374147e+02 3.026749526624141140e+02 2.608198849052681734e+00
1.430000000000000000e+02 1.341843574665875281e+02 2.993448684503014761e+02 2.688401580938886148e+00
1.440000000000000000e+02 1.406193805247696389e+02 2.993499803688271754e+02 2.742270470404561511e+00
1.450000000000000000e+02 1.442589373129265198e+02 2.993683104294735813e+02 2.792943105444718022e+00
1.460000000000000000e+02 1.461691659145913036e+02 2.993711573548644651e+02 2.649381355553880102e+00
1.470000000000000000e+02 1.491993337810929177e+02 2.993855612422253785e+02 2.690537587798716768e+00
1.480000000000000000e+02 1.513523407939742071e+02 2.993781714238033373e+02 2.419798848458291296e+00
1.490000000000000000e+02 1.442299696715377308e+02 2.993733238477933583e+02 2.459637403091762486e+00
1.500000000000000000e+02 1.412758608433228176e+02 2.993875218789169708e+02 2.401340810290867545e+00
1.510000000000000000e+02 1.423403094446417754e+02 2.993087304127318475e+02 2.415380849120111861e+00
1.520000000000000000e+02 1.379592948501482113e+02 3.241840661133188632e+02 2.448111534162839664e+00
1.530000000000000000e+02 1.247332282208451772e+02 3.067182683575574060e+02 2.602998590233827514e+00
1.540000000000000000e+02 1.283550975371382776e+02 2.993650061268653531e+02 2.793957552701528346e+00
1.550000000000000000e+02 1.332359397895321251e+02 2.993861779966201766e+02 2.770033567659521800e+00
1.560000000000000000e+02 1.332839528866655314e+02 2.993793547911383826e+02 2.617604832789419245e+00
1.570000000000000000e+02 1.338592149399032394e+02 2.993753791382797544e+02 2.581655778616389618e+00
1.580000000000000000e+02 1.387173144310126816e+02 2.993733611858618815e+02 2.554552522363056077e+00
1.590000000000000000e+02 1.433887296683779766e+02 2.993775094613758938e+02 2.575025002900581228e+00
1.600000000000000000e+02 1.399642332683236532e+02 2.993751745336338672e+02 2.675362342773929036e+00
1.610000000000000000e+02 1.341833192638006551e+02 2.993733390366797948e+02 2.642018533187882934e+00
1.620000000000000000e+02 1.324443944236618051e+02 2.993677117685679150e+02 2.737324341191583077e+00
1.630000000000000000e+02 1.347960214730534858e+02 2.993576303443176130e+02 2.945052077265742252e+00
1.640000000000000000e+02 1.396645189944543688e+02 2.993780063938276612e+02 3.156687320710761746e+00
1.650000000000000000e+02 1.442094008083392112e+02 2.993746618563002357e+02 2.845781650543743879e+00
1.660000000000000000e+02 1.493027089008303392e+02 2.993641123548810583e+02 2.537467711105589441e+00
1.670000000000000000e+02 1.408017406285061384e+02 2.993256628778389654e+02 2.454687635442787563e+00
1.680000000000000000e+02 1.265897945986441187e+02 2.993568659005478025e+02 2.475066478645685297e+00
1.690000000000000000e+02 1.215648316221731733e+02 2.993867376286213471e+02 2.713610513976862926e+00
1.700000000000000000e+02 1.229245608924255038e+02 2.993415204753673606e+02 2.613194869101705731e+00
1.710000000000000000e+02 1.286577669618094149e+02 2.993304874384956520e+02 2.662670079793230560e+00
1.720000000000000000e+02 1.324249092979343345e+02 3.079461007777792929e+02 2.897514106411827939e+00
1.730000000000000000e+02 1.405838677937151147e+02 3.147113240119575721e+02 3.236793009400781074e+00
1.740000000000000000e+02 1.462845006838107054e+02 2.993608090370909167e+02 3.028677327767427041e+00
1.750000000000000000e+02 1.485177878213274312e+02 2.993654994489235719e+02 2.607763584733046702e+00
1.760000000000000000e+02 1.427610971804777762e+02 2.993644977895307306e+02 2.422280167785825888e+00
1.770000000000000000e+02 1.379778936756026440e+02 2.993752852852576893e+02 2.345176672292066833e+00
1.780000000000000000e+02 1.390396644054319211e+02 2.993813618859501275e+02 2.226023428042031238e+00
1.790000000000000000e+02 1.447111450948795550e+02 2.993721993948057616e+02 2.218027869650485151e+00
1.800000000000000000e+02 1.491452960082677919e+02 2.993740912463836708e+02 2.449617239162419136e+00
1.810000000000000000e+02 1.499945739513729279e+02 2.993749908608074293e+02 2.474084955569211264e+00
1.820000000000000000e+02 1.482896656010443337e+02 2.993773654799481960e+02 2.273546339154283391e+00
1.830000000000000000e+02 1.415434103576953362e+02 2.993704247068408222e+02 2.362859673505961933e+00
1.840000000000000000e+02 1.355629182781331394e+02 2.993736646749438819e+02 2.435071568708307321e+00
1.850000000000000000e+02 1.370810879935793878e+02 2.993749586882478297e+02 2.659373888541538555e+00
1.860000000000000000e+02 1.376030144431027225e+02 2.993765680172965631e+02 3.068347239584752195e+00
1.870000000000000000e+02 1.395673055380532332e+02 2.993786151483343474e+02 3.225261682516368023e+00
1.880000000000000000e+02 1.475305167753683122e+02 2.993824937531350656e+02 2.966281632567012938e+00
1.890000000000000000e+02 1.516487304010823607e+02 2.993785958458817618e+02 2.551916816456722081e+00
1.900000000000000000e+02 1.526483024153269241e+02 2.993721351656100751e+02 2.308431558928394356e+00
1.910000000000000000e+02 1.647216571803087959e+02 2.993850087989328586e+02 2.169503684353538464e+00
1.920000000000000000e+02 1.743686282745296978e+02 2.993839866869815296e+02 2.038009175279461349e+00
1.930000000000000000e+02 1.747394357310077169e+02 2.993870731831075318e+02 2.057251481517374803e+00
1.940000000000000000e+02 1.614873048097301194e+02 2.993753951250286605e+02 2.136347925845793139e+00
1.950000000000000000e+02 1.585219397501383582e+02 2.993684340633853367e+02 2.375492880427257258e+00
1.960000000000000000e+02 1.498393770857244078e+02 2.993761818544513176e+02 2.349526530588127660e+00
1.970000000000000000e+02 1.401945361226835871e+02 2.993747717607103596e+02 2.310466957382093067e+00
1.980000000000000000e+02 1.385874164045210932e+02 2.993753599085797532e+02 2.297551000787751985e+00
1.990000000000000000e+02 1.378378616342374698e+02 2.993747751033237137e+02 2.244600679062270565e+00
2.000000000000000000e+02 1.365999401713850432e+02 2.993652933554466813e+02 2.340088683247268264e+00
2.010000000000000000e+02 1.360576403318306689e+02 2.993724485771401191e+02 2.401588636842117541e+00
2.020000000000000000e+02 1.354459569357372857e+02 2.994112318294976944e+02 2.224898709987165990e+00
2.030000000000000000e+02 1.403494580227478536e+02 2.993588149097187738e+02 2.119352347843285411e+00
2.040000000000000000e+02 1.427781217962707956e+02 2.993572307542532371e+02 2.224346846679281953e+00
2.050000000000000000e+02 1.450982633855513484e+02 2.993921397086040201e+02 2.612774924809187382e+00
2.060000000000000000e+02 1.441938880509242153e+02 2.993617052910547613e+02 3.150023367311599376e+00
2.070000000000000000e+02 1.418686459370567832e+02 2.993794372361961678e+02 3.350706373016496542e+00
2.080000000000000000e+02 1.379100370642944711e+02 2.993780163479554517e+02 2.946233030526901775e+00
2.090000000000000000e+02 1.374474538277330282e+02 2.993604384841996762e+02 2.294368974245855064e+00
2.100000000000000000e+02 1.609445044946688483e+02 2.993615163778182477e+02 2.165732452173185330e+00
2.110000000000000000e+02 1.622710310490120946e+02 2.993728525900737054e+02 2.131131189800679504e+00
2.120000000000000000e+02 1.606374900839943791e+02 2.993717209758215176e+02 2.217133411376570162e+00
2.130000000000000000e+02 1.614808709912035170e+02 2.993760908602440054e+02 2.179430207020413235e+00
2.140000000000000000e+02 1.596826617843230736e+02 2.993750688930269348e+02 2.271531947342390279e+00
2.150000000000000000e+02 1.559737117628500869e+02 2.993749533689125428e+02 2.417443264917499945e+00
2.160000000000000000e+02 1.573095404817566134e+02 2.993717152627054361e+02 2.303315087280232820e+00
2.170000000000000000e+02 1.583596204313312228e+02 2.993765336576233835e+02 2.117388092578766035e+00
2.180000000000000000e+02 1.554294295889318107e+02 2.993727092436352564e+02 2.040593046244647546e+00
2.190000000000000000e+02 1.553946299423517985e+02 2.993742458324848030e+02 2.075516158578786019e+00
2.200000000000000000e+02 1.535561057178271369e+02 2.993766611516351759e+02 2.059358925870899082e+00
2.210000000000000000e+02 1.500352017544238947e+02 2.993746900499144772e+02 1.958946408253034566e+00
2.220000000000000000e+02 1.489777448279322414e+02 2.993614659800018103e+02 1.854593407099317082e+00
2.230000000000000000e+02 1.428904619236701592e+02 2.993651112381313055e+02 1.942720307005749270e+00
2.240000000000000000e+02 1.379638722587316408e+02 2.993753274152911104e+02 2.107598128057044828e+00
2.250000000000000000e+02 1.331211174976804159e+02 2.993809914686850675e+02 2.122346055109006979e+00
2.260000000000000000e+02 1.347513264377267035e+02 2.993723892984895087e+02 2.093972922593054786e+00
2.270000000000000000e+02 1.499670945482281184e+02 2.993751153467849235e+02 2.137946898413461749e+00
2.280000000000000000e+02 1.590882105100021136e+02 2.993717434144936647e+02 2.171472402975112015e+00
2.290000000000000000e+02 1.620891943028766207e+02 2.993754576785021868e+02 2.147585290765300581e+00
2.300000000000000000e+02 1.287872495569229159e+02 2.993751056175620420e+02 2.252837405048999653e+00
2.310000000000000000e+02 1.280323500532567778e+02 2.993748650064277399e+02 2.551817364252475073e+00
2.320000000000000000e+02 1.320495424276043082e+02 2.993744212363977795e+02 2.561963226591774223e+00
2.330000000000000000e+02 1.420277281102397353e+02 2.993745288701541085e+02 2.558740214177650518e+00
2.340000000000000000e+02 1.469706168782624616e+02 2.993516178243251602e+02 2.842792643465829272e+00
2.350000000000000000e+02 1.489897191618652528e+02 2.993509791332818963e+02 3.303442486646560816e+00
2.360000000000000000e+02 1.490599142886550794e+02 2.993852329679344848e+02 3.554855693128052163e+00
2.370000000000000000e+02 1.483451059423458389e+02 2.993714088972494665e+02 3.787784649360549150e+00
2.380000000000000000e+02 1.470835284381579129e+02 2.993832298008211410e+02 3.492722515256912796e+00
2.390000000000000000e+02 1.464038436890195101e+02 2.993709925055609347e+02 2.947814060455951068e+00
2.400000000000000000e+02 1.452173755961496795e+02 2.993813245095122397e+02 2.670947709056712416e+00
2.410000000000000000e+02 1.414339148077120285e+02 2.993821780825047654e+02 2.494564207045983473e+00
2.420000000000000000e+02 1.373879559716336303e+02 2.993881813440579549e+02 2.632572257063245047e+00
2.430000000000000000e+02 1.407906526404914587e+02 2.993548047868679305e+02 2.813004117807128335e+00
2.440000000000000000e+02 1.447749442306943592e+02 2.993610675724881958e+02 2.953659372785522041e+00
2.450000000000000000e+02 1.483204303278429848e+02 2.993714613928794961e+02 2.575717450257156482e+00
2.460000000000000000e+02 1.494822093117639099e+02 2.993775510747548765e+02 2.223703816520559151e+00
2.470000000000000000e+02 1.552240081102300451e+02 2.994016356644887082e+02 2.306823031259192636e+00
2.480000000000000000e+02 1.577366246014798605e+02 2.993851581831930844e+02 2.501554190124720911e+00
2.490000000000000000e+02 1.590959428715239881e+02 2.993859387292120573e+02 2.588281305391259224e+00
2.500000000000000000e+02 1.580712421419708562e+02 2.993739943620219606e+02 2.654048089594978066e+00
2.510000000000000000e+02 1.548013648285908914e+02 2.993639966781868793e+02 2.831070408943716643e+00
2.520000000000000000e+02 1.507854455148313093e+02 2.993668902519538051e+02 2.750967159923668248e+00
2.530000000000000000e+02 1.521714142620761265e+02 2.993743364768889137e+02 2.704005380096353939e+00
2.540000000000000000e+02 1.510078834887992230e+02 2.993775883875280783e+02 2.681751933290077883e+00
2.550000000000000000e+02 1.474661175428557556e+02 2.993779158807536760e+02 2.752045143018564843e+00
2.560000000000000000e+02 1.477373901866459676e+02 2.993757670356055201e+02 2.923289986251122574e+00
2.570000000000000000e+02 1.523574001980543926e+02 2.993736003188491850e+02 3.114300497746742558e+00
2.580000000000000000e+02 1.492739991066709990e+02 2.993773205507135344e+02 2.815752049786016009e+00
2.590000000000000000e+02 1.428446234686494449e+02 2.993732043945404939e+02 2.648584999143738461e+00
2.600000000000000000e+02 1.400956316884328601e+02 2.993750013572504827e+02 2.466508039335897795e+00
2.610000000000000000e+02 1.408218967847200247e+02 2.993721541056739284e+02 2.400453332101535775e+00
2.620000000000000000e+02 1.430757524315521039e+02 2.993767055251672673e+02 2.469589072836548382e+00
2.630000000000000000e+02 1.400680567461619717e+02 2.993746527280175656e+02 2.556193462460996990e+00
2.640000000000000000e+02 1.397074197825923534e+02 2.993780386676058356e+02 2.406203334698323371e+00
2.650000000000000000e+02 1.485277011424458351e+02 2.993610694123006510e+02 2.293463443989084638e+00
2.660000000000000000e+02 1.537208222301441651e+02 3.047812838305343917e+02 2.364562511382008125e+00
2.670000000000000000e+02 1.514141160728807733e+02 2.993967502611805003e+02 2.514228401221346054e+00
2.680000000000000000e+02 1.431892123775517405e+02 2.993747883688212141e+02 2.551462324024921902e+00
2.690000000000000000e+02 1.421166345175218737e+02 2.993745849247618480e+02 2.655991046325297145e+00
2.700000000000000000e+02 1.420438336608125098e+02 2.993748249676186788e+02 2.540133686607041419e+00
2.710000000000000000e+02 1.421957761764596739e+02 2.993740276956602884e+02 2.526838816986777925e+00
2.720000000000000000e+02 1.472031727992429069e+02 2.993784059811748648e+02 2.490497718055237897e+00
2.730000000000000000e+02 1.492999625964618815e+02 2.993784277286767974e+02 2.547464783062162841e+00
2.740000000000000000e+02 1.486698042592513218e+02 2.993699384742590723e+02 2.483581574300240735e+00
2.750000000000000000e+02 1.465938145307782463e+02 2.993702829639627794e+02 2.505990565385603386e+00
2.760000000000000000e+02 1.453596781494295271e+02 2.993785725691747075e+02 2.624628676734069632e+00
2.770000000000000000e+02 1.487233322619658793e+02 2.993708060818029253e+02 2.478931497152713437e+00
2.780000000000000000e+02 1.582791219028183036e+02 2.993729752616388282e+02 2.480236942050644711e+00
2.790000000000000000e+02 1.596422638213908556e+02 2.993790429046366626e+02 2.468137705356870271e+00
2.800000000000000000e+02 1.559112122384416352e+02 2.993758511965276057e+02 2.254881421021893484e+00
2.810000000000000000e+02 1.522733158403532627e+02 2.993741637068511068e+02 2.053572146865536130e+00
2.820000000000000000e+02 1.521021193832055758e+02 2.993755856239775426e+02 2.063816071914544636e+00
2.830000000000000000e+02 1.557459419196681267e+02 2.993728401949274485e+02 2.166573109847382828e+00
2.840000000000000000e+02 1.610085796972651906e+02 2.993639731240230049e+02 2.392281803574247689e+00
2.850000000000000000e+02 1.617248157922018095e+02 2.993768659124718852e+02 2.351860112401858771e+00
2.860000000000000000e+02 1.532589888022794469e+02 2.993707694720412746e+02 2.203016484092040539e+00
2.870000000000000000e+02 1.437354787749510479e+02 2.993736533735209377e+02 2.070964947875137074e+00
2.880000000000000000e+02 1.394545961925174709e+02 2.993721432763335315e+02 2.007351742309690934e+00
2.890000000000000000e+02 1.511182672108328404e+02 2.993544990406638249e+02 2.057323630352750676e+00
2.900000000000000000e+02 1.637834050734439586e+02 2.993724374004525544e+02 2.210367477034073325e+00
2.910000000000000000e+02 1.559389880841114859e+02 2.993748339433773253e+02 2.513055477035483154e+00
2.920000000000000000e+02 1.570933831365229025e+02 2.993733390321513639e+02 2.675288274428794466e+00
2.930000000000000000e+02 1.531457281831420687e+02 2.993766402675959739e+02 2.436894406587439832e+00
2.940000000000000000e+02 1.480259280347622735e+02 2.993747173961017438e+02 2.444768863798172376e+00
2.950000000000000000e+02 1.511431278684424342e+02 2.993844229811102764e+02 2.594438017713321276e+00
2.960000000000000000e+02 1.571456841484317124e+02 2.993843635400284029e+02 2.660171568189654057e+00
2.970000000000000000e+02 1.583075300188448580e+02 2.993709698267130079e+02 2.595660704690800458e+00
2.980000000000000000e+02 1.555438049326016312e+02 2.993822286270332143e+02 2.578673849665271689e+00
2.990000000000000000e+02 1.541857756377357305e+02 2.993704059462580744e+02 2.746976724034532857e+00
3.000000000000000000e+02 1.545663997540615355e+02 2.993568853118050015e+02 2.574619912050070347e+00
3.010000000000000000e+02 5.984180717160252527e+01 2.993693132221280848e+02 2.044997374847163485e+00
3.020000000000000000e+02 5.525242024089638448e+01 2.993605574335942947e+02 2.248319383432531016e+00
3.030000000000000000e+02 5.619022541933065185e+01 2.993789807634232716e+02 2.068155017007578422e+00
3.040000000000000000e+02 1.360356172965169037e+02 2.993726699686471306e+02 2.220777368430616683e+00
3.050000000000000000e+02 1.416418371142784736e+02 2.993962362566205115e+02 2.388576586042599370e+00
3.060000000000000000e+02 1.432460305672696848e+02 2.993986785489971112e+02 2.442482589641477020e+00
3.070000000000000000e+02 1.452287587242472569e+02 2.993919289088453866e+02 2.215608674574669035e+00
3.080000000000000000e+02 1.489390946377200464e+02 2.993466919394132901e+02 2.218859841820477907e+00
3.090000000000000000e+02 1.421141762670593209e+02 2.993734249374689398e+02 2.488722749304916437e+00
3.100000000000000000e+02 1.417352543038803390e+02 2.993638048857713443e+02 2.600871792983806774e+00
3.110000000000000000e+02 1.568876244951331387e+02 3.210088511603675556e+02 2.841074621899880803e+00
3.120000000000000000e+02 1.549975726462519390e+02 3.059254500888737880e+02 3.041369875960599156e+00
3.130000000000000000e+02 1.546968471035841333e+02 2.994007492731814750e+02 2.628130968351986230e+00
3.140000000000000000e+02 1.585275657706512220e+02 2.993693169980695075e+02 2.260410234428515519e+00
3.150000000000000000e+02 1.623352756778167532e+02 2.993682514130441064e+02 1.959512752542749148e+00
3.160000000000000000e+02 -1.031568500301756615e+02 2.993761149693445986e+02 1.765174120033993654e+00
3.170000000000000000e+02 1.534453455050038428e+02 2.994475186445129680e+02 1.698328652656093229e+00
3.180000000000000000e+02 1.547885503923876342e+02 2.993568066430258909e+02 2.006615990005971017e+00
3.190000000000000000e+02 1.532483808408845505e+02 2.994040275432962517e+02 2.342019122323871549e+00
3.200000000000000000e+02 1.559333432412605873e+02 2.993766868682508857e+02 2.334281098488871553e+00
3.210000000000000000e+02 9.662539276834455393e+01 3.200913563316564705e+02 2.160047920556269041e+00
3.220000000000000000e+02 1.087801813256561871e+02 2.993761070571432015e+02 2.284929847243986956e+00
3.230000000000000000e+02 1.258104122447641657e+02 2.993758356230197819e+02 2.191027070905851915e+00
3.240000000000000000e+02 1.426085909788743322e+02 2.993673829835225888e+02 2.074721541201658415e+00
3.250000000000000000e+02 1.524887206522723204e+02 2.993634003163165289e+02 2.067584475697219482e+00
3.260000000000000000e+02 1.580356726135142083e+02 2.993743928916750860e+02 2.328601234373708362e+00
3.270000000000000000e+02 1.594358614436678749e+02 2.993803422892824528e+02 2.313888339473594069e+00
3.280000000000000000e+02 1.583921106251604556e+02 2.993728347897879303e+02 2.042833666875035536e+00
3.290000000000000000e+02 1.381636079684188303e+02 2.993750365473420061e+02 1.827183463391534479e+00
3.300000000000000000e+02 1.254530349499619462e+02 2.993802060763880490e+02 1.965243580971354653e+00
3.310000000000000000e+02 1.285134990678923828e+02 2.993681905682387878e+02 2.120244541487179557e+00
3.320000000000000000e+02 1.414708642552914171e+02 2.993785888440926897e+02 2.146143124388362633e+00
3.330000000000000000e+02 1.455970983138463737e+02 2.993771502862707052e+02 2.075134938441124177e+00
3.340000000000000000e+02 -2.783921429548488291e+01 2.993739793079018341e+02 2.759206615222151715e+00
3.350000000000000000e+02 -2.716028228487274276e+01 2.993688166281621648e+02 3.198155468984133609e+00
3.360000000000000000e+02 -2.700577360607517718e+01 2.993680309544801048e+02 3.222090319741033770e+00
3.370000000000000000e+02 -2.762977412561959412e+01 2.993729020138013084e+02 2.740351438540452378e+00
3.380000000000000000e+02 1.514018150600212209e+02 2.993766035467928077e+02 2.337961816674781979e+00
3.390000000000000000e+02 1.666075581740383598e+02 2.993769125058384475e+02 2.150366784013701515e+00
3.400000000000000000e+02 1.743393256208856883e+02 2.993798527337910969e+02 2.267434796149011333e+00
3.410000000000000000e+02 1.579122042745230772e+02 2.993749508781043573e+02 2.268004478058787576e+00
3.420000000000000000e+02 1.459000590248991500e+02 2.993753582564098110e+02 2.273132917034305311e+00
3.430000000000000000e+02 1.447374410447732203e+02 2.993741663847428072e+02 2.228600360987740281e+00
3.440000000000000000e+02 1.442299471614157085e+02 2.993751973541940288e+02 2.023828485800480692e+00
3.450000000000000000e+02 -1.002981554663221608e+01 2.993741038589752748e+02 1.928507177085418967e+00
3.460000000000000000e+02 -1.120937747984754118e+01 2.993861317106825481e+02 2.242748392945389302e+00
3.470000000000000000e+02 -8.727142520957748673e+00 2.993649157697923329e+02 2.273732886987337665e+00
3.480000000000000000e+02 -3.164834078063663902e+00 2.993861410179403038e+02 2.123152077181742925e+00
3.490000000000000000e+02 1.398400726026192729e+02 2.993756605020782331e+02 2.374072947292882318e+00
3.500000000000000000e+02 1.439721687900468226e+02 2.993750626228166993e+02 2.419312243724037526e+00
3.510000000000000000e+02 1.534308250076623210e+02 2.993803843706683097e+02 2.312427902711712058e+00
3.520000000000000000e+02 1.646350503583564091e+02 2.993668975071025216e+02 2.053274941701635825e+00
3.530000000000000000e+02 3.188449910783639751e+01 2.993742433040389983e+02 2.067829940212922768e+00
3.540000000000000000e+02 1.633342498501396562e+02 2.993968412459506681e+02 2.180473717027683556e+00
3.550000000000000000e+02 1.585842453027211150e+02 2.993571143713709262e+02 2.303030235164001294e+00
3.560000000000000000e+02 1.516157085050238038e+02 2.993807139490662621e+02 2.156836949417069160e+00
3.570000000000000000e+02 1.459126252300185058e+02 2.993755454745262909e+02 2.148565065660402951e+00
3.580000000000000000e+02 2.853107516573925029e+00 2.993960425172562054e+02 2.316565918579063243e+00
3.590000000000000000e+02 -2.020442804655768754e+01 2.993736305917616960e+02 2.578064788541076791e+00
3.600000000000000000e+02 -2.694257236152514423e+01 2.993734567598272065e+02 3.417147177124005619e+00
3.610000000000000000e+02 -2.876668956749722383e+01 2.993747940946470862e+02 3.851980758480776590e+00
3.620000000000000000e+02 -3.021631362119586228e+01 2.993753130463312004e+02 3.795343269824928978e+00
3.630000000000000000e+02 -3.049017316395513433e+01 2.993755904123125333e+02 3.367452815030418822e+00
3.640000000000000000e+02 -2.660947517774858895e+01 2.993739207390088382e+02 2.533751732863191108e+00
3.650000000000000000e+02 1.037986829402343680e+01 2.993779436456793519e+02 1.945205048275416626e+00
3.660000000000000000e+02 3.562958633863783575e+01 2.993678080893001265e+02 2.208586684313714077e+00
3.670000000000000000e+02 2.957444097991492171e+01 2.993680651436851576e+02 2.325663615504125481e+00
3.680000000000000000e+02 2.235388417991127952e+01 2.993798986231785761e+02 2.339724160843434486e+00
3.690000000000000000e+02 3.179574095712727200e+01 2.993716000685587346e+02 2.013222459745600545e+00
3.700000000000000000e+02 1.619328589465377490e+02 2.993765115750821906e+02 2.084819471608084562e+00
3.710000000000000000e+02 1.559268322851638970e+02 2.993741511052250530e+02 2.147934032765027368e+00
3.720000000000000000e+02 1.580928975869155693e+02 2.993750819983919200e+02 2.102056925966811374e+00
3.730000000000000000e+02 1.522653665751196286e+02 2.993712021164993189e+02 2.058977578931435737e+00
3.740000000000000000e+02 1.486555578775347328e+02 2.993629772564005975e+02 1.949425492764988554e+00
3.750000000000000000e+02 1.470155542448198389e+02 2.993555712093050261e+02 2.094682826138069220e+00
3.760000000000000000e+02 1.520300797026201849e+02 2.993747428003015898e+02 2.143202438053317227e+00
3.770000000000000000e+02 1.589094468275644374e+02 2.993760626567126906e+02 2.293306628515741075e+00
3.780000000000000000e+02 1.600255828363761168e+02 2.993751297525105883e+02 2.626023073623659609e+00
3.790000000000000000e+02 1.597739721276333569e+02 2.993737770024486053e+02 2.686689490164057226e+00
3.800000000000000000e+02 1.553949805927572072e+02 2.993722384510398911e+02 2.734236784761026495e+00
3.810000000000000000e+02 1.547933474763857760e+02 2.993733168712603288e+02 2.790209671946389136e+00
3.820000000000000000e+02 1.567748787869801106e+02 2.993660055841494909e+02 2.830006687843541258e+00
3.830000000000000000e+02 1.634423303480443792e+02 2.993768605868360169e+02 2.559840824460309694e+00
3.840000000000000000e+02 1.662741607279676828e+02 2.993753324781990273e+02 2.419301084269971369e+00
3.850000000000000000e+02 1.660915849318901394e+02 2.993751177781978754e+02 2.302727275582708621e+00
3.860000000000000000e+02 1.641489118800779465e+02 2.993743562581698257e+02 2.132204181991602887e+00
3.870000000000000000e+02 1.562301698217546857e+02 2.993723636056695909e+02 2.135545405210887981e+00
3.880000000000000000e+02 1.540998975457648896e+02 2.993737422541688602e+02 2.171103675078083661e+00
3.890000000000000000e+02 1.558289102929585681e+02 2.993786556118198519e+02 2.104189909165153249e+00
3.900000000000000000e+02 1.633466213431496215e+02 3.072648287799710829e+02 2.112329414106025371e+00
3.910000000000000000e+02 1.622860444882656736e+02 3.135045352488404546e+02 2.426721625419682837e+00
3.920000000000000000e+02 1.579189789576537635e+02 2.993792778369388543e+02 2.983196414394519991e+00
3.930000000000000000e+02 1.561414227818145548e+02 2.993699158178021094e+02 3.340648925935751912e+00
3.940000000000000000e+02 1.545967962523044719e+02 2.993598867173162716e+02 3.521359146875028046e+00
3.950000000000000000e+02 1.529336461873525934e+02 2.993552541378434171e+02 3.618830902842868458e+00
3.960000000000000000e+02 1.521423825458458339e+02 2.993727414552333812e+02 3.490471946936837710e+00
3.970000000000000000e+02 1.550383070587901955e+02 2.993812496661385580e+02 3.239561081690453204e+00
3.980000000000000000e+02 1.560932332809484535e+02 2.993755539638701180e+02 3.023267864959093831e+00
3.990000000000000000e+02 1.621020229414621099e+02 2.993756539768124298e+02 2.896900599573661417e+00
4.000000000000000000e+02 1.607593154983222519e+02 2.993748415353272208e+02 2.927946639105587057e+00
4.010000000000000000e+02 1.578059763965089815e+02 2.993748681182498785e+02 2.642465362445068244e+00
4.020000000000000000e+02 1.555418694241885476e+02 2.993735780084872431e+02 2.605185035709403518e+00
4.030000000000000000e+02 1.535962850687342325e+02 2.993728091189103679e+02 2.553077475765356485e+00
4.040000000000000000e+02 1.528151309579058932e+02 2.993785391795277064e+02 2.422438915695331207e+00
4.050000000000000000e+02 1.500021193658523657e+02 2.993750012469236026e+02 2.345333613681554130e+00
4.060000000000000000e+02 1.434751543221686916e+02 2.993803129646937577e+02 2.268058427002610511e+00
4.070000000000000000e+02 1.421041799627879527e+02 2.993724433146966817e+02 2.395473742247553606e+00
4.080000000000000000e+02 1.427737859228588491e+02 2.993584931867164300e+02 2.589118664152164406e+00
4.090000000000000000e+02 1.446478503097642943e+02 2.993624192597367824e+02 2.596447990003332595e+00
4.100000000000000000e+02 1.447727280966940384e+02 2.993621245580151253e+02 2.378531142531437936e+00
4.110000000000000000e+02 1.418720287634680233e+02 2.993756230855804006e+02 2.164873721228601777e+00
4.120000000000000000e+02 1.361840901892545332e+02 2.993748676841416909e+02 2.253573392139031739e+00
4.130000000000000000e+02 1.364478239251315586e+02 2.993741551730338983e+02 2.400963265912316569e+00
4.140000000000000000e+02 1.461256093990101022e+02 2.993749782691143082e+02 2.276291163392039074e+00
4.150000000000000000e+02 1.539167732901910597e+02 2.993750327722152065e+02 2.130259459603608185e+00
4.160000000000000000e+02 1.522776821147370754e+02 2.993724999980674397e+02 2.087297850389521425e+00
4.170000000000000000e+02 1.473982204106082179e+02 2.993858150004881509e+02 2.201069216166060549e+00
4.180000000000000000e+02 1.418906137886199588e+02 2.993776607134519736e+02 2.250603622788931890e+00
4.190000000000000000e+02 1.374725418024144687e+02 2.993900548535449389e+02 2.253740703258201084e+00
4.200000000000000000e+02 1.326071899763679767e+02 2.993379163807667851e+02 2.154455545183186160e+00
4.210000000000000000e+02 1.572815780335748173e+02 2.993827173504093935e+02 1.950592223575324136e+00
4.220000000000000000e+02 1.636876069969546279e+02 2.993742299621743541e+02 2.211388098551514414e+00
4.230000000000000000e+02 1.593658679414107837e+02 2.993741310828767155e+02 2.479395766190920281e+00
4.240000000000000000e+02 1.574434429427719522e+02 2.993752414670298663e+02 2.399130548945374919e+00
4.250000000000000000e+02 1.538773179170398748e+02 2.993751885377753865e+02 2.295807460909802700e+00
4.260000000000000000e+02 1.499218905913881201e+02 2.993748183721899068e+02 2.160816658138946078e+00
4.270000000000000000e+02 1.518604457823374503e+02 2.993746503739118339e+02 1.938339040299277283e+00
4.280000000000000000e+02 1.423460633189812654e+02 2.993756738673371842e+02 1.871668925485950430e+00
4.290000000000000000e+02 1.404809489604305668e+02 2.993723347150182690e+02 1.764963329541924475e+00
4.300000000000000000e+02 -3.558983542740205763e+01 2.993708819246973576e+02 2.001988066395103516e+00
4.310000000000000000e+02 -3.196168116075286392e+01 2.993745547588291060e+02 2.340800143216169360e+00
4.320000000000000000e+02 -2.629875675630975351e+01 2.993777542655502657e+02 2.319137290267540230e+00
4.330000000000000000e+02 1.292337783278105690e+02 2.993886524711559218e+02 2.455210005025396658e+00
4.340000000000000000e+02 1.259451892176495988e+02 2.993761534601169956e+02 2.432837737640394238e+00
4.350000000000000000e+02 1.255447349407719742e+02 2.993868543276913101e+02 2.484446442842556557e+00
4.360000000000000000e+02 3.015338204553483692e+01 2.993789036776911985e+02 2.747701979572164444e+00
4.370000000000000000e+02 4.379848654293891030e+01 2.993669604250628709e+02 3.167010360569389338e+00
4.380000000000000000e+02 4.810426239736914766e+01 2.993777551805665667e+02 3.455371189750980676e+00
4.390000000000000000e+02 4.651031210807105509e+01 2.993868802504921405e+02 3.491477782844460531e+00
4.400000000000000000e+02 4.475375122306978426e+01 2.993971603181214505e+02 3.506804075858191094e+00
4.410000000000000000e+02 4.509463170077976457e+01 2.993443413183579196e+02 3.552517076211598290e+00
4.420000000000000000e+02 4.514045412787270806e+01 2.993543381645800423e+02 3.591769497916235121e+00
4.430000000000000000e+02 4.873421534721311588e+01 2.993841485886935629e+02 3.510717901195933077e+00
4.440000000000000000e+02 5.084737138360995345e+01 2.993864248648164903e+02 3.354403561335485229e+00
4.450000000000000000e+02 5.087830559607729697e+01 2.993880639967760544e+02 3.692781544784732084e+00
4.460000000000000000e+02 5.207043360102072427e+01 2.993769324060706367e+02 4.126462588770963613e+00
4.470000000000000000e+02 5.755021580383483837e+01 3.142558026023466482e+02 3.827226380285742913e+00
4.480000000000000000e+02 7.109958129622752665e+01 3.859705936298277038e+02 3.622093961031275011e+00
4.490000000000000000e+02 7.130976936858682791e+01 4.046695767271797877e+02 3.397590886550893696e+00
4.500000000000000000e+02 5.370039930928471250e+01 3.716331637153046472e+02 3.042496538374252157e+00
4.510000000000000000e+02 2.901551444928170653e+01 3.036443042794917346e+02 3.035523917594368459e+00
4.520000000000000000e+02 3.709677760159360815e+01 2.993740729032452350e+02 2.969028778078588893e+00
4.530000000000000000e+02 4.704409523390617665e+01 2.993738899341195747e+02 2.674687627017121372e+00
4.540000000000000000e+02 5.858069990134283245e+01 2.993802881448903577e+02 2.561149240916582137e+00
4.550000000000000000e+02 6.649580830781232521e+01 2.993835350927803916e+02 2.432663152087085390e+00
4.560000000000000000e+02 6.266928286304973028e+01 2.993870215400834240e+02 2.512999646292707556e+00
4.570000000000000000e+02 5.784788910256204275e+01 2.993728010759328981e+02 2.821701370042408730e+00
4.580000000000000000e+02 5.690507674105398905e+01 2.994042340230311652e+02 3.050900388495446869e+00
4.590000000000000000e+02 5.099093808896120095e+01 2.991538968710507902e+02 3.180496545503324501e+00
4.600000000000000000e+02 5.049179329597701837e+01 3.043978390081135785e+02 3.560581924963658551e+00
4.610000000000000000e+02 4.867400898469965398e+01 3.097268963433538147e+02 3.236774482484361393e+00
4.620000000000000000e+02 4.614061644741519075e+01 2.994012545469572615e+02 2.826765277597672821e+00
4.630000000000000000e+02 1.525051522390938601e+02 3.232461112537130248e+02 2.459742090690844929e+00
4.640000000000000000e+02 1.373439949227064858e+02 3.092169739861718085e+02 2.383696678730158336e+00
4.650000000000000000e+02 1.105255971273873001e+02 3.512909113253752480e+02 2.583585067034181115e+00
4.660000000000000000e+02 1.108451599670250687e+02 3.642287231774606084e+02 2.712478471010179693e+00
4.670000000000000000e+02 1.081633213949151866e+02 3.826713030943083709e+02 2.799307935051745577e+00
4.680000000000000000e+02 1.264067848938448577e+02 2.993032343927208672e+02 2.860581548856480971e+00
4.690000000000000000e+02 1.312984911355291331e+02 2.993905466262046389e+02 2.954155621934372977e+00
4.700000000000000000e+02 1.359516200863031372e+02 2.993754160564031395e+02 2.899609209577412194e+00
4.710000000000000000e+02 1.346555031321600779e+02 2.993631306612392109e+02 3.063836549742551263e+00
4.720000000000000000e+02 1.330689525239543514e+02 3.080908093190560066e+02 2.923769809662538410e+00
4.730000000000000000e+02 1.375178133931704281e+02 3.570276809276548420e+02 2.450047109626537711e+00
4.740000000000000000e+02 1.607431500916287348e+02 3.545148439047112561e+02 2.262824353455544113e+00
4.750000000000000000e+02 1.726921258814708153e+02 3.124794833945653068e+02 2.364736782333612730e+00
4.760000000000000000e+02 1.732114527337829202e+02 2.948639697827119335e+02 2.643256348009422219e+00
4.770000000000000000e+02 1.647939105818046812e+02 2.993944663755632973e+02 2.942538145422258555e+00
4.780000000000000000e+02 1.641666186290944154e+02 2.993787940491679933e+02 3.175906879344137845e+00
4.790000000000000000e+02 1.635144023740616603e+02 2.993631890723713127e+02 2.788466063687769836e+00
4.800000000000000000e+02 1.714072804496596802e+02 3.029698303100809085e+02 2.349615212362190952e+00
4.810000000000000000e+02 -1.718200416978486089e+02 2.993867496240952732e+02 2.146375468585030255e+00
4.820000000000000000e+02 -1.733121066407375963e+02 2.993800544889699609e+02 1.908483463301425598e+00
4.830000000000000000e+02 1.370329227979547966e+02 2.993827334958500046e+02 1.866868382920224168e+00
4.840000000000000000e+02 1.318837967296775844e+02 2.993771103519393932e+02 2.185698590527994867e+00
4.850000000000000000e+02 1.303871342942570095e+02 2.993733138640133689e+02 2.257623475977090344e+00
4.860000000000000000e+02 1.393948242906951691e+02 2.993682979586566830e+02 2.063598385867741136e+00
4.870000000000000000e+02 1.461147559990955358e+02 2.993771597684500989e+02 2.271092278397035091e+00
4.880000000000000000e+02 1.520546361122559915e+02 2.993739291966266478e+02 2.419245754036092766e+00
4.890000000000000000e+02 1.546376332667177280e+02 2.993450729690625849e+02 2.575491662187140651e+00
4.900000000000000000e+02 1.550403649148835825e+02 2.993881275610659713e+02 2.746570539071174544e+00
4.910000000000000000e+02 1.522167313030935247e+02 2.993724058334964866e+02 2.851035773506528592e+00
4.920000000000000000e+02 1.495941501979663144e+02 2.993810088141570986e+02 2.667802996506073221e+00
4.930000000000000000e+02 1.458201432476962225e+02 2.993788031465454651e+02 2.605768677882117412e+00
4.940000000000000000e+02 1.445880060986657725e+02 2.993648840038478056e+02 2.657285641452860059e+00
4.950000000000000000e+02 1.456804745703709898e+02 2.993798642014803590e+02 2.780476267587502104e+00
4.960000000000000000e+02 1.477116685795671458e+02 2.993775050824132791e+02 2.946388641779039030e+00
4.970000000000000000e+02 1.475328573143855806e+02 2.993763529328775803e+02 2.881737572947037584e+00
4.980000000000000000e+02 1.430479713050267208e+02 2.993760495327451281e+02 2.795911042672909907e+00
4.990000000000000000e+02 1.393804677044589653e+02 2.993746745140965686e+02 2.805330571794296457e+00
5.000000000000000000e+02 1.335728833935434352e+02 2.993743424650450606e+02 2.551685458159098641e+00
5.010000000000000000e+02 1.254520670426509241e+02 2.993740260193218887e+02 2.476291183047148792e+00
5.020000000000000000e+02 1.217609850807453142e+02 2.993746834586620480e+02 2.507646817513747628e+00
5.030000000000000000e+02 1.219624834861086526e+02 2.993749270592608696e+02 2.153572998387815129e+00
5.040000000000000000e+02 1.312276735234642331e+02 2.993620445437961166e+02 2.091244160988800616e+00
5.050000000000000000e+02 1.484759744704899163e+02 2.993653076864741820e+02 2.397824860859951723e+00
5.060000000000000000e+02 1.499384981964713290e+02 2.993756906062189387e+02 2.945192508113046781e+00
5.070000000000000000e+02 1.479139996794825720e+02 2.993758684417302902e+02 2.914924946685736984e+00
5.080000000000000000e+02 1.418421613992789219e+02 2.993764513735225137e+02 2.809175085610765787e+00
5.090000000000000000e+02 1.337640072154041775e+02 2.993760595622669598e+02 2.764549771639631892e+00
5.100000000000000000e+02 1.271249154850186613e+02 2.993774863277136546e+02 2.653941285628846014e+00
5.110000000000000000e+02 1.343170531706811062e+02 2.993728559719096438e+02 2.289815225035651380e+00
5.120000000000000000e+02 1.412458940919337920e+02 2.993819757391217991e+02 2.040842762231757312e+00
5.130000000000000000e+02 1.421740402369658511e+02 2.993735994059636596e+02 2.170854068574409546e+00
5.140000000000000000e+02 1.429149120970606077e+02 2.993688424765933860e+02 2.287971774092576904e+00
5.150000000000000000e+02 1.441267702035980847e+02 2.993745410510743454e+02 2.299916848657914681e+00
5.160000000000000000e+02 1.478858348166552048e+02 2.993748312276089223e+02 2.304383237517018124e+00
5.170000000000000000e+02 1.564633562305282055e+02 2.993768858549581182e+02 2.410636788093539984e+00
5.180000000000000000e+02 1.626221164064677112e+02 2.993808107871710718e+02 2.482235660261303156e+00
5.190000000000000000e+02 1.633890667202407769e+02 2.993659747512168678e+02 2.394374415359406427e+00
5.200000000000000000e+02 1.532363800661993594e+02 2.993685646666797311e+02 2.333590370254591484e+00
5.210000000000000000e+02 1.470942982929945515e+02 2.993703529211433079e+02 2.323431672636124379e+00
5.220000000000000000e+02 1.446021973515957768e+02 2.993762520698194862e+02 2.175071824192868597e+00
5.230000000000000000e+02 1.497608993262478805e+02 2.993750802118050842e+02 1.928476118178109822e+00
5.240000000000000000e+02 1.481633729732041616e+02 2.993733861532279548e+02 2.377140965443738985e+00
5.250000000000000000e+02 1.487751701578580423e+02 2.993654727975527976e+02 3.088968683051312336e+00
5.260000000000000000e+02 1.472725361537367235e+02 2.993831076300479594e+02 3.197784921894724519e+00
5.270000000000000000e+02 1.442083676790838638e+02 2.993723468565423218e+02 3.149917369149719981e+00
5.280000000000000000e+02 1.374128808155008130e+02 2.993792958870090501e+02 2.802075817829241977e+00
5.290000000000000000e+02 1.278098016820095211e+02 2.993776087989713233e+02 2.412636066009683944e+00
5.300000000000000000e+02 1.286158890842203277e+02 2.993634003497734284e+02 2.319745747809069947e+00
5.310000000000000000e+02 1.335251467698505508e+02 2.993816316398633717e+02 2.720315508876612220e+00
5.320000000000000000e+02 1.332280462989299394e+02 2.993868069602653463e+02 2.995136630248131926e+00
5.330000000000000000e+02 1.349858349453125754e+02 2.993574726747240788e+02 3.034161411294335142e+00
5.340000000000000000e+02 1.412771786255473501e+02 2.993804981224706125e+02 3.180968887966279190e+00
5.350000000000000000e+02 1.431569274206302964e+02 2.993747572554469230e+02 2.802173689915362864e+00
5.360000000000000000e+02 1.627013768492869588e+02 2.993782763600222552e+02 2.116991044369465502e+00
5.370000000000000000e+02 1.707094939942873566e+02 2.993791886250165817e+02 1.985944167529855919e+00
5.380000000000000000e+02 1.669596050910707561e+02 2.993765566891692060e+02 2.191252538920566373e+00
5.390000000000000000e+02 1.608118087521149846e+02 2.993745151331085026e+02 2.708333012234247050e+00
5.400000000000000000e+02 1.578530623323378563e+02 2.993754239982757213e+02 3.049064581367953330e+00
5.410000000000000000e+02 1.593446084521093837e+02 2.993782943774579053e+02 2.928000832677298604e+00
5.420000000000000000e+02 1.564836602571822084e+02 2.993692488441452610e+02 2.722850604600748792e+00
5.430000000000000000e+02 1.572219768810295477e+02 2.993838384713955634e+02 2.518608173404253581e+00
5.440000000000000000e+02 1.591604868308997425e+02 2.993844868267759693e+02 2.417794857890204430e+00
5.450000000000000000e+02 1.543943334496619570e+02 2.993686271882676238e+02 2.530456293007956159e+00
5.460000000000000000e+02 1.558825897409313939e+02 2.993759017072418374e+02 2.800164743815846347e+00
5.470000000000000000e+02 1.596033881773214205e+02 2.993753273549817209e+02 3.069459983753395349e+00
5.480000000000000000e+02 1.635887673622466991e+02 2.993739875180708623e+02 2.645922978285256910e+00
5.490000000000000000e+02 1.629934515914265205e+02 2.993762641446297721e+02 2.454943918568763817e+00
5.500000000000000000e+02 1.643652372697183068e+02 2.993771477224875071e+02 2.419668693156526107e+00
5.510000000000000000e+02 1.632484849800236759e+02 2.993664452477590885e+02 2.178102462071778600e+00
5.520000000000000000e+02 1.547389366381105447e+02 2.993782834494703593e+02 2.136188346545623951e+00
5.530000000000000000e+02 1.574925427096188173e+02 2.993737681023945356e+02 2.351779627374094517e+00
5.540000000000000000e+02 1.565758819526402874e+02 2.993738964747818727e+02 2.278486822790452226e+00
5.550000000000000000e+02 1.557553430317545917e+02 2.993752372221165956e+02 2.386296843684395430e+00
5.560000000000000000e+02 1.527540194349296883e+02 2.993722335185306633e+02 2.434212681096202147e+00
5.570000000000000000e+02 1.521849096672963526e+02 2.993746288978129542e+02 2.176246945382108944e+00
5.580000000000000000e+02 1.451832302407927671e+02 2.993780473347063662e+02 1.950651349310469129e+00
5.590000000000000000e+02 1.401351962792339521e+02 2.993740201737163602e+02 2.182904500376246393e+00
5.600000000000000000e+02 1.456283929556732062e+02 2.993754146594453118e+02 2.518600259737335811e+00
5.610000000000000000e+02 1.490478925765773113e+02 2.993751275435007528e+02 2.935951975823878790e+00
5.620000000000000000e+02 1.478661929075038870e+02 2.993755520431314494e+02 2.846299161518595966e+00
5.630000000000000000e+02 1.455364490385537408e+02 2.993762518141278974e+02 2.454791836349816680e+00
5.640000000000000000e+02 1.407434745082260577e+02 2.993730233603768625e+02 2.292958397335714160e+00
5.650000000000000000e+02 1.351983524940005168e+02 2.993769269047231205e+02 2.577119739932622000e+00
5.660000000000000000e+02 1.318860070007149261e+02 2.993752985853520272e+02 2.756941247362284297e+00
5.670000000000000000e+02 1.312226478437679020e+02 2.993741005937537238e+02 2.715506491495185415e+00
5.680000000000000000e+02 1.351100803578219427e+02 2.993737626466240158e+02 2.533392242457166876e+00
5.690000000000000000e+02 1.440474368506105236e+02 2.993748676995559777e+02 2.448830534723702712e+00
5.700000000000000000e+02 1.478578872699188196e+02 2.993762700278930993e+02 2.737244805246595636e+00
5.710000000000000000e+02 1.447267823896586947e+02 2.993683363939751416e+02 3.197900494455582443e+00
5.720000000000000000e+02 1.425419472268482650e+02 2.993702814067582381e+02 3.226179083191747843e+00
5.730000000000000000e+02 1.437220568814970818e+02 2.993768860853702449e+02 3.001020716598904681e+00
5.740000000000000000e+02 1.449349068348798824e+02 2.993613964915509769e+02 2.790494079703082608e+00
5.750000000000000000e+02 1.473448531407381950e+02 2.993806562293977436e+02 2.744579158274819353e+00
5.760000000000000000e+02 1.450157258145530363e+02 2.993663572899403675e+02 2.622399686033935584e+00
5.770000000000000000e+02 1.461764991977581190e+02 2.993740432197363361e+02 2.657140137212218090e+00
5.780000000000000000e+02 1.503191463639587653e+02 2.993750099184178453e+02 2.656337846644506673e+00
5.790000000000000000e+02 1.505054840929283557e+02 2.993768073400370895e+02 2.552075894837855685e+00
5.800000000000000000e+02 1.443367637628781779e+02 2.993737162871515807e+02 2.454301715087350733e+00
5.810000000000000000e+02 1.405068812941036356e+02 2.993667636950681867e+02 2.443105774450273326e+00
5.820000000000000000e+02 1.364104427717674639e+02 2.993668149353842409e+02 2.345380736447898684e+00
5.830000000000000000e+02 1.363662640757149802e+02 2.993701080400254568e+02 2.188368822560305738e+00
5.840000000000000000e+02 1.309851974978187741e+02 2.993624640610732968e+02 2.225372935944134323e+00
5.850000000000000000e+02 1.289401953539806129e+02 2.993687163679826426e+02 2.180075383906789899e+00
5.860000000000000000e+02 -1.734778223232804066e+02 2.993726206393500320e+02 1.995637740520339154e+00
5.870000000000000000e+02 1.919517156278398318e+01 2.993639987165198590e+02 2.052280833905477664e+00
5.880000000000000000e+02 -1.725201905703375473e+02 2.993765451222271281e+02 1.978918791263095223e+00
5.890000000000000000e+02 1.785032793311054604e+02 2.993737727348768658e+02 1.971526007475278730e+00
5.900000000000000000e+02 1.643591208251650642e+02 2.993741210488574893e+02 1.932353092299878172e+00
5.910000000000000000e+02 1.526077928189839099e+02 2.993694456533557968e+02 2.101871626803992310e+00
5.920000000000000000e+02 1.473221878607416784e+02 2.993848915869999701e+02 2.138054769542145017e+00
5.930000000000000000e+02 1.450085658015855188e+02 2.993224440989844197e+02 2.150059525963838425e+00
5.940000000000000000e+02 1.451458405864393626e+02 2.994302930133939640e+02 2.213026183242304157e+00
5.950000000000000000e+02 1.402647793178878146e+02 2.993656942762548852e+02 2.235099944059149024e+00
5.960000000000000000e+02 1.350123347393725624e+02 2.993637940573985929e+02 2.314451288168316800e+00
5.970000000000000000e+02 1.351841827560375009e+02 2.993798882922398548e+02 2.610514712073374266e+00
5.980000000000000000e+02 1.396554775984824346e+02 2.993763044862174070e+02 2.723497224774255265e+00
5.990000000000000000e+02 1.433039928857701000e+02 2.993753966893365259e+02 2.860416914983999082e+00
6.000000000000000000e+02 1.408878739219592546e+02 2.993705357826710838e+02 2.773774648163080059e+00
6.010000000000000000e+02 1.353362477985985777e+02 2.993846327344720066e+02 2.854415705644476109e+00
6.020000000000000000e+02 1.345750068740213123e+02 2.993600631513355097e+02 3.126816179996918965e+00
6.030000000000000000e+02 1.359080713342176523e+02 2.993777211203042157e+02 3.010933931631434302e+00
6.040000000000000000e+02 1.424702967788263948e+02 2.993663655420403416e+02 2.800995973166455322e+00
6.050000000000000000e+02 1.491480116123899506e+02 2.993855867896739937e+02 3.026249837027656930e+00
6.060000000000000000e+02 1.499731203483409274e+02 2.993753818663631137e+02 3.221924277955194871e+00
6.070000000000000000e+02 1.499055141990039601e+02 2.993763857292130410e+02 3.002707454019442501e+00
6.080000000000000000e+02 1.472176453566284806e+02 2.993787946400137798e+02 2.824732234825791721e+00
6.090000000000000000e+02 1.416975569583085246e+02 2.993803667221744149e+02 2.330058083148449644e+00
6.100000000000000000e+02 1.407861129459749066e+02 2.993556247322865715e+02 2.032407304611191456e+00
6.110000000000000000e+02 1.407473399685497668e+02 2.993604748200660310e+02 2.053818972101193907e+00
6.120000000000000000e+02 1.362557170141112977e+02 2.993702708284743608e+02 2.282522379667710322e+00
6.130000000000000000e+02 1.394548971494550074e+02 2.993827415008117896e+02 2.724025312146332034e+00
6.140000000000000000e+02 1.457264876664351618e+02 2.993777174400222520e+02 2.825297250497545321e+00
6.150000000000000000e+02 1.497299532820224783e+02 2.993775885121108900e+02 2.832823072614170101e+00
6.160000000000000000e+02 1.508623987134045024e+02 2.993660553966268481e+02 2.529661126142955574e+00
6.170000000000000000e+02 1.446057707176865961e+02 2.993761398627136714e+02 2.285178438633411524e+00
6.180000000000000000e+02 1.388595344995770517e+02 2.993669048504232251e+02 2.365058911210681902e+00
6.190000000000000000e+02 1.335482338831330082e+02 2.993883645554562918e+02 2.681782056060492803e+00
6.200000000000000000e+02 1.329632102578698039e+02 2.993305607263841353e+02 2.844587519762474148e+00
6.210000000000000000e+02 1.343316063827194284e+02 2.993609668147914817e+02 2.894061503050933126e+00
6.220000000000000000e+02 1.346550535030757487e+02 2.993433703774346100e+02 3.133085362732532353e+00
6.230000000000000000e+02 1.371596652046530664e+02 2.993888434887968515e+02 3.272055525101041695e+00
6.240000000000000000e+02 1.367483756808793203e+02 2.993682879261305629e+02 2.953348176986078766e+00
6.250000000000000000e+02 1.415324689330946910e+02 2.993730560529290301e+02 2.622603803841888404e+00
6.260000000000000000e+02 1.565314201133638505e+02 2.993798149566601410e+02 2.298252394899194417e+00
6.270000000000000000e+02 1.678402688940153666e+02 2.993727571219151855e+02 2.213219332963521246e+00
6.280000000000000000e+02 1.702755509774975451e+02 2.993791709417185416e+02 2.052773748312697322e+00
6.290000000000000000e+02 1.685210539204384474e+02 2.993806081307007503e+02 1.917045779712032827e+00
6.300000000000000000e+02 1.545987804599611763e+02 2.993802038609120473e+02 1.832189414155250606e+00
6.310000000000000000e+02 1.487264376235295060e+02 2.993584216036786074e+02 1.945848525689036324e+00
6.320000000000000000e+02 1.464874772706171484e+02 2.993634910585336684e+02 2.028668357874978678e+00
6.330000000000000000e+02 1.465174909508360770e+02 2.993678284101625877e+02 1.974713080369267404e+00
6.340000000000000000e+02 1.399359159385164446e+02 2.993751771388414795e+02 1.908857054038267886e+00
6.350000000000000000e+02 1.427146477214201923e+02 2.993719706766659101e+02 1.976310016708866524e+00
6.360000000000000000e+02 1.470005678709054280e+02 2.993621633499892596e+02 2.159183779097304967e+00
6.370000000000000000e+02 1.418035808444390682e+02 2.993805581766747537e+02 2.433780280103341465e+00
6.380000000000000000e+02 1.419943003415657188e+02 2.993751622519920375e+02 2.289678537511611545e+00
6.390000000000000000e+02 1.497491503766725316e+02 2.993787935375866596e+02 2.166424337909996556e+00
6.400000000000000000e+02 1.529710179559374126e+02 2.993651839415225027e+02 2.035440357762168251e+00
6.410000000000000000e+02 1.425458520946754959e+02 2.993702693970512883e+02 2.060022159016235754e+00
6.420000000000000000e+02 1.281434938190948003e+02 2.993738649304629007e+02 2.289963696300913565e+00
6.430000000000000000e+02 1.301177901869435232e+02 2.993741197698553265e+02 2.329152887171195285e+00
6.440000000000000000e+02 1.449245622268867351e+02 2.993491596362649716e+02 2.242906914431062049e+00
6.450000000000000000e+02 1.498939896604509556e+02 2.993779799851843109e+02 2.304322085696156819e+00
6.460000000000000000e+02 1.490286582201597128e+02 2.993417043994309097e+02 2.391274594428128619e+00
6.470000000000000000e+02 1.497214173967759052e+02 2.993802301915222870e+02 2.498016602046122525e+00
6.480000000000000000e+02 1.518953032317982093e+02 2.993762135157404032e+02 2.569405303313726296e+00
6.490000000000000000e+02 1.544648823139358740e+02 2.993709162704051892e+02 2.637770787233188141e+00
6.500000000000000000e+02 1.578171435145468138e+02 2.993756998457433269e+02 2.659351895374668651e+00
6.510000000000000000e+02 1.569830040379959541e+02 2.993676360968229346e+02 2.284051037183684851e+00
6.520000000000000000e+02 1.608577329152673485e+02 2.993729458323773542e+02 1.923579971366284003e+00
6.530000000000000000e+02 1.610034518577828067e+02 2.993722078156492898e+02 1.916457498902566670e+00
6.540000000000000000e+02 1.503039538904870653e+02 2.993756833895810132e+02 2.107390759398022784e+00
6.550000000000000000e+02 1.319371390001657574e+02 2.993749909547983066e+02 2.213056513206481224e+00
6.560000000000000000e+02 1.396503142185621016e+02 2.993717509455590289e+02 2.161773946760981779e+00
6.570000000000000000e+02 1.568073721258362241e+02 2.993798548189207054e+02 2.241314325772297167e+00
6.580000000000000000e+02 1.528751628982047919e+02 2.993659300154304788e+02 2.442236461681439597e+00
6.590000000000000000e+02 1.415341739652764375e+02 2.993925326239101423e+02 2.469691302228680385e+00
6.600000000000000000e+02 1.320536048344196445e+02 2.993736781160676514e+02 2.617098405164569819e+00
6.610000000000000000e+02 1.272522219525981200e+02 2.993806679934727981e+02 2.637855540104498964e+00
6.620000000000000000e+02 1.294894690397347574e+02 2.993743503551385743e+02 2.541690545894389697e+00
6.630000000000000000e+02 1.343160162068847967e+02 2.993771744056297734e+02 2.519982671639938498e+00
6.640000000000000000e+02 1.308724318857210562e+02 2.993817605395173018e+02 2.673738030958006107e+00
6.650000000000000000e+02 1.279525617018241093e+02 2.993752029416674532e+02 2.940711151522677369e+00
6.660000000000000000e+02 1.280890929079306773e+02 2.993741484819642551e+02 2.542363974024118178e+00
6.670000000000000000e+02 1.358659605860134150e+02 2.993764165768860153e+02 2.379076500187039311e+00
6.680000000000000000e+02 1.407904173836726329e+02 2.993588738296579663e+02 2.430615829516307613e+00
6.690000000000000000e+02 1.335127062681893335e+02 2.993923830575060379e+02 2.344423853600368535e+00
6.700000000000000000e+02 1.140444608654561165e+02 2.993741710066487940e+02 2.302507446241868205e+00
6.710000000000000000e+02 1.147964788046900537e+02 2.993630327126179509e+02 2.187177543889460729e+00
6.720000000000000000e+02 1.257381050708750792e+02 2.993769911869903240e+02 2.145537026674725123e+00
6.730000000000000000e+02 1.474710177378520939e+02 2.993779664663148878e+02 2.125865438604062074e+00
6.740000000000000000e+02 1.443492086394493583e+02 2.993736043660932182e+02 1.963536119821755799e+00
6.750000000000000000e+02 -2.482880592661799923e+01 2.993768215896738525e+02 3.058163927346678079e+00
6.760000000000000000e+02 -2.458370781856977061e+01 2.993772869534755614e+02 4.311671997340615015e+00
6.770000000000000000e+02 -2.473876164340187245e+01 2.993782743298868354e+02 4.990542736215721753e+00
6.780000000000000000e+02 -2.473342174487819989e+01 2.993782928059337678e+02 4.971127509799263322e+00
6.790000000000000000e+02 -2.408318001055111424e+01 2.993753744781790260e+02 4.223023097409640769e+00
6.800000000000000000e+02 -2.293393345269257111e+01 2.993754730181522064e+02 2.711710760328847503e+00
6.810000000000000000e+02 1.264018385493256176e+02 2.993716370605733346e+02 1.992451350501235785e+00
6.820000000000000000e+02 1.164087362869465352e+02 2.993672828718142682e+02 2.071536316604523975e+00
6.830000000000000000e+02 1.317984513914294666e+02 2.993816467318379182e+02 2.118561647723719688e+00
6.840000000000000000e+02 1.444672872221007083e+02 2.993682672890794265e+02 2.205759551610650515e+00
6.850000000000000000e+02 1.568147670053160709e+02 2.993856128808711787e+02 2.296389152357013241e+00
6.860000000000000000e+02 1.642457579345168313e+02 2.993883101038572931e+02 2.353937675474700786e+00
6.870000000000000000e+02 1.601750120577501662e+02 2.993852260814371107e+02 2.004656403426847699e+00
6.880000000000000000e+02 1.371362078056972678e+02 2.993703281786329171e+02 1.829126644326015683e+00
6.890000000000000000e+02 1.277652149644486883e+02 2.993754523906561076e+02 2.134716288780301507e+00
6.900000000000000000e+02 1.254904882083340709e+02 2.993752771861564383e+02 2.244104820122695187e+00
6.910000000000000000e+02 1.283076834411042455e+02 2.993751825292293347e+02 2.137662356560360521e+00
6.920000000000000000e+02 1.345105914736487591e+02 2.993794403331895069e+02 2.179473164999990775e+00
6.930000000000000000e+02 1.470368823080832499e+02 2.993646998151473895e+02 2.157307157688946209e+00
6.940000000000000000e+02 1.422602437157766246e+02 2.993775345995788371e+02 2.470200181765330072e+00
6.950000000000000000e+02 1.344734963142815900e+02 2.993741794867506769e+02 2.837018508136419204e+00
6.960000000000000000e+02 1.311599340489132715e+02 2.993841624960784316e+02 2.962381164271902456e+00
6.970000000000000000e+02 1.267853330779269214e+02 2.993675378988165789e+02 3.105704845518631352e+00
6.980000000000000000e+02 1.252769020152124000e+02 2.993806730938272835e+02 2.713185337333760216e+00
6.990000000000000000e+02 1.320943915092057637e+02 2.993724969650729690e+02 2.343441570514620764e+00
7.000000000000000000e+02 1.394550702672783018e+02 2.993910987080567452e+02 2.436996476427126801e+00
7.010000000000000000e+02 1.420451720775810145e+02 2.993721007921896557e+02 2.634225536543921997e+00
7.020000000000000000e+02 1.141517694401207308e+02 3.446055651239721556e+02 2.547149172972250408e+00
7.030000000000000000e+02 1.131709532583210631e+02 3.350578752415432291e+02 2.468972247769444017e+00
7.040000000000000000e+02 1.125924687942960247e+02 3.409731119351228017e+02 2.477980600102245301e+00
7.050000000000000000e+02 1.117758870632054169e+02 3.510220439686115128e+02 2.251090488305574233e+00
7.060000000000000000e+02 1.191619782022995366e+02 3.641953957744579498e+02 1.948854097657040763e+00
7.070000000000000000e+02 1.484517619606464223e+02 2.992374170656634647e+02 2.157295598256374181e+00
7.080000000000000000e+02 1.534226231514260803e+02 2.993904273828687792e+02 2.585912275894421075e+00
7.090000000000000000e+02 1.552831041851920872e+02 2.993829009027870711e+02 2.738944261585428031e+00
7.100000000000000000e+02 1.514385779154162606e+02 2.993786315316922924e+02 2.707266386829296767e+00
7.110000000000000000e+02 1.429015896213038843e+02 2.993676545775949194e+02 2.887115431045378156e+00
7.120000000000000000e+02 1.398684453584941423e+02 2.993757435183980533e+02 2.907638200849169685e+00
7.130000000000000000e+02 1.426569103980456248e+02 2.993726522068351983e+02 2.841031120358435302e+00
7.140000000000000000e+02 1.425614864984487156e+02 2.993724098464919621e+02 2.728073215150155217e+00
7.150000000000000000e+02 1.429695005102572338e+02 2.993595866461499782e+02 2.522588204853809302e+00
7.160000000000000000e+02 1.477903528067391505e+02 2.993855410530922541e+02 2.340119062096171376e+00
7.170000000000000000e+02 1.346383705489465399e+02 2.974618104922916473e+02 2.242639186674557639e+00
7.180000000000000000e+02 1.198218227187337845e+02 2.993848054601891704e+02 2.545115242577358661e+00
7.190000000000000000e+02 1.141126334065395440e+02 2.993721267760730598e+02 2.719102534102192603e+00
7.200000000000000000e+02 1.140550185254206355e+02 2.993744370850162113e+02 2.987111555807080432e+00
7.210000000000000000e+02 1.160354784519687570e+02 2.993747035728743526e+02 3.326892926753230562e+00
7.220000000000000000e+02 1.201412547354182294e+02 2.993740331086764286e+02 3.070198091058265355e+00
7.230000000000000000e+02 1.271096707136608472e+02 2.993783422142861355e+02 2.859841177813215118e+00
7.240000000000000000e+02 1.313325730793266644e+02 2.993784762281158578e+02 2.687482292385483085e+00
7.250000000000000000e+02 1.303238670047371386e+02 2.993708834431050150e+02 3.007591213055917478e+00
7.260000000000000000e+02 1.342995168168255304e+02 2.993718446285518553e+02 3.460498323851199487e+00
7.270000000000000000e+02 1.357020077866474708e+02 2.993770810768850765e+02 3.322784526803049143e+00
7.280000000000000000e+02 1.351449717749234196e+02 2.993796488911833080e+02 2.860817343262023638e+00
7.290000000000000000e+02 1.339097692583638661e+02 2.993747860628887452e+02 2.474170368872620873e+00
7.300000000000000000e+02 1.324793181058060441e+02 2.993801397893127501e+02 2.431248947971811347e+00
7.310000000000000000e+02 1.268445555368335249e+02 2.993800016455793411e+02 2.272061232024900956e+00
7.320000000000000000e+02 1.122477179000397882e+02 2.993729193432761235e+02 2.271892616032869405e+00
7.330000000000000000e+02 8.666834782939510262e+01 2.993831063144917835e+02 2.523346654366425135e+00
7.340000000000000000e+02 7.521353225660089947e+01 2.992992504601175483e+02 2.694051496064230111e+00
7.350000000000000000e+02 8.437184490934255621e+01 2.993798574402923123e+02 2.663507746256394970e+00
7.360000000000000000e+02 1.085707817122208922e+02 2.993662874336668551e+02 3.071722118276677627e+00
7.370000000000000000e+02 1.131169555895366585e+02 2.993830872017809952e+02 3.246303722667818192e+00
7.380000000000000000e+02 1.123809322060006792e+02 2.993713418048220092e+02 3.042735021681485907e+00
7.390000000000000000e+02 1.119287556045013901e+02 2.993768907914041506e+02 3.097308620789729794e+00
7.400000000000000000e+02 1.190982902111709762e+02 2.995010960944738940e+02 3.221817429708542235e+00
7.410000000000000000e+02 1.273368042041442862e+02 2.994454847594010403e+02 2.929924201598367084e+00
7.420000000000000000e+02 1.327582479441548173e+02 2.993414631268987591e+02 3.124425226757487462e+00
7.430000000000000000e+02 1.345460877745363177e+02 2.993532583378538448e+02 3.154017247974169269e+00
7.440000000000000000e+02 1.325456691855496842e+02 2.993515976075935328e+02 2.976378085409807195e+00
7.450000000000000000e+02 1.333290268944900561e+02 2.993894638536413026e+02 3.169676292025601416e+00
7.460000000000000000e+02 1.353526132883443722e+02 2.993804874147498367e+02 3.237777756415569197e+00
7.470000000000000000e+02 1.311905965852434974e+02 2.993815928283356129e+02 2.942433181444461976e+00
7.480000000000000000e+02 1.292066712727084052e+02 2.993789407994748331e+02 2.675906012008276491e+00
7.490000000000000000e+02 1.211208632839820183e+02 3.094328064550691693e+02 2.391676296342454489e+00
7.500000000000000000e+02 1.231477546127192255e+02 3.672048779649021526e+02 2.480499175937888712e+00
7.510000000000000000e+02 1.263390536522369274e+02 3.481382375333361097e+02 2.565476121236040630e+00
7.520000000000000000e+02 1.262860523930026631e+02 2.993718839305479946e+02 2.499989383447396296e+00
7.530000000000000000e+02 1.241155887761701564e+02 2.993712555021811568e+02 2.497719513860456431e+00
7.540000000000000000e+02 1.153879417308029218e+02 2.994312125051424687e+02 2.486936079449656667e+00
7.550000000000000000e+02 1.164732524978764161e+02 2.993311046918418015e+02 2.648547620070202058e+00
7.560000000000000000e+02 1.261626445783161188e+02 2.993703293734769204e+02 2.741428522164909065e+00
7.570000000000000000e+02 1.313266364742625854e+02 2.993861879738290668e+02 2.874826653738359550e+00
7.580000000000000000e+02 1.328103133127047499e+02 2.993641369428347048e+02 3.054252296144436052e+00
7.590000000000000000e+02 1.327657854261750003e+02 2.993694113061094981e+02 2.786602659698102613e+00
7.600000000000000000e+02 1.274722233349557143e+02 2.993766163530772815e+02 2.810628021422411749e+00
7.610000000000000000e+02 1.209714175586303497e+02 2.993702465967683679e+02 3.057521875767690300e+00
7.620000000000000000e+02 1.196503132514275904e+02 2.993741063075068496e+02 2.948776563690196806e+00
7.630000000000000000e+02 1.205398730463774939e+02 2.993791999025378345e+02 2.574909804868211527e+00
7.640000000000000000e+02 1.388776212419013802e+02 2.993869889437457346e+02 2.509807975974432281e+00
7.650000000000000000e+02 1.416189145140255334e+02 2.993781171225127196e+02 2.707491383720786349e+00
7.660000000000000000e+02 1.361263965481443279e+02 2.993738620893666962e+02 2.760415550867718615e+00
7.670000000000000000e+02 1.351294155097752139e+02 2.993873122556901194e+02 2.744496261162699735e+00
7.680000000000000000e+02 1.380422875016897990e+02 2.993739829150556488e+02 2.959047583806078130e+00
7.690000000000000000e+02 1.395021523907887797e+02 2.993912216092921312e+02 2.780190043735641936e+00
7.700000000000000000e+02 1.398700701879254780e+02 2.993830982633827489e+02 2.632796992557028926e+00
7.710000000000000000e+02 1.370123685534509264e+02 2.990262997656506627e+02 2.598218588936079598e+00
7.720000000000000000e+02 1.336376571721871755e+02 2.993848542172978000e+02 2.861679778433428023e+00
7.730000000000000000e+02 1.308366806690359283e+02 2.993351764840975875e+02 3.127336261070023937e+00
7.740000000000000000e+02 1.327825414904208685e+02 2.992944094093535909e+02 3.254803433202278828e+00
7.750000000000000000e+02 1.350477422607957863e+02 2.993962978525021299e+02 3.356721633155146822e+00
7.760000000000000000e+02 1.335532895694469460e+02 2.993783738005715236e+02 3.039078516677741426e+00
7.770000000000000000e+02 1.263257011891019914e+02 2.993725909003310335e+02 2.738940612618170789e+00
7.780000000000000000e+02 1.260354247589186230e+02 2.993747915527932264e+02 2.477465347276717189e+00
7.790000000000000000e+02 1.338355892757258800e+02 2.993748153303264985e+02 2.195840392964344634e+00
7.800000000000000000e+02 1.368551173501874985e+02 2.993758341253193862e+02 2.194326448557811560e+00
7.810000000000000000e+02 1.289756278784560948e+02 2.993754274230518035e+02 2.366355441644099500e+00
7.820000000000000000e+02 1.279762686323864784e+02 2.993748553177631493e+02 2.466809871273813126e+00
7.830000000000000000e+02 1.271115478477800451e+02 2.993672601085579572e+02 2.579327045441078603e+00
7.840000000000000000e+02 1.219683777139348706e+02 2.993746666017211737e+02 2.591209602150116087e+00
7.850000000000000000e+02 1.198109887361535613e+02 2.993745907182645283e+02 2.710678992326001513e+00
7.860000000000000000e+02 1.222462607919869981e+02 2.993720561492789329e+02 2.756087779008530525e+00
7.870000000000000000e+02 1.252231624902076135e+02 2.993720759605074591e+02 2.489821259944641874e+00
7.880000000000000000e+02 1.651680879771099910e+02 2.993679754725873181e+02 2.176469676593327129e+00
7.890000000000000000e+02 1.557805598772878284e+02 2.993730445998946266e+02 2.467856677671525834e+00
7.900000000000000000e+02 1.478344831849409502e+02 2.993748795237458467e+02 2.756952045206936486e+00
7.910000000000000000e+02 1.380454361156856748e+02 2.993747544817366020e+02 2.786031313908747364e+00
7.920000000000000000e+02 1.339646661989018810e+02 2.993753160601235663e+02 2.987752344323938214e+00
7.930000000000000000e+02 1.352358619933695536e+02 2.993819026518733608e+02 3.018277790993056264e+00
7.940000000000000000e+02 1.229499284032450817e+02 2.993716768822166046e+02 2.868832754296091636e+00
7.950000000000000000e+02 1.156329459139762434e+02 2.993752323422065160e+02 2.484239213044901806e+00
7.960000000000000000e+02 1.109881480091642203e+02 2.993740476749065920e+02 2.240654151989570853e+00
7.970000000000000000e+02 1.139941502481315325e+02 2.993750291216550181e+02 2.482951941723360534e+00
7.980000000000000000e+02 1.206487608074028230e+02 2.993677813541022488e+02 2.717820658974402281e+00
7.990000000000000000e+02 1.239047714802538565e+02 2.993767851458088103e+02 3.068017471781437244e+00
8.000000000000000000e+02 1.303262526791992855e+02 2.993706957497389567e+02 2.915439414170936772e+00
8.010000000000000000e+02 1.414349850480645330e+02 2.993790016149905000e+02 2.475285528445100525e+00
8.020000000000000000e+02 1.436467204223090732e+02 2.993758292739628359e+02 2.290248303496998705e+00
8.030000000000000000e+02 1.408473415748237869e+02 2.993725441854330711e+02 2.159832839072730160e+00
8.040000000000000000e+02 -2.525019637900915725e+01 2.993710656286468748e+02 3.803019925648636779e+00
8.050000000000000000e+02 -2.488612760914081790e+01 2.993784233630480571e+02 5.967521585390297645e+00
8.060000000000000000e+02 -2.489252987445957643e+01 2.993786940329289337e+02 7.353075219907362126e+00
8.070000000000000000e+02 -2.485394962961008147e+01 2.993785686248556885e+02 7.952324430772171659e+00
8.080000000000000000e+02 -2.480985870262485093e+01 2.993782059048895690e+02 7.530726047717745786e+00
8.090000000000000000e+02 -2.489290373583173377e+01 2.993778560912683133e+02 5.924606067490143069e+00
8.100000000000000000e+02 -2.431188404879677378e+01 2.993755854749270497e+02 3.279230823667003580e+00
8.110000000000000000e+02 1.530986290027016139e+02 2.993690976740343217e+02 1.831742245039612138e+00
8.120000000000000000e+02 1.576169088328563817e+02 2.993690770935916134e+02 1.819451501465057408e+00
8.130000000000000000e+02 1.589698930942329298e+02 2.993716052453924590e+02 1.822609237713799679e+00
8.140000000000000000e+02 1.543753733367942402e+02 2.993689923094385676e+02 1.821553787237555122e+00
8.150000000000000000e+02 1.422818959024745311e+02 2.993658744897884958e+02 1.957496400033434281e+00
8.160000000000000000e+02 1.336343778165718561e+02 2.993875099588383364e+02 2.223742054349295394e+00
8.170000000000000000e+02 1.315215181609690092e+02 2.993968553284093446e+02 2.178438490349988932e+00
8.180000000000000000e+02 1.329722942744425040e+02 2.993328042843272101e+02 1.933250849633317170e+00
8.190000000000000000e+02 1.560422553637968974e+02 2.993743477311143124e+02 1.940716547003588976e+00
8.200000000000000000e+02 1.580520651719253067e+02 2.993741420863971143e+02 2.244334381881124774e+00
8.210000000000000000e+02 1.544296135568257569e+02 2.993600411004898092e+02 2.660392825775503844e+00
8.220000000000000000e+02 1.552510222721928983e+02 2.993937679729499450e+02 2.765802551968691514e+00
8.230000000000000000e+02 1.520455697916230804e+02 2.993754738273733551e+02 2.673931536389858810e+00
8.240000000000000000e+02 1.445864122581255629e+02 2.993725624581363718e+02 2.361133048947253954e+00
8.250000000000000000e+02 1.440179565101842343e+02 2.993748608638132964e+02 2.197830873081074721e+00
8.260000000000000000e+02 1.295426322328089555e+02 2.993768217377854057e+02 2.154198580099773164e+00
8.270000000000000000e+02 1.389191068313519395e+02 2.993316378547703493e+02 2.238789801824412784e+00
8.280000000000000000e+02 1.541422061939596801e+02 2.993720689694308703e+02 2.386520908936696106e+00
8.290000000000000000e+02 1.559947234885443663e+02 2.993750402695470143e+02 2.506113671718071867e+00
8.300000000000000000e+02 1.553126459365392975e+02 2.993754158349140653e+02 2.558999344194962777e+00
8.310000000000000000e+02 1.487620306135753196e+02 2.993717102409695485e+02 2.408301675159897570e+00
8.320000000000000000e+02 1.437125244272668567e+02 2.993758727874927104e+02 2.425165167387295817e+00
8.330000000000000000e+02 1.392262801671284933e+02 2.993787154778405011e+02 2.307721444566575908e+00
8.340000000000000000e+02 1.349983005562314418e+02 2.993666500268336108e+02 2.298886809119375485e+00
8.350000000000000000e+02 1.332374494905828328e+02 2.993814486777092725e+02 2.546728432516731200e+00
8.360000000000000000e+02 1.327891027961836983e+02 2.993713096437404602e+02 2.415371454731852108e+00
8.370000000000000000e+02 1.392372568960935268e+02 3.046596435890518819e+02 2.384459487057582372e+00
8.380000000000000000e+02 1.665661262055822647e+02 4.022694740062544838e+02 2.416977292331962346e+00
8.390000000000000000e+02 1.573394818121568903e+02 3.578346097186614543e+02 2.348595691682361597e+00
8.400000000000000000e+02 1.490549345763715507e+02 3.086176720215657951e+02 2.288628422205546187e+00
8.410000000000000000e+02 1.470597275925045153e+02 2.993824984314071003e+02 2.443745054368871461e+00
8.420000000000000000e+02 1.463057548180008212e+02 2.993723763379132379e+02 2.795478019842359441e+00
8.430000000000000000e+02 1.497888929195866581e+02 2.993775780573267866e+02 2.989446833450030816e+00
8.440000000000000000e+02 1.523364964562603063e+02 2.993682879989004846e+02 2.594272194690723232e+00
8.450000000000000000e+02 1.435487511706162707e+02 2.993912125445420429e+02 2.084447701426527022e+00
8.460000000000000000e+02 7.870514456921526403e+01 3.138069162880256613e+02 1.946261878673960499e+00
8.470000000000000000e+02 1.256226985795694873e+02 2.993843022524355888e+02 2.150644215900573197e+00
8.480000000000000000e+02 1.347829473754641754e+02 2.993696153953728754e+02 2.311274768345440656e+00
8.490000000000000000e+02 1.428684439584907011e+02 2.993707384030628873e+02 2.474537768325641096e+00
8.500000000000000000e+02 1.426572733587123025e+02 2.993761208914187364e+02 2.466121819245200353e+00
8.510000000000000000e+02 1.486134983229704574e+02 2.993846202724338923e+02 2.201089009769541693e+00
8.520000000000000000e+02 -1.712924558569965541e+02 2.993766791054748637e+02 2.168919543838259578e+00
8.530000000000000000e+02 -1.519108573075787660e+02 3.056137858878470865e+02 1.921235649294830816e+00
8.540000000000000000e+02 -1.393122300616187488e+02 3.331234177848497779e+02 1.737701620330891483e+00
8.550000000000000000e+02 1.079234474692208323e+02 2.993753559017702628e+02 1.652645753065939527e+00
8.560000000000000000e+02 1.707871520030297461e+02 2.994055955444245569e+02 1.770304119220715844e+00
8.570000000000000000e+02 1.621372982953773771e+02 2.993768971532989553e+02 2.218977567705125331e+00
8.580000000000000000e+02 1.578056907469020302e+02 2.993729029747905770e+02 2.686698972985304135e+00
8.590000000000000000e+02 1.483168268387442197e+02 2.993699318160639677e+02 2.947431228492604305e+00
8.600000000000000000e+02 1.331109076060425309e+02 3.024338949752192320e+02 2.794200661508095429e+00
8.610000000000000000e+02 1.324686251694808732e+02 3.253537653415484101e+02 2.442531435510111759e+00
8.620000000000000000e+02 1.285695253962220477e+02 3.159425610422459840e+02 2.078946223555100392e+00
8.630000000000000000e+02 -1.008144155617393807e+02 2.993765387998130905e+02 2.064380460597784683e+00
8.640000000000000000e+02 1.151171086409980973e+02 2.993715568282333948e+02 1.784867289321533823e+00
8.650000000000000000e+02 1.389243299096585247e+02 2.993711248737025130e+02 1.666925433889030694e+00
8.660000000000000000e+02 1.518768579152196025e+02 2.993749367874293057e+02 1.738488332721517926e+00
8.670000000000000000e+02 1.564394936737411967e+02 2.993751786672197568e+02 1.922809912773025154e+00
8.680000000000000000e+02 1.538295636990357877e+02 2.993751486873567842e+02 2.153985903575696970e+00
8.690000000000000000e+02 1.477421416282793984e+02 2.993759965028497732e+02 2.346941226180836448e+00
8.700000000000000000e+02 1.388369814650380363e+02 2.993749318196635159e+02 2.429717470039912897e+00
8.710000000000000000e+02 1.327274245545439157e+02 2.993773444988735264e+02 2.360785686567977049e+00
8.720000000000000000e+02 1.323016301964721038e+02 2.993761661039750379e+02 2.207236083791075831e+00
8.730000000000000000e+02 1.338644389290859067e+02 2.993741289785779713e+02 2.225043089187131784e+00
8.740000000000000000e+02 1.323701249642123798e+02 2.993754261903330871e+02 2.324999691064941754e+00
8.750000000000000000e+02 1.343129067108245351e+02 2.993750420683095399e+02 2.162228742246985469e+00
8.760000000000000000e+02 1.313078172079097214e+02 2.993772771177039544e+02 2.173776653452855534e+00
8.770000000000000000e+02 1.326782584195915433e+02 2.993706117105507474e+02 2.313733289314459096e+00
8.780000000000000000e+02 1.341942717516055836e+02 2.993742514168374100e+02 2.222613719567804402e+00
8.790000000000000000e+02 1.361089332868197630e+02 2.993748515417428848e+02 2.007690211111561762e+00
8.800000000000000000e+02 1.363413422536364124e+02 2.993744978835440520e+02 1.883247467200918290e+00
8.810000000000000000e+02 1.356608169806588933e+02 2.993753258126543528e+02 1.898504780752938270e+00
8.820000000000000000e+02 1.367146761720772190e+02 2.993804244794844749e+02 1.879830275686131147e+00
8.830000000000000000e+02 1.390700689574201476e+02 2.993576808458075220e+02 2.145651897228433302e+00
8.840000000000000000e+02 1.378061121538733858e+02 2.993738319476425431e+02 2.262568798584725371e+00
8.850000000000000000e+02 1.358054198379535080e+02 2.993767534085632747e+02 2.236444014057444640e+00
8.860000000000000000e+02 1.321088576427222563e+02 2.993731991231899769e+02 2.310139308757274357e+00
8.870000000000000000e+02 1.244804939156947370e+02 2.993714749898530272e+02 2.129019364403772041e+00
8.880000000000000000e+02 9.332895145293999661e+00 2.993622451555424959e+02 3.044905681326518732e+00
8.890000000000000000e+02 8.867066360270563052e+00 2.993857037512243551e+02 4.452261261127057779e+00
8.900000000000000000e+02 7.809694258937131650e+00 2.993722362944691895e+02 5.117926905704327289e+00
8.910000000000000000e+02 7.244613009290632455e+00 2.993634405195940076e+02 4.822319432069802403e+00
8.920000000000000000e+02 7.866637088652731258e+00 2.993732717140971999e+02 3.564414391703368157e+00
8.930000000000000000e+02 9.607832140015366562e+00 2.993702648194119433e+02 2.044232992009689109e+00
8.940000000000000000e+02 1.340749825215467865e+02 2.993753677041203218e+02 2.126504198544116431e+00
