# InfraPy Beamforming (fk) Results
# 
# Data summary:
#     CC.PARA.01.BDF	2023-05-08T13:05:30.940000Z - 2023-05-08T13:20:30.920000Z
#     CC.PARA.02.BDF	2023-05-08T13:05:30.940000Z - 2023-05-08T13:20:30.920000Z
#     CC.PARA.03.BDF	2023-05-08T13:05:30.940000Z - 2023-05-08T13:20:30.920000Z
# 
#   channel_cnt: 3
#   t0: 2023-05-08T13:05:30.940000Z
#   latitude: 46.78665
#   longitude: -121.74226
# 
# Algorithm parameters:
#   freq_min: 0.5
#   freq_max: 2.5
#   back_az_min: -180.0
#   back_az_max: 180.0
#   back_az_step: 2.0
#   trace_vel_min: 300.0
#   trace_vel_max: 600.0
#   trace_vel_step: 2.5
#   method: bartlett
#   signal_start: None
#   signal_end: None
#   window_len: 10.0
#   sub_window_len: None
#   window_step: 2.0
# 
# Time (rel t0) [s]      Back Az [deg]	           Tr. Velocity [m/s]       F-stat
5.000000000000000000e+00 -1.065106014907969580e+02 5.981191264421445339e+02 2.219912127568641314e+00
7.000000000000000000e+00 -2.599244853597279103e+01 2.993744537445791707e+02 2.785619722833266643e+00
9.000000000000000000e+00 -4.314819031332480392e+01 4.235235284311125952e+02 2.934159202030330427e+00
1.100000000000000000e+01 -1.447615232528567333e+02 5.981438950055577379e+02 3.096134901780436710e+00
1.300000000000000000e+01 -1.438207010070275089e+02 4.595706405235441707e+02 4.102465016450592472e+00
1.500000000000000000e+01 -1.508515158845370934e+02 5.811975011704802228e+02 5.472086119255664904e+00
1.700000000000000000e+01 -1.688949190130108207e+02 5.981411809279543377e+02 2.668135580064130430e+00
1.900000000000000000e+01 -1.646525586470791040e+02 5.981311251183008153e+02 2.123403313808702730e+00
2.100000000000000000e+01 1.591499003189909445e+02 5.982303126052566995e+02 2.485711040113820935e+00
2.300000000000000000e+01 1.544922219270232517e+02 4.030384703636883046e+02 3.752785617191174428e+00
2.500000000000000000e+01 1.351792864048099716e+02 5.931056803967316000e+02 5.406656747662013096e+00
2.700000000000000000e+01 -1.704390343856387915e+02 5.981303131306123078e+02 4.022116178138901432e+00
2.900000000000000000e+01 -1.633532055249515906e+02 4.045255299713747945e+02 3.931740822316120099e+00
3.100000000000000000e+01 -1.667773576778758695e+02 5.981825309565510906e+02 4.419200916353679176e+00
3.300000000000000000e+01 -9.431206203101486096e+01 5.981185406901408896e+02 2.921752465029225920e+00
3.500000000000000000e+01 7.198155993305363154e+01 2.993706729002137763e+02 3.941168833800344551e+00
3.700000000000000000e+01 9.599269503618720023e+01 4.697024615384650019e+02 8.788686783355631249e+00
3.900000000000000000e+01 9.074927210688078105e+01 5.955843909058251029e+02 8.690637848297846801e+00
4.100000000000000000e+01 -1.358299423769064163e+02 5.981240192357711294e+02 3.595129615577093318e+00
4.300000000000000000e+01 -1.805768886074696411e+02 5.981389791662033986e+02 3.880373085043163250e+00
4.500000000000000000e+01 6.860661187765522584e+01 5.982667404803698901e+02 4.406151898404892187e+00
4.700000000000000000e+01 1.664515356014149745e+02 2.993636976845725712e+02 3.939306811120911966e+00
4.900000000000000000e+01 1.455281544411246557e+02 5.981339448944200967e+02 4.452317112249660980e+00
5.100000000000000000e+01 9.100326331296899696e+01 3.593637808254857191e+02 3.719875326143234240e+00
5.300000000000000000e+01 1.355052014276546686e+02 5.936488192640063062e+02 4.283632821121015510e+00
5.500000000000000000e+01 -1.541532992772818886e+02 5.981282055991233619e+02 5.263994223752037627e+00
5.700000000000000000e+01 6.167547454341447377e+01 5.981201439942954039e+02 4.797957400769933045e+00
5.900000000000000000e+01 1.845020720628690825e+01 3.035821501129008766e+02 2.708897430112667148e+00
6.100000000000000000e+01 -7.660226972046800142e+00 2.993703943282463342e+02 2.913597398732897137e+00
6.300000000000000000e+01 -1.710784385517087713e+01 3.267002002818927622e+02 2.961141148341586149e+00
6.500000000000000000e+01 -1.552450914198683734e+02 3.967230629490460387e+02 2.552511832926698698e+00
6.700000000000000000e+01 1.538823118091699769e+02 5.981260733220217389e+02 4.027539564489801549e+00
6.900000000000000000e+01 1.026661468279894791e+02 5.981565672940436116e+02 4.464742749195741212e+00
7.100000000000000000e+01 7.403064159991430415e+01 4.139202407979934719e+02 3.605608819604520399e+00
7.300000000000000000e+01 4.029794312062133343e+01 2.993741505479117109e+02 2.487443324725924221e+00
7.500000000000000000e+01 5.199165428679080492e+01 2.993749253142347584e+02 2.650609197131115202e+00
7.700000000000000000e+01 4.492706115246047460e+01 2.993573051647123862e+02 2.881357771550923541e+00
7.900000000000000000e+01 -1.388479025865282779e+02 3.192257376026258839e+02 2.216613711718790292e+00
8.100000000000000000e+01 -1.805136644074408707e+02 5.981508892741510408e+02 2.749974649319805398e+00
8.300000000000000000e+01 1.745381961491645484e+02 5.980366413777794605e+02 3.103237520717846643e+00
8.500000000000000000e+01 1.276179542419298230e+02 4.759455098828410087e+02 2.587883534204358238e+00
8.700000000000000000e+01 7.977138346901826083e+01 5.981002785112960964e+02 3.635231292941738523e+00
8.900000000000000000e+01 4.765147261107252064e+01 4.446928706432207150e+02 2.714945598075896083e+00
9.100000000000000000e+01 1.366450755684361980e+02 3.879552585602892805e+02 2.288601161199934175e+00
9.300000000000000000e+01 1.006970126131687095e+02 3.202731919516887729e+02 3.033439625307949861e+00
9.500000000000000000e+01 9.847995513999437378e+01 2.993928774439262384e+02 1.992546928652934923e+00
9.700000000000000000e+01 5.450416485346342199e+01 5.981183372216245289e+02 2.823817902281267944e+00
9.900000000000000000e+01 6.805180909658575672e+01 5.981256891667347872e+02 4.265943201385009154e+00
1.010000000000000000e+02 4.287058447682497331e+01 5.981215134723468054e+02 2.908803353429727512e+00
1.030000000000000000e+02 9.287164203103844784e+01 5.981307179843830681e+02 3.284672867305100663e+00
1.050000000000000000e+02 1.261733817537158018e+02 5.958917381845913042e+02 5.200362896173206018e+00
1.070000000000000000e+02 1.508273976480163014e+02 5.291284878327793422e+02 4.332992527225852264e+00
1.090000000000000000e+02 1.676706108548800387e+02 5.415767691922485483e+02 4.011005837711445920e+00
1.110000000000000000e+02 1.023289027375771525e+02 5.982165028787006804e+02 4.236372144971706888e+00
1.130000000000000000e+02 6.288702851030286212e+01 3.153775792075825279e+02 3.634594367881562871e+00
1.150000000000000000e+02 6.093180529261364597e+01 2.994024765317644210e+02 3.466234699480859494e+00
1.170000000000000000e+02 8.689475431628342506e+01 2.994357889018014021e+02 3.837848005030873644e+00
1.190000000000000000e+02 -1.413834424240039880e+02 5.905813961691947043e+02 2.847109227387544905e+00
1.210000000000000000e+02 -1.611852910739137599e+02 5.981005104319615384e+02 2.612190967369235839e+00
1.230000000000000000e+02 9.023422897770275597e+01 3.582109552635295699e+02 3.594060309828282396e+00
1.250000000000000000e+02 -1.653278356356682934e+02 5.981075181084524957e+02 3.168801927377415950e+00
1.270000000000000000e+02 -1.409655627722609097e+02 5.981459419788849345e+02 3.488238806473286768e+00
1.290000000000000000e+02 1.358286867184214657e+02 5.831102842657928704e+02 3.245347243789384439e+00
1.310000000000000000e+02 9.055135295337191792e+01 4.496088158784169764e+02 3.010772447206094160e+00
1.330000000000000000e+02 6.204015923696994150e+01 3.995446341766672731e+02 2.863037124033409153e+00
1.350000000000000000e+02 9.332724052294638284e+01 5.980678142595776308e+02 5.138568665892460530e+00
1.370000000000000000e+02 8.498667740577587892e+01 5.982555153769257004e+02 4.061754320101339744e+00
1.390000000000000000e+02 1.091838014484102644e+02 5.981135528644592796e+02 4.855034420031843823e+00
1.410000000000000000e+02 1.608525767205701129e+02 4.983043749549443078e+02 3.922493455468042178e+00
1.430000000000000000e+02 8.214427630085704379e+01 5.981281195605378116e+02 2.752868682303043268e+00
1.450000000000000000e+02 7.590140487548407755e+00 2.993857415322219140e+02 1.827446348945503951e+00
1.470000000000000000e+02 2.373794834535873122e+01 5.981374177968899630e+02 1.851673520220783686e+00
1.490000000000000000e+02 -1.504871996999235648e+02 5.981321654963567198e+02 3.343126367253810738e+00
1.510000000000000000e+02 -7.710571137546452292e+00 5.981153289483455637e+02 2.938760106693614649e+00
1.530000000000000000e+02 -1.103179736272361033e+01 4.157697161097399317e+02 3.001767502680049660e+00
1.550000000000000000e+02 2.698218799487574060e+01 5.981173493126626681e+02 3.308141587439904274e+00
1.570000000000000000e+02 1.724392368020973976e+01 5.981373594160521634e+02 4.863402401890992266e+00
1.590000000000000000e+02 7.461906004144408655e+01 3.068725546412578069e+02 3.669326100767134058e+00
1.610000000000000000e+02 7.121379332462768730e+01 2.993394001219935490e+02 4.374171348589542596e+00
1.630000000000000000e+02 3.535134548152691991e+01 5.981454534827124689e+02 2.518644393896453337e+00
1.650000000000000000e+02 7.677723420267400911e+01 5.343163897541237475e+02 3.517209458262871902e+00
1.670000000000000000e+02 6.840344543162308355e+01 4.348511820573132809e+02 2.307101903395383680e+00
1.690000000000000000e+02 -4.807074484007032567e+01 2.993364289688063877e+02 2.956261519606208754e+00
1.710000000000000000e+02 -2.124064565751621458e+01 2.993661846078769599e+02 3.402397136565940894e+00
1.730000000000000000e+02 4.962753920303649835e+01 2.993760898385064024e+02 2.449104636616495689e+00
1.750000000000000000e+02 6.124253448095320351e+01 2.993679309233172603e+02 2.876519911592173795e+00
1.770000000000000000e+02 9.569748727506966191e+01 5.981205689110587400e+02 1.770030703722103471e+00
1.790000000000000000e+02 1.647037283563273888e+02 3.013213514282184065e+02 2.158460932035387358e+00
1.810000000000000000e+02 -1.806142401884182789e+02 3.421832713585180272e+02 3.042096050926818673e+00
1.830000000000000000e+02 -1.788956731950205779e+02 3.909031144278409329e+02 2.652881057734631121e+00
1.850000000000000000e+02 -1.781317493560511025e+02 2.993783889185535827e+02 2.607931945672900209e+00
1.870000000000000000e+02 1.557074428740593248e+02 5.496496960946233230e+02 2.999215862720887138e+00
1.890000000000000000e+02 8.328794757173018581e+01 5.981109519697240557e+02 4.320986116479963890e+00
1.910000000000000000e+02 1.013139283788703722e+02 5.980838964970757843e+02 3.361885156719553791e+00
1.930000000000000000e+02 5.257840129131410123e+01 5.981347752490046332e+02 3.101543552024914607e+00
1.950000000000000000e+02 3.341362008751958967e+01 4.480587010669214578e+02 3.659476980974029736e+00
1.970000000000000000e+02 2.313865876308544500e+01 2.994192631312406547e+02 2.598983338344939664e+00
1.990000000000000000e+02 -6.759350551300600252e+00 2.993999441535011670e+02 1.766248644496875908e+00
2.010000000000000000e+02 -7.211317624030340312e+01 2.993726251007008159e+02 2.552878603043254646e+00
2.030000000000000000e+02 -1.131359193743954137e+02 5.981235828575465803e+02 3.277195275235453398e+00
2.050000000000000000e+02 7.986267675873052951e+01 5.438929452127005106e+02 4.040732621256975854e+00
2.070000000000000000e+02 5.369314203152690368e+01 3.035562489346653479e+02 2.268698266027108446e+00
2.090000000000000000e+02 1.422500963831818126e+02 5.981150206590281186e+02 2.397260518793928874e+00
2.110000000000000000e+02 7.309999399214831328e+01 5.981169127955452041e+02 3.947433131266212758e+00
2.130000000000000000e+02 1.582744048838989848e+01 5.981266397198943423e+02 4.541466471322535448e+00
2.150000000000000000e+02 -6.813378946121386548e+01 5.981180949943154701e+02 4.687628210233892645e+00
2.170000000000000000e+02 2.538489281422825883e+01 5.981358006725157566e+02 3.890848339903751452e+00
2.190000000000000000e+02 -4.126789575758481021e+01 5.981170517717545181e+02 1.951406887215226593e+00
2.210000000000000000e+02 -1.495986234813714191e+02 5.981206913787341364e+02 2.736459381807251123e+00
2.230000000000000000e+02 9.290279470775769255e+01 5.981367086086055451e+02 2.405774850455540292e+00
2.250000000000000000e+02 -1.635103478603495253e+00 5.981197896775265690e+02 2.844099632416428047e+00
2.270000000000000000e+02 -2.426454516084947244e+01 5.981290477430816281e+02 2.757242201430035955e+00
2.290000000000000000e+02 1.663993117659937013e+02 5.980972736698835206e+02 2.427457330634034793e+00
2.310000000000000000e+02 1.417779250745525417e+02 4.663039748769967332e+02 2.305067429408929058e+00
2.330000000000000000e+02 9.691929008644639509e+01 3.533323600636358037e+02 4.785983167191805165e+00
2.350000000000000000e+02 1.219766198034887594e+02 3.295085244008345171e+02 4.181010343950656072e+00
2.370000000000000000e+02 1.382002917417998162e+02 3.769050540893017001e+02 3.273838700595475437e+00
2.390000000000000000e+02 2.337513706975634875e+01 2.998467318139971667e+02 2.991264118986211695e+00
2.410000000000000000e+02 1.589450825907972309e+01 3.222610814560264316e+02 2.820556528238125527e+00
2.430000000000000000e+02 1.173909814718206235e+01 2.999875256420120877e+02 2.367857230288552550e+00
2.450000000000000000e+02 2.371224933018774195e+01 5.317293995233566193e+02 2.417869254896275244e+00
2.470000000000000000e+02 9.831506548345840812e+00 5.981289516002716482e+02 2.725898581959146583e+00
2.490000000000000000e+02 1.642102978438300553e+01 5.171821041403612753e+02 3.571089310185039611e+00
2.510000000000000000e+02 1.814506472450555563e+01 3.798835914501339630e+02 3.713214991152017586e+00
2.530000000000000000e+02 6.351504218919483691e+01 5.981056234244196048e+02 3.815905940068731628e+00
2.550000000000000000e+02 6.690931487576865777e+01 4.182172825898582005e+02 3.700783189999222955e+00
2.570000000000000000e+02 3.418204141060595447e+01 3.452727647019771666e+02 2.577422176321605640e+00
2.590000000000000000e+02 1.561614818255234027e+01 3.203627445900413591e+02 2.204157984280440186e+00
2.610000000000000000e+02 1.177373447443612946e+02 5.981274997199981271e+02 1.807201784329981908e+00
2.630000000000000000e+02 2.951257705314267810e+01 5.981404418335102946e+02 2.821667788851720537e+00
2.650000000000000000e+02 5.128496572754173854e+01 3.152448140141067370e+02 3.579784188172308035e+00
2.670000000000000000e+02 5.392314489003033628e+01 3.015998852006419497e+02 6.080767880863526820e+00
2.690000000000000000e+02 2.548653623747098962e+01 4.068318216998010257e+02 2.999595496651765281e+00
2.710000000000000000e+02 4.048985651100401384e+01 4.833244159869590248e+02 2.819873622629892385e+00
2.730000000000000000e+02 6.502990714804411709e+01 3.603180984396920508e+02 2.727007387559103879e+00
2.750000000000000000e+02 5.019930044100409106e+01 3.530726929731649761e+02 2.860337242313135686e+00
2.770000000000000000e+02 -1.199852644931997325e+01 2.993749742268181535e+02 2.411485773849179282e+00
2.790000000000000000e+02 1.571388670836217329e+02 2.993645207011782645e+02 1.817351257432505029e+00
2.810000000000000000e+02 -1.745772821145699538e+02 3.881221293420315419e+02 3.096449098283597490e+00
2.830000000000000000e+02 1.312983942515912190e+02 3.138228312444674089e+02 5.171571170782230276e+00
2.850000000000000000e+02 1.302840864364912363e+02 3.259947262732337663e+02 2.591678733018350833e+00
2.870000000000000000e+02 7.979172593310940442e+01 5.981231618720729557e+02 1.699549206831211245e+00
2.890000000000000000e+02 6.400940351715883025e+01 5.981252536934498494e+02 2.039916063079712405e+00
2.910000000000000000e+02 7.881676174352693920e+01 4.528503481005509457e+02 2.161479169280335011e+00
2.930000000000000000e+02 -1.773737327337549061e+02 3.254084192049448347e+02 1.818562499728520798e+00
2.950000000000000000e+02 1.758863186292864782e+02 5.981356658013073684e+02 1.553526915966949584e+00
2.970000000000000000e+02 -1.312337380356994174e+02 5.071644591580838437e+02 3.105736297966095627e+00
2.990000000000000000e+02 1.755848163189160118e+02 5.981422227527627911e+02 3.527729659369553517e+00
3.010000000000000000e+02 8.360754500679023238e+01 5.981201343696246795e+02 2.918220244647566908e+00
3.030000000000000000e+02 -2.589978468094878039e+01 5.981223318622313627e+02 2.373977249732761585e+00
3.050000000000000000e+02 8.280182946864847793e+01 3.287540424580587910e+02 2.101394462187801793e+00
3.070000000000000000e+02 1.173857016139300384e+02 2.993675593780830013e+02 1.784968339137912974e+00
3.090000000000000000e+02 3.094429277162928038e+00 2.993881994739545007e+02 1.628281074666225736e+00
3.110000000000000000e+02 8.093439915863864087e+01 2.996724568716015256e+02 1.828805958257617270e+00
3.130000000000000000e+02 8.298307365314012429e+01 2.992754556646945048e+02 1.873778869751235199e+00
3.150000000000000000e+02 -7.357826353009812692e+01 5.981427302902005749e+02 1.556780477445151911e+00
3.170000000000000000e+02 -1.057285624329060880e+02 4.028442935376579612e+02 1.761747953019520807e+00
3.190000000000000000e+02 -1.357417085878030960e+01 5.981171341420806584e+02 2.018547882150507178e+00
3.210000000000000000e+02 3.408759914256167889e+01 2.993735582772512771e+02 3.024507750252312999e+00
3.230000000000000000e+02 8.583788761548318291e+01 5.981124811202431601e+02 2.486608311225902312e+00
3.250000000000000000e+02 -1.281865740815099457e+02 5.981247418817180233e+02 2.304660179611300208e+00
3.270000000000000000e+02 -1.352816658087809287e+02 5.980888164981319051e+02 2.347955242053940683e+00
3.290000000000000000e+02 1.100213751980345904e+02 5.885225815406640777e+02 3.156290970946614038e+00
3.310000000000000000e+02 7.144320790292816525e+01 5.200299935005494945e+02 2.665654738007958269e+00
3.330000000000000000e+02 3.863081708546467752e+01 5.981196941175199981e+02 3.020668326179707819e+00
3.350000000000000000e+02 9.388885698166548366e+01 5.789933982150522525e+02 4.209678415437901222e+00
3.370000000000000000e+02 7.045782906456102523e+01 4.857483459474166807e+02 2.591865717564716398e+00
3.390000000000000000e+02 1.610393714680133144e+02 3.805740736603816003e+02 2.578048270521256402e+00
3.410000000000000000e+02 1.552267494011450744e+01 2.994038751574913135e+02 2.416823938244640591e+00
3.430000000000000000e+02 1.379991753244676644e+01 3.157750672677973967e+02 3.327869660312928968e+00
3.450000000000000000e+02 -2.718582637782263056e+00 3.891932660116602847e+02 2.990942189195636924e+00
3.470000000000000000e+02 -4.123841547147328868e+01 5.981257085260655231e+02 3.197251747223551099e+00
3.490000000000000000e+02 -6.555838498230262701e+01 4.234246545711823728e+02 4.988989718976940324e+00
3.510000000000000000e+02 -6.418550845236417501e+01 3.477086551399627865e+02 5.355484053039229586e+00
3.530000000000000000e+02 -4.458132702400084213e+01 2.993687669266299167e+02 6.418082720814688891e+00
3.550000000000000000e+02 -4.157364421904738094e+01 3.904482690388672950e+02 7.398944782120123520e+00
3.570000000000000000e+02 -3.084133954620066476e+01 4.503623938893297236e+02 7.398477692412274820e+00
3.590000000000000000e+02 -1.040272391556068214e+02 5.981247774383606384e+02 4.173823862043820832e+00
3.610000000000000000e+02 -1.066874359546354185e+02 5.981197317070894997e+02 2.930961951732748982e+00
3.630000000000000000e+02 -1.683432844526073211e+02 5.981288247658096680e+02 2.485893589280860017e+00
3.650000000000000000e+02 1.687520102372664255e+01 5.981000304909492797e+02 2.769593387960108899e+00
3.670000000000000000e+02 1.408675577934808487e+01 5.981098206773151560e+02 2.260830467522490395e+00
3.690000000000000000e+02 1.453381626123179160e+02 4.703345329430937909e+02 2.868962999668620562e+00
3.710000000000000000e+02 6.958921978111766293e+01 3.465809317121903064e+02 2.879558814117459065e+00
3.730000000000000000e+02 7.707304722968123656e+01 2.991530173698128579e+02 3.276799351894045476e+00
3.750000000000000000e+02 1.392396110623430729e+02 3.814467911143797778e+02 2.415955934070950661e+00
3.770000000000000000e+02 1.550259592731517273e+02 4.051236007155432048e+02 3.044152024923627575e+00
3.790000000000000000e+02 1.463391858032196069e+02 5.981184596495032793e+02 2.176406955547908861e+00
3.810000000000000000e+02 5.760815342172098497e+01 5.981124207238678991e+02 2.727464720532707165e+00
3.830000000000000000e+02 6.369213605915469856e+01 5.342653345816548836e+02 2.797701034720989632e+00
3.850000000000000000e+02 1.328781270885243870e+01 2.994765664669178022e+02 3.482120254952052019e+00
3.870000000000000000e+02 -1.723904427159692716e+02 5.981496252192390557e+02 2.968571734646775706e+00
3.890000000000000000e+02 -1.598490066032057939e+02 4.395032900594537182e+02 3.462549584900664001e+00
3.910000000000000000e+02 -1.361316048219821369e+02 4.253241279597609719e+02 3.843005841817659363e+00
3.930000000000000000e+02 -1.434473674357248001e+02 5.981204489410007454e+02 3.627454962034675212e+00
3.950000000000000000e+02 2.702604042414036201e+01 3.130117495051130163e+02 3.296492893720936124e+00
3.970000000000000000e+02 -6.125630391583838374e+00 2.993750036561390857e+02 1.904375261003490971e+00
3.990000000000000000e+02 1.696030211571273227e+01 2.993831586334662234e+02 1.994694582275014838e+00
4.010000000000000000e+02 -4.822535292067619217e+00 2.993129093458660464e+02 2.104970210499794714e+00
4.030000000000000000e+02 -2.436798070254094384e+01 3.656553173493569489e+02 4.375908753506261739e+00
4.050000000000000000e+02 -2.632636735426550345e+01 3.074729524699736203e+02 2.379975688639959941e+01
4.070000000000000000e+02 -2.791110209903014550e+01 3.138080981625586787e+02 2.397333751538125313e+01
4.090000000000000000e+02 -2.793424089876272021e+01 2.993726888577414798e+02 2.296222641572617107e+01
4.110000000000000000e+02 -2.718408326410913389e+01 2.993264905056409475e+02 2.710131863156134457e+01
4.130000000000000000e+02 -2.630229766350188925e+01 2.995118168940799706e+02 3.272910966822082202e+01
4.150000000000000000e+02 -2.512643433545606797e+01 3.039380587004683889e+02 3.790593429506628098e+01
4.170000000000000000e+02 -3.145716950467872053e+01 3.247452498386101070e+02 3.830743819292129615e+01
4.190000000000000000e+02 -3.067728986660642576e+01 3.050207576202573136e+02 4.466365046604428102e+01
4.210000000000000000e+02 -2.851348074425126455e+01 2.996556379811395345e+02 4.113015150092518724e+01
4.230000000000000000e+02 -2.813968730780914385e+01 3.050314333258838246e+02 4.972494519261292822e+01
4.250000000000000000e+02 -3.044121648641652911e+01 3.044429915272880294e+02 2.361178659823657711e+01
4.270000000000000000e+02 -2.840923633031863105e+01 2.994046045050193925e+02 2.262858257694631803e+01
4.290000000000000000e+02 -3.166645492251750582e+01 2.993692695985826049e+02 2.554879009662775857e+01
4.310000000000000000e+02 -3.309623425549804665e+01 2.993617949950887009e+02 2.279938884161644452e+01
4.330000000000000000e+02 -3.591732949444720191e+01 3.296452294213429468e+02 1.438438701669028852e+01
4.350000000000000000e+02 -5.248219121137522336e+01 3.895730641182736349e+02 7.603005500816411022e+00
4.370000000000000000e+02 -4.444305800467343914e+01 3.561085675785405442e+02 9.138225213173274852e+00
4.390000000000000000e+02 -3.760377403093207960e+01 3.064991250024453393e+02 1.140824580450101600e+01
4.410000000000000000e+02 -3.545802531970377913e+01 2.993715938171574180e+02 7.896613989820691515e+00
4.430000000000000000e+02 -3.952237949301936482e+01 2.993632819319608984e+02 4.769809685734622384e+00
4.450000000000000000e+02 -5.347180835522276965e+01 5.046105998278806624e+02 7.237252253975067440e+00
4.470000000000000000e+02 -4.669869581992115570e+01 4.051054624892723837e+02 4.482605658109959812e+00
4.490000000000000000e+02 -4.651905583277187617e+01 2.993805027177829743e+02 3.565168799637234542e+00
4.510000000000000000e+02 -7.251413999358986473e+01 5.981158742392422027e+02 7.922623563286904869e+00
4.530000000000000000e+02 -2.944881793523090252e+01 5.981200955652298035e+02 7.859848405150491324e+00
4.550000000000000000e+02 -5.526856447329578970e+01 3.195084361469650389e+02 5.147069895175995669e+00
4.570000000000000000e+02 -4.997517853370936791e+01 2.993752265004973196e+02 6.808708128754730637e+00
4.590000000000000000e+02 -5.194484195357766509e+01 2.993749938887012263e+02 3.285708656188698562e+00
4.610000000000000000e+02 -1.166129259779323348e+02 5.982263407441558911e+02 1.853484816230199117e+00
4.630000000000000000e+02 1.392328720849258445e+02 4.338786017229375602e+02 2.238687192220788713e+00
4.650000000000000000e+02 1.677440609395164017e+02 3.326400220336460620e+02 2.392404337199280473e+00
4.670000000000000000e+02 -1.185329547857673020e+02 2.993705885014880437e+02 1.990338164640756080e+00
4.690000000000000000e+02 -1.466632612895678562e+02 5.981372637701135773e+02 2.837227832380494252e+00
4.710000000000000000e+02 2.865931964884363481e+01 5.980836630568464898e+02 3.476387676471598187e+00
4.730000000000000000e+02 -1.402304040686445035e+02 5.981267407945671266e+02 4.075735630353108263e+00
4.750000000000000000e+02 -1.595969258196386704e+02 5.981195254988248280e+02 3.101884655880479791e+00
4.770000000000000000e+02 -4.920305471874704573e+00 4.366318588158580383e+02 2.643959289600687157e+00
4.790000000000000000e+02 -4.853505549762648030e+01 3.661671579992758438e+02 4.030354600994972003e+00
4.810000000000000000e+02 -1.152812371913460794e+02 5.141080693182374262e+02 2.851159806592264978e+00
4.830000000000000000e+02 1.382822712972693466e+02 4.512790107205461823e+02 2.932716211357437430e+00
4.850000000000000000e+02 1.438394500583458750e+02 4.947026334283471556e+02 2.853472253142062431e+00
4.870000000000000000e+02 -1.477492815716957182e+02 5.981221065505462775e+02 3.169614246018557679e+00
4.890000000000000000e+02 -7.088701099616861256e+01 5.978549733714351078e+02 3.146954190141154850e+00
4.910000000000000000e+02 -1.124955214162027772e+02 5.981102036830454836e+02 2.654634927102049513e+00
4.930000000000000000e+02 -1.261493125973138945e+02 4.144019591865508687e+02 3.989844066255278321e+00
4.950000000000000000e+02 4.914289947167856809e+01 5.981293729902157565e+02 4.578101977670418599e+00
4.970000000000000000e+02 4.020507566369635555e+01 2.993645347594153350e+02 4.389741136051465986e+00
4.990000000000000000e+02 1.937048730108273631e+01 2.993828702321636115e+02 3.388008651550485251e+00
5.010000000000000000e+02 -2.895595481450500941e+00 2.993877021473094260e+02 2.676444791007055457e+00
5.030000000000000000e+02 2.457971642459862238e+01 4.180565690356072537e+02 2.852718603246290119e+00
5.050000000000000000e+02 4.058079634603788577e+01 2.993661109980760671e+02 3.424492635914638594e+00
5.070000000000000000e+02 5.453575809470454772e+01 5.486372245044544798e+02 3.401745493355344596e+00
5.090000000000000000e+02 1.002266212872615725e+01 2.993734958259342989e+02 2.418236116796083301e+00
5.110000000000000000e+02 2.641200100637690795e+01 3.176511602848918869e+02 2.230278680518408052e+00
5.130000000000000000e+02 1.629155597861949616e+02 5.088279908926962776e+02 3.066285481676875424e+00
5.150000000000000000e+02 1.556888489064376415e+02 2.993777957185115497e+02 3.495102986825245228e+00
5.170000000000000000e+02 9.837111469938491837e+01 2.993913006436698083e+02 2.132912421815587045e+00
5.190000000000000000e+02 1.128133347879812334e+02 5.530857432697008562e+02 2.223768505452324629e+00
5.210000000000000000e+02 8.285471466914719940e+01 4.123519205811645634e+02 2.123617646475905563e+00
5.230000000000000000e+02 9.423388272116918074e+01 4.031243714656530415e+02 2.299358395480290085e+00
5.250000000000000000e+02 9.843936016309758941e+01 4.481869742711298841e+02 3.346453740988464265e+00
5.270000000000000000e+02 1.235516447365273649e+02 4.854222000422504948e+02 3.391830320565974333e+00
5.290000000000000000e+02 4.150319236871636974e+01 5.981250333310272254e+02 2.524698334983646930e+00
5.310000000000000000e+02 -4.267516294760869044e+01 2.993784738887155186e+02 1.467449457869669516e+00
5.330000000000000000e+02 -1.447918357872981971e+02 4.238758515415738088e+02 1.776610116167888886e+00
5.350000000000000000e+02 -1.509251672789365273e+02 5.981368577490553662e+02 3.456560816101278633e+00
5.370000000000000000e+02 4.700602173146057083e+01 5.981165518256831319e+02 3.374682450121095911e+00
5.390000000000000000e+02 4.953776895940768554e+01 5.981241254009847808e+02 3.050181697592566632e+00
5.410000000000000000e+02 3.386356033989684988e+01 5.981300101738947887e+02 2.722075618237059125e+00
5.430000000000000000e+02 -7.761447153601786830e+00 5.981158058456295521e+02 1.669759838452543610e+00
5.450000000000000000e+02 -1.373985153440260376e+02 3.596688104260166483e+02 1.371042188374840709e+00
5.470000000000000000e+02 -1.381984634604461064e+02 3.556063697065844735e+02 1.756611675804207851e+00
5.490000000000000000e+02 5.411076379729204078e+00 2.994387117074423372e+02 1.536999590989331921e+00
5.510000000000000000e+02 2.533492835298379475e+01 2.993751230460012493e+02 1.167399434722330875e+00
5.530000000000000000e+02 1.079840103728480898e+02 3.024846316726599866e+02 1.931132645368114353e+00
5.550000000000000000e+02 6.194535721513951643e+01 5.981240968290974251e+02 1.880246850949451209e+00
5.570000000000000000e+02 2.594433276709758118e+01 5.074431211618538100e+02 2.187173178211137881e+00
5.590000000000000000e+02 6.919777782083152751e+00 2.993491462178537290e+02 1.995099701787343305e+00
5.610000000000000000e+02 2.140808425855522046e+01 5.981325636536437287e+02 1.745393015822143123e+00
5.630000000000000000e+02 -1.375215760197571910e+02 5.612233400290413101e+02 3.102390764886710173e+00
5.650000000000000000e+02 -1.350902283021640642e+02 4.532159228191487728e+02 2.395947814319097535e+00
5.670000000000000000e+02 -1.542995540269888011e+02 3.781453759267235455e+02 2.037391272361860572e+00
5.690000000000000000e+02 3.968586502411117323e+01 5.888713744869861557e+02 2.015319641429386799e+00
5.710000000000000000e+02 3.133379634377941159e+01 3.852192982602927032e+02 2.505090767460411705e+00
5.730000000000000000e+02 -1.709338596144359030e+02 5.981532789165275972e+02 2.776364553248795719e+00
5.750000000000000000e+02 -1.701692509555420827e+02 2.993835087143851297e+02 2.535336501472933879e+00
5.770000000000000000e+02 1.532042216355484356e+02 2.993758081803819664e+02 1.980525365764308265e+00
5.790000000000000000e+02 -3.516433849396177891e+01 2.993741266073220118e+02 2.004219392554061674e+00
5.810000000000000000e+02 -5.766571773122553424e+01 3.252582476390624038e+02 2.891863677013241318e+00
5.830000000000000000e+02 -4.174823199511078542e+01 3.626538504573646264e+02 3.308007729782815876e+00
5.850000000000000000e+02 -2.116651468256227631e+01 2.993744055806359938e+02 2.194707423392412426e+00
5.870000000000000000e+02 3.130950732147743309e+01 5.981307612938676357e+02 2.940897979381801086e+00
5.890000000000000000e+02 4.291100317056034186e+01 2.993742806233236138e+02 2.677613226640727540e+00
5.910000000000000000e+02 4.099983188565231984e+01 2.993676119746576205e+02 1.988183284877341972e+00
5.930000000000000000e+02 1.540167425201927358e+02 5.138629245470112892e+02 2.279831112820686734e+00
5.950000000000000000e+02 -1.662365670415199759e+02 3.757895306916292384e+02 2.517165723393212762e+00
5.970000000000000000e+02 2.229837365821530781e+01 5.981189798169913274e+02 2.466448819021082262e+00
5.990000000000000000e+02 5.749625979429473688e+01 4.719742314224756115e+02 2.615588445091196146e+00
6.010000000000000000e+02 7.058963467792386837e+01 5.981296645337937434e+02 3.146644796481935735e+00
6.030000000000000000e+02 1.062561521128641999e+02 3.241533941318608640e+02 3.617332762796265477e+00
6.050000000000000000e+02 8.753751445696256894e+01 2.993222562282433046e+02 2.586363571758140356e+00
6.070000000000000000e+02 6.859192281004438030e+01 2.995711098309459999e+02 1.821274082303041775e+00
6.090000000000000000e+02 6.987039944269031366e+01 3.511224571317359278e+02 2.758795491075217488e+00
6.110000000000000000e+02 7.787929485533071272e+01 3.873014816228546238e+02 2.172451627479985881e+00
6.130000000000000000e+02 6.295692531480161591e+01 2.992610101149655861e+02 1.768406056021411876e+00
6.150000000000000000e+02 3.822528384420753156e+01 2.993756963825654793e+02 2.362094587397801426e+00
6.170000000000000000e+02 -1.288190043447131838e+00 2.993767257712631817e+02 1.851438888644372449e+00
6.190000000000000000e+02 1.558728050206969158e+02 3.405820081006355053e+02 2.511869026893548185e+00
6.210000000000000000e+02 1.429509447400865270e+02 4.207026156204916560e+02 3.539680860495534542e+00
6.230000000000000000e+02 1.469668348226731496e+02 4.031568380507919187e+02 2.625455392291631274e+00
6.250000000000000000e+02 1.614764344598496848e+02 3.746992294511475166e+02 1.945429984426426451e+00
6.270000000000000000e+02 1.576827362265781005e+02 5.981297733929915239e+02 2.956089598423834897e+00
6.290000000000000000e+02 3.118319929699474358e+01 5.981564832492194910e+02 2.854037699853492871e+00
6.310000000000000000e+02 2.468955669878798886e+01 2.993627816522171656e+02 1.944167971579930265e+00
6.330000000000000000e+02 1.307770427842359062e+01 4.937913138814375316e+02 1.498615582687395476e+00
6.350000000000000000e+02 4.423362428534487378e+01 5.981271366152899418e+02 2.240067067859575101e+00
6.370000000000000000e+02 1.561094340856250824e+02 4.764558832733088707e+02 3.924282972619729914e+00
6.390000000000000000e+02 1.581529445728649250e+02 3.661381498349794583e+02 4.129304163151128471e+00
6.410000000000000000e+02 1.682997057211763661e+02 2.993364388402126224e+02 3.635168875950775202e+00
6.430000000000000000e+02 1.567752216588804686e+02 3.830316041561368365e+02 3.182850569634140925e+00
6.450000000000000000e+02 1.034399380398087374e+02 4.603036604704778938e+02 2.537304153591421585e+00
6.470000000000000000e+02 -2.089987394423619094e+01 3.613482198456360379e+02 2.075800442835785464e+00
6.490000000000000000e+02 1.740590079297137152e+02 4.962615506595982993e+02 1.402482977878295900e+00
6.510000000000000000e+02 1.535104330805770019e+02 2.993747549283518765e+02 1.704044447243679317e+00
6.530000000000000000e+02 -2.142165027265216892e+01 2.993137952342859194e+02 1.660553264161424458e+00
6.550000000000000000e+02 9.683255986435354146e+01 5.981356203126038054e+02 1.657911304490096827e+00
6.570000000000000000e+02 1.436275982131439832e+02 4.101196206840921263e+02 2.201771112165726407e+00
6.590000000000000000e+02 7.590502834122190734e+01 5.529001267720489068e+02 1.997809746842147183e+00
6.610000000000000000e+02 1.429296418339307024e+02 2.992659398307571905e+02 1.405634177964672160e+00
6.630000000000000000e+02 6.856854408774020726e+01 5.981802373990153683e+02 1.834587472808982822e+00
6.650000000000000000e+02 1.099789519857278037e+02 4.776292514966899603e+02 2.048712994113671026e+00
6.670000000000000000e+02 1.308066593571863052e+02 2.993724283917210869e+02 1.649656877980236969e+00
6.690000000000000000e+02 1.503278985118495825e+02 2.993743769319646617e+02 1.495136010280417427e+00
6.710000000000000000e+02 1.451604042153260998e+01 2.993754382478276170e+02 1.997604543957099521e+00
6.730000000000000000e+02 2.221928875164248396e+01 2.993747285080509073e+02 1.636381567463579989e+00
6.750000000000000000e+02 1.626594638440699470e+01 2.993722308203944067e+02 1.931126587433807051e+00
6.770000000000000000e+02 2.238821820047127531e+01 5.980657340123874519e+02 3.207428762583258042e+00
6.790000000000000000e+02 3.654483236883746766e+00 4.926068754111249177e+02 3.401992903977525629e+00
6.810000000000000000e+02 2.389872795623467994e+01 5.981279703230870837e+02 2.093993646046785617e+00
6.830000000000000000e+02 1.729455457183039258e+01 5.981900602781232692e+02 1.728305328637466776e+00
6.850000000000000000e+02 -1.611199122125898384e+02 2.993475471790330289e+02 2.066318940014239658e+00
6.870000000000000000e+02 1.476387172205202774e+02 2.993763290186054178e+02 1.819285485737256680e+00
6.890000000000000000e+02 1.432979329002076270e+02 2.993730960639493333e+02 1.905035577095345767e+00
6.910000000000000000e+02 1.103997382096294615e+02 2.993833717447946583e+02 1.487961309257650910e+00
6.930000000000000000e+02 8.187867945181801588e+01 2.993718945761033297e+02 2.076789011258548534e+00
6.950000000000000000e+02 8.076316395300855788e+01 3.099956623310529835e+02 2.117239844350140121e+00
6.970000000000000000e+02 1.350716552314617331e+02 2.993820629272168503e+02 1.411622687840891732e+00
6.990000000000000000e+02 1.429221884275439436e+02 2.993749672738679237e+02 1.416571630933705750e+00
7.010000000000000000e+02 1.427141077894959551e+02 2.993740691977113784e+02 2.468453315042491436e+00
7.030000000000000000e+02 1.418306129058245233e+02 2.993762769520462257e+02 1.788978198643426110e+00
7.050000000000000000e+02 4.723878736191911898e+00 3.773015689856006816e+02 1.766128059863562028e+00
7.070000000000000000e+02 1.272479268035247344e+02 2.993748235670270788e+02 1.410901499067972908e+00
7.090000000000000000e+02 -1.028834559331550054e+02 5.494142273881074061e+02 1.231845068152310319e+00
7.110000000000000000e+02 -7.762635064885294867e+01 5.981392363127041563e+02 1.822234963491309090e+00
7.130000000000000000e+02 -4.789890985888894193e+01 4.255262670697924250e+02 2.637425083078084764e+00
7.150000000000000000e+02 1.484635225493703103e+02 2.993633781279635855e+02 2.282746623265606178e+00
7.170000000000000000e+02 -1.482023435700344862e+02 5.981276134742195154e+02 2.841476956697480016e+00
7.190000000000000000e+02 1.954847462211242259e+01 5.981449521049253235e+02 2.346543230201632468e+00
7.210000000000000000e+02 -1.217767396358551508e+02 5.809064985321743961e+02 1.590006881641960801e+00
7.230000000000000000e+02 1.254602554964604764e+02 5.555786651003074894e+02 1.483100290187982173e+00
7.250000000000000000e+02 5.359402796405881730e+01 3.334251463662979518e+02 2.632881873442303622e+00
7.270000000000000000e+02 8.113778160448498511e+01 4.951397336901599715e+02 2.264677350753865337e+00
7.290000000000000000e+02 8.724146289906173024e+01 4.958325437251825747e+02 3.926823327169117750e+00
7.310000000000000000e+02 8.886554204679667635e+01 5.981538387480650272e+02 2.652459629638945771e+00
7.330000000000000000e+02 -8.572635380220281931e+00 5.981245435826267567e+02 1.954362246704857364e+00
7.350000000000000000e+02 3.479710555408498607e+01 3.535096953463017826e+02 2.561412047714894946e+00
7.370000000000000000e+02 6.168578710342816862e+01 2.993449611055133914e+02 2.723134185407641628e+00
7.390000000000000000e+02 5.145838232260486933e+01 2.991456765526206141e+02 1.899626989027676682e+00
7.410000000000000000e+02 -1.598904774174157808e+02 5.981158436575910855e+02 1.638496517567896493e+00
7.430000000000000000e+02 -1.589769713511881548e+02 2.993600654702375437e+02 1.949290420615488850e+00
7.450000000000000000e+02 1.678243474475719381e+02 5.695891659049503915e+02 2.096241016838650495e+00
7.470000000000000000e+02 5.368778836315223657e+01 3.588947092140329573e+02 3.490611718862656865e+00
7.490000000000000000e+02 7.393648048696900332e+01 4.041249901144228147e+02 3.587030286128712220e+00
7.510000000000000000e+02 1.620757693474100165e+02 3.862919305266355536e+02 2.413331354873865742e+00
7.530000000000000000e+02 1.724930438716519632e+02 2.993635545457758553e+02 3.144892958690896467e+00
7.550000000000000000e+02 1.684987937041503017e+02 3.136019838992461359e+02 3.755557644696243091e+00
7.570000000000000000e+02 1.739709783272306822e+02 3.153848542009222342e+02 2.701214744618586128e+00
7.590000000000000000e+02 -1.633059897325662462e+02 5.398555006245608183e+02 1.773127684991218533e+00
7.610000000000000000e+02 1.486446455377959239e+02 2.993741949466041206e+02 2.603160466268477080e+00
7.630000000000000000e+02 1.469775850877115602e+02 2.993743402974579908e+02 2.600555548701828812e+00
7.650000000000000000e+02 1.470467988782646671e+02 5.698611461480923026e+02 2.799401201637219838e+00
7.670000000000000000e+02 1.050834284885438450e+02 5.980863855004330389e+02 2.498829692159151072e+00
7.690000000000000000e+02 -1.221638621172391908e+02 5.981237638773366143e+02 2.851409549878952010e+00
7.710000000000000000e+02 -1.239816035237779772e+02 5.981250683154856915e+02 2.753210259207356181e+00
7.730000000000000000e+02 4.773338305498823786e+01 5.673655497870327054e+02 2.700093928096205964e+00
7.750000000000000000e+02 2.752144282660421482e+01 4.377057031562393945e+02 3.042621140193413343e+00
7.770000000000000000e+02 2.133283894154262939e+01 3.154008924830916953e+02 2.199430756102796369e+00
7.790000000000000000e+02 -1.074590481873945009e+02 2.996728157386752969e+02 1.503549485493895777e+00
7.810000000000000000e+02 -1.506920890562809916e+02 2.995993380345125274e+02 1.874814114663112541e+00
7.830000000000000000e+02 7.463082062974305586e+01 3.098858411870168652e+02 3.254530034291416296e+00
7.850000000000000000e+02 7.927383896883098657e+01 2.992901049717875139e+02 4.428128258835306141e+00
7.870000000000000000e+02 9.195579224029893339e+01 2.993720688186405710e+02 3.507204373102411843e+00
7.890000000000000000e+02 1.290182084646797023e+02 5.142400324675189722e+02 3.088632848805420661e+00
7.910000000000000000e+02 8.527161835002266344e+01 5.981067449665121103e+02 2.055426989905632773e+00
7.930000000000000000e+02 8.659627566742280180e+01 3.737927448654996283e+02 1.858110748327541195e+00
7.950000000000000000e+02 -1.644636767198341829e+02 2.993836657221821724e+02 2.541785008615609964e+00
7.970000000000000000e+02 -1.420830089435351056e+02 3.134058707039419005e+02 2.139947435825116706e+00
7.990000000000000000e+02 -5.010971694417299460e+01 4.734241849475214394e+02 1.735172307381793733e+00
8.010000000000000000e+02 6.666682076314711480e+01 5.645391062451201378e+02 2.184453700189691094e+00
8.030000000000000000e+02 5.829884270088437148e+01 5.981270753838383598e+02 2.475769941856000411e+00
8.050000000000000000e+02 -1.631745163933192089e+01 4.305657294668621944e+02 2.460662903262742951e+00
8.070000000000000000e+02 1.265926919523640635e+02 2.993654899511999474e+02 1.477769036089141563e+00
8.090000000000000000e+02 1.400641071694973050e+02 2.993734399205665113e+02 1.524335882199928660e+00
8.110000000000000000e+02 5.892999895509240105e+01 2.994033324372051652e+02 2.171406387224039225e+00
8.130000000000000000e+02 5.786881195687377044e+01 2.993741705376445452e+02 2.600372349042389342e+00
8.150000000000000000e+02 3.709492733047060398e+01 3.456089252190722050e+02 4.339968717075564086e+00
8.170000000000000000e+02 1.178768475173818047e+02 3.140087214794941701e+02 3.274115909510989741e+00
8.190000000000000000e+02 1.419156752526448599e+02 4.203425669999165279e+02 2.378669001976627673e+00
8.210000000000000000e+02 6.964646552999266760e+01 5.981230458601862665e+02 2.702804241741639579e+00
8.230000000000000000e+02 1.032234995724226252e+02 2.993466233103449667e+02 2.728132444114373722e+00
8.250000000000000000e+02 6.492056431830386032e+01 2.994470755211212349e+02 2.393996868287036062e+00
8.270000000000000000e+02 3.524685716175130068e+01 3.743620197888592429e+02 1.844051031636217974e+00
8.290000000000000000e+02 5.282503321884948377e+01 5.260216560658650451e+02 2.460504476678486263e+00
8.310000000000000000e+02 9.605365539754343729e+01 5.981280756621531509e+02 2.034037867005193956e+00
8.330000000000000000e+02 -2.349533344396190060e+01 5.981169192102568104e+02 2.216291394942219384e+00
8.350000000000000000e+02 6.463967312574301793e+00 4.511439680286224529e+02 2.069385091095405027e+00
8.370000000000000000e+02 1.418200484939790158e+02 2.993756566110938024e+02 1.497813453436587672e+00
8.390000000000000000e+02 6.764797777083056474e+01 3.199688449490365088e+02 1.661864091633856733e+00
8.410000000000000000e+02 6.439605858872120336e+01 3.580118282238650522e+02 3.023092090222274209e+00
8.430000000000000000e+02 9.891414757620945863e+01 5.981665807817254290e+02 3.032348160165847961e+00
8.450000000000000000e+02 -1.753767766767722662e+02 5.981089446955131734e+02 2.336487232681805359e+00
8.470000000000000000e+02 2.013587707306072616e+00 2.993751013215905346e+02 1.579846648543825394e+00
8.490000000000000000e+02 -3.765295620150253342e+01 2.993739717102216105e+02 1.572583872839009578e+00
8.510000000000000000e+02 -1.047871860572317928e+02 5.466172046832376736e+02 2.491741569926048783e+00
8.530000000000000000e+02 1.646804618313746289e+02 2.993716099359780856e+02 1.824272979543025031e+00
8.550000000000000000e+02 1.698808920742420696e+02 2.993764108815676082e+02 2.606540883712742840e+00
8.570000000000000000e+02 1.748635965574165709e+02 4.253848919266533244e+02 3.324508918628148457e+00
8.590000000000000000e+02 -1.671112803819024464e+02 3.338976599017143485e+02 2.711448147264651443e+00
8.610000000000000000e+02 -1.667168255075035859e+02 2.993886134266766135e+02 2.757270150882418669e+00
8.630000000000000000e+02 -1.698617946369579101e+02 2.993725826413109985e+02 1.755447347969416372e+00
8.650000000000000000e+02 1.517285269322597117e+02 2.993730007078676749e+02 1.558915728880003959e+00
8.670000000000000000e+02 7.634427637407368650e+01 4.547203506175506504e+02 2.906956187074239306e+00
8.690000000000000000e+02 1.291153606905587878e+02 2.993569363496813480e+02 2.776466410771242455e+00
8.710000000000000000e+02 1.503933573331787841e+02 3.678376117915491932e+02 3.334474246187292046e+00
8.730000000000000000e+02 -1.767353652325347184e+02 2.995053551439931425e+02 3.210269613693779167e+00
8.750000000000000000e+02 1.543631847227030960e+02 2.993731370794509985e+02 2.855788513970076714e+00
8.770000000000000000e+02 1.260616133810674597e+02 3.918739625756131204e+02 2.790226198848447137e+00
8.790000000000000000e+02 1.071981391746165855e+02 5.295874340725752063e+02 2.199251373120665765e+00
8.810000000000000000e+02 7.359488859689788853e+01 3.344577215736732114e+02 4.224717276496784635e+00
8.830000000000000000e+02 7.151532878928574632e+01 5.981162810813817714e+02 6.019676759006260980e+00
8.850000000000000000e+02 -1.695710977126443595e+02 5.980240380313961168e+02 2.865224850511177479e+00
8.870000000000000000e+02 -1.540662003323749616e+02 5.981251294564196996e+02 3.909784386097639786e+00
8.890000000000000000e+02 5.118621177889794183e+01 3.242847353417137697e+02 3.395188892070353237e+00
8.910000000000000000e+02 9.791816603804906549e+01 3.880830810593149067e+02 3.227640983991121093e+00
8.930000000000000000e+02 9.679808532587821901e+01 4.229466728786184717e+02 4.041537713038841240e+00
