# InfraPy Beamforming (fk) Results
# 
# Data summary:
#     CC.PARA.01.BDF	2023-05-08T13:05:30.940000Z - 2023-05-08T13:20:30.920000Z
#     CC.PARA.02.BDF	2023-05-08T13:05:30.940000Z - 2023-05-08T13:20:30.920000Z
#     CC.PARA.03.BDF	2023-05-08T13:05:30.940000Z - 2023-05-08T13:20:30.920000Z
# 
#   channel_cnt: 3
#   t0: 2023-05-08T13:05:30.940000Z
#   latitude: 46.78665
#   longitude: -121.74226
# 
# Algorithm parameters:
#   freq_min: 1.0
#   freq_max: 10.0
#   back_az_min: -180.0
#   back_az_max: 180.0
#   back_az_step: 2.0
#   trace_vel_min: 300.0
#   trace_vel_max: 600.0
#   trace_vel_step: 2.5
#   method: bartlett
#   signal_start: None
#   signal_end: None
#   window_len: 10.0
#   sub_window_len: None
#   window_step: 1.0
# 
# Time (rel t0) [s]      Back Az [deg]	           Tr. Velocity [m/s]       F-stat
5.000000000000000000e+00 -1.283026819815140414e+02 5.981202418616820751e+02 1.699952958182807672e+00
6.000000000000000000e+00 -1.318994798612455952e+02 5.981239329178529260e+02 1.650625338183235646e+00
7.000000000000000000e+00 -4.307387770489380330e+01 2.993973161679172108e+02 1.487433850612521091e+00
8.000000000000000000e+00 -4.709686685254897043e+01 2.993988104450351102e+02 1.393004965202810697e+00
9.000000000000000000e+00 -1.504543134003652085e+02 3.441270435631701048e+02 1.430139432857193915e+00
1.000000000000000000e+01 -1.503369056254761063e+02 2.994873476988728385e+02 1.500544652382781896e+00
1.100000000000000000e+01 6.449100521878743564e+01 5.981586087468425603e+02 1.569365620071278444e+00
1.200000000000000000e+01 1.505366691043574576e+02 2.993685485337422847e+02 1.674871923895363990e+00
1.300000000000000000e+01 1.596937981795585983e+02 2.993819406219554367e+02 1.926863500281917219e+00
1.400000000000000000e+01 1.659130650987250988e+02 2.993856350441346876e+02 1.918729832155757542e+00
1.500000000000000000e+01 1.749548097055936466e+02 5.981281684833518284e+02 1.968894245715050451e+00
1.600000000000000000e+01 -1.776200157354880957e+02 5.981269820382289026e+02 1.938734000481776798e+00
1.700000000000000000e+01 -1.265418943420328191e+02 5.981242434974573143e+02 1.662770625633614996e+00
1.800000000000000000e+01 -1.206892465996884738e+02 5.981168169416303044e+02 1.652865317833299486e+00
1.900000000000000000e+01 1.785202775711068739e+02 2.993406695066258862e+02 1.844869944404363693e+00
2.000000000000000000e+01 -1.803295373472963945e+02 2.993981867169762836e+02 1.921036762361697070e+00
2.100000000000000000e+01 -1.769345709367234747e+02 2.993040585615893860e+02 1.908977906385388446e+00
2.200000000000000000e+01 -1.724434533011092299e+02 2.994048195120880109e+02 1.961572512216879005e+00
2.300000000000000000e+01 -1.748036911896595882e+02 2.995283204671581530e+02 2.156768898358016884e+00
2.400000000000000000e+01 -1.806121461756286521e+02 3.258490723672952640e+02 2.179343243831625809e+00
2.500000000000000000e+01 1.612001487609054493e+02 6.036906563045813527e+02 1.969935000905933542e+00
2.600000000000000000e+01 1.012952191826685180e+02 5.980972784898377768e+02 1.719612185020344519e+00
2.700000000000000000e+01 8.723037315338763165e+01 5.442219024664026392e+02 1.617497312277901278e+00
2.800000000000000000e+01 -1.228494616843925513e+02 3.954127581551971957e+02 1.533575483336268253e+00
2.900000000000000000e+01 -1.334414844109227545e+02 3.093764068506603166e+02 1.785959785382635223e+00
3.000000000000000000e+01 -1.350852637883946556e+02 2.998355788451602848e+02 1.897971350250579725e+00
3.100000000000000000e+01 1.061338986120586583e+02 3.415773925269708116e+02 1.930762428979379663e+00
3.200000000000000000e+01 1.692227466234247117e+02 2.995396336149623835e+02 1.906832079088694787e+00
3.300000000000000000e+01 1.732224205466426099e+02 2.994198305004714484e+02 1.875031459068161599e+00
3.400000000000000000e+01 1.757100929686901907e+02 2.993859212465012547e+02 1.817826305360140449e+00
3.500000000000000000e+01 1.703981233972494351e+02 2.993533813273421629e+02 1.740086859620239235e+00
3.600000000000000000e+01 1.631447454649432700e+02 2.987419865540967976e+02 1.735748680599096261e+00
3.700000000000000000e+01 1.237138649499708549e+02 3.922497182013598831e+02 1.918259121829250846e+00
3.800000000000000000e+01 1.204269792954015088e+02 3.839901748337447316e+02 2.231341123914406310e+00
3.900000000000000000e+01 1.189049849258125846e+02 4.073526079344748609e+02 2.282301020783874090e+00
4.000000000000000000e+01 1.241798969809662196e+02 4.750798690233893353e+02 2.168417107416459544e+00
4.100000000000000000e+01 1.203863658536089929e+02 5.475312419993339290e+02 1.982152457058215855e+00
4.200000000000000000e+01 1.063261182372544056e+02 5.981927370073472048e+02 2.078999550866706070e+00
4.300000000000000000e+01 9.807276613043174507e+01 5.982360833805319089e+02 1.851172735093526311e+00
4.400000000000000000e+01 7.349818781200220030e+01 2.992543921785783141e+02 1.737996576496381174e+00
4.500000000000000000e+01 -1.786511282804988241e+02 3.656425748514239444e+02 1.805853693500893975e+00
4.600000000000000000e+01 -1.741956569298950228e+02 3.214464290068877972e+02 1.924906356952529762e+00
4.700000000000000000e+01 -1.728509858320072681e+02 3.126385690707317053e+02 2.206665414846877837e+00
4.800000000000000000e+01 -1.746539909332202853e+02 3.360439870449554292e+02 2.304685947342200336e+00
4.900000000000000000e+01 1.752219556122308290e+02 3.463690883768052799e+02 2.191348595975033842e+00
5.000000000000000000e+01 1.686376095076845445e+02 3.426183828991177052e+02 2.152064330725170560e+00
5.100000000000000000e+01 1.685985066567982358e+02 3.146541847250366573e+02 1.945119254537458930e+00
5.200000000000000000e+01 1.701993987654409466e+02 2.993693452591323876e+02 1.604600760825237726e+00
5.300000000000000000e+01 -1.471156345951699222e+02 5.980203715230445596e+02 1.526088563165335144e+00
5.400000000000000000e+01 -1.694541063691467286e+02 2.993928853416890661e+02 1.506369099732350447e+00
5.500000000000000000e+01 -1.694934381339611491e+02 2.993751977718369517e+02 1.573254865914728073e+00
5.600000000000000000e+01 -1.690587002689102292e+02 2.993335927834619383e+02 1.579900850858930950e+00
5.700000000000000000e+01 -1.774359704215922875e+02 3.336170313657138990e+02 1.525059755670019834e+00
5.800000000000000000e+01 1.724439710863220796e+02 3.839089193291366655e+02 1.513179659750489625e+00
5.900000000000000000e+01 -1.744167991922917622e+02 4.172204634569388872e+02 1.428126253743722929e+00
6.000000000000000000e+01 -1.587110949723589499e+02 5.981229636411276260e+02 1.296852669385459400e+00
6.100000000000000000e+01 6.360033969373741769e+01 5.980538971508857458e+02 1.550241913972142171e+00
6.200000000000000000e+01 6.797358390310049003e+01 5.504142543771584997e+02 1.687122995590122132e+00
6.300000000000000000e+01 6.960258872708541844e+01 4.712114135132153478e+02 1.653440414263640079e+00
6.400000000000000000e+01 7.391971012696591004e+01 3.733645444424822131e+02 1.586801239050684931e+00
6.500000000000000000e+01 7.551156000554762215e+01 3.354541075831992316e+02 1.647872904047261278e+00
6.600000000000000000e+01 7.507721901149074029e+01 2.995436027691091567e+02 1.734155238130559828e+00
6.700000000000000000e+01 7.664953417899548072e+01 2.993913129817429990e+02 1.763272771894822677e+00
6.800000000000000000e+01 7.792930498958985197e+01 3.106351547031508744e+02 1.836227160207457798e+00
6.900000000000000000e+01 8.955966010114454434e+01 3.316179696620066011e+02 1.786539537966016278e+00
7.000000000000000000e+01 8.864277000043308874e+01 3.402000132427108383e+02 1.711399197951683604e+00
7.100000000000000000e+01 1.630519866577795938e+02 3.742961965586005135e+02 1.589173197132192517e+00
7.200000000000000000e+01 -2.049885646219241409e+01 4.111969752450615374e+02 1.594611549102844306e+00
7.300000000000000000e+01 1.332797139148998724e+02 3.575499398371657094e+02 1.602925419299108700e+00
7.400000000000000000e+01 1.343122208967574807e+02 3.546263737562931624e+02 1.713395327867257789e+00
7.500000000000000000e+01 1.330821515301846887e+02 3.594355996985718207e+02 1.833481812509509368e+00
7.600000000000000000e+01 1.396527658381008621e+02 3.856189470309680019e+02 1.822209382497839369e+00
7.700000000000000000e+01 1.447836588044534096e+02 3.936934274621580698e+02 1.788144197200362884e+00
7.800000000000000000e+01 1.422548823698260492e+02 3.903978516828822194e+02 1.808079215517425231e+00
7.900000000000000000e+01 1.404195265203183567e+02 3.709928448078520660e+02 1.941994039051780918e+00
8.000000000000000000e+01 1.391541112743387600e+02 3.646599900365630447e+02 1.953091713672389984e+00
8.100000000000000000e+01 1.464203119655243768e+02 3.604366671769518007e+02 1.781727880700128663e+00
8.200000000000000000e+01 1.620665658645706060e+02 3.611968847481140870e+02 1.734556349696854793e+00
8.300000000000000000e+01 1.668199266109818382e+02 3.863343853413768443e+02 1.800755147009731161e+00
8.400000000000000000e+01 1.445578023435831199e+02 5.112943726641029798e+02 1.753873671123764799e+00
8.500000000000000000e+01 1.311526280776946862e+02 5.625274506908463081e+02 1.676968626671577089e+00
8.600000000000000000e+01 1.179346393434590539e+02 5.661522577061862194e+02 1.447975308365017533e+00
8.700000000000000000e+01 7.147198632014342934e+01 2.993345129978626460e+02 1.593964082673758664e+00
8.800000000000000000e+01 7.407671771499310864e+01 2.993796150748486298e+02 1.579790204418222155e+00
8.900000000000000000e+01 -1.667374162869209329e+02 2.993801949758907881e+02 1.433647282375960508e+00
9.000000000000000000e+01 1.027331555877518667e+02 5.557612203052311770e+02 1.451442231163105445e+00
9.100000000000000000e+01 -1.654150951495919628e+02 2.993614844182833394e+02 1.492576121657475330e+00
9.200000000000000000e+01 -1.679388891633859089e+02 2.993695554451894623e+02 1.644929883615414035e+00
9.300000000000000000e+01 -1.703235695263753371e+02 3.186360694474153092e+02 1.765828011201562298e+00
9.400000000000000000e+01 -1.714125461920535258e+02 3.396111420355354653e+02 1.638242923917855753e+00
9.500000000000000000e+01 -1.652478896780945661e+02 3.497211116638121666e+02 1.475107889904598402e+00
9.600000000000000000e+01 1.683979312667295005e+02 3.172920156172579595e+02 1.413453130906084931e+00
9.700000000000000000e+01 1.682682534873204361e+02 3.138617619954492284e+02 1.577963917554312756e+00
9.800000000000000000e+01 1.726456405013749418e+02 3.155841232680245412e+02 1.719774598784236108e+00
9.900000000000000000e+01 1.745939822022696433e+02 3.127176869078930963e+02 1.729646673236768795e+00
1.000000000000000000e+02 5.383274219611428180e+01 2.993792438487899972e+02 1.615848225962132956e+00
1.010000000000000000e+02 5.063625033194987424e+01 2.993738184469307271e+02 1.515932733151394984e+00
1.020000000000000000e+02 -1.587490977463047841e+02 3.459389846288316335e+02 1.459617723112579979e+00
1.030000000000000000e+02 -1.558154802308663420e+02 2.992235754388076430e+02 1.532107252551439869e+00
1.040000000000000000e+02 -1.557156545130678182e+02 2.993525043113068023e+02 1.590467086296269539e+00
1.050000000000000000e+02 1.197582606342940608e+02 2.993336828827740419e+02 1.628111640428326234e+00
1.060000000000000000e+02 1.127634316580771099e+02 2.993981973492970496e+02 1.598036032798846318e+00
1.070000000000000000e+02 -6.540813785935758062e+01 4.049101544927626151e+02 1.580128230406819823e+00
1.080000000000000000e+02 -6.242832645298149430e+01 4.405519074144713727e+02 1.807728627231718344e+00
1.090000000000000000e+02 -1.734272184178463760e+02 2.992535916154538427e+02 1.744895723798172149e+00
1.100000000000000000e+02 -1.741253321849617066e+02 2.993880122725442448e+02 1.616181994012048317e+00
1.110000000000000000e+02 6.303145475221135285e+01 3.033912495775036859e+02 1.658369905003759026e+00
1.120000000000000000e+02 -7.783369800298534358e+01 4.048829399818831121e+02 1.714938722239862878e+00
1.130000000000000000e+02 -7.045036046481136793e+01 4.243469763779474988e+02 1.667700457608797926e+00
1.140000000000000000e+02 -1.631779969798728587e+02 2.992928974331416612e+02 1.536620543124585181e+00
1.150000000000000000e+02 -1.741924805120961821e+02 3.232758196821029060e+02 1.625005872146968011e+00
1.160000000000000000e+02 -3.655063266249421616e+01 3.370423217173728858e+02 1.617608011779732680e+00
1.170000000000000000e+02 -3.729232994937574119e+01 3.247011821828331222e+02 1.887658375652846221e+00
1.180000000000000000e+02 -3.617643724034255115e+01 3.099145452092204778e+02 1.731338837504711625e+00
1.190000000000000000e+02 -1.538126461909688487e+02 4.993398723963397856e+02 1.701755833285438557e+00
1.200000000000000000e+02 -1.640598244451368259e+02 4.240642124404843116e+02 1.825125703824986623e+00
1.210000000000000000e+02 -1.730437331561700489e+02 3.841979947193018461e+02 1.876340223883117719e+00
1.220000000000000000e+02 1.754574093895405156e+02 4.696924653699479677e+02 1.880025826438413983e+00
1.230000000000000000e+02 1.693189708836635532e+02 4.675739084382377087e+02 1.780070957535694109e+00
1.240000000000000000e+02 1.723092209723477595e+02 3.473583639729036463e+02 1.642456232077491141e+00
1.250000000000000000e+02 1.568933970280414485e+02 2.963765080876493130e+02 1.576077184491544436e+00
1.260000000000000000e+02 8.895301635491233583e+01 2.992028154366693684e+02 1.508501355137922939e+00
1.270000000000000000e+02 8.893592036447563487e+01 2.991965866453396643e+02 1.586798946404883504e+00
1.280000000000000000e+02 9.240500976283141199e+01 2.993948668134494824e+02 1.500216227726777429e+00
1.290000000000000000e+02 9.601671996517615071e+01 2.993760841881446026e+02 1.534167504195018239e+00
1.300000000000000000e+02 9.577686329660929232e+01 2.993522646117428394e+02 1.547106270453245225e+00
1.310000000000000000e+02 4.985654915490577110e+01 5.981080054148511636e+02 1.659611453047888485e+00
1.320000000000000000e+02 1.242620674540622758e+02 3.603617521718949774e+02 1.749005031377618646e+00
1.330000000000000000e+02 1.231570681115132970e+02 3.787286152363250835e+02 1.841304240903036904e+00
1.340000000000000000e+02 1.100923186048158300e+02 3.836785847888306193e+02 1.916535461181416489e+00
1.350000000000000000e+02 9.016255517471974201e+01 3.234832770529091590e+02 1.979263057849848462e+00
1.360000000000000000e+02 9.169498347307704478e+01 3.127618195969972703e+02 2.019839904305861467e+00
1.370000000000000000e+02 9.618856801585982907e+01 3.073416612714341909e+02 1.858573824187193857e+00
1.380000000000000000e+02 9.884332738465936075e+01 3.101137918009843020e+02 1.900771994311580171e+00
1.390000000000000000e+02 9.599069816585053161e+01 3.118793023731141147e+02 1.795557596339921291e+00
1.400000000000000000e+02 1.784709776497543601e+02 5.980947103705037762e+02 1.861066955032972592e+00
1.410000000000000000e+02 -1.746658467534431054e+02 5.981505044441512382e+02 1.982966212915949766e+00
1.420000000000000000e+02 -1.767811711198561966e+02 5.981454148382082394e+02 1.780224045744692951e+00
1.430000000000000000e+02 8.229155970240407214e+01 5.981590213688569975e+02 1.765616623907186877e+00
1.440000000000000000e+02 8.008498892264637448e+01 5.903337670796278189e+02 1.701681799492477110e+00
1.450000000000000000e+02 7.993389129095125156e+01 5.981114727918176186e+02 1.577484256064685120e+00
1.460000000000000000e+02 -1.416842609416589482e+01 2.994045850859866391e+02 1.292746948540346219e+00
1.470000000000000000e+02 -6.636003022785830296e+01 3.028935593943200502e+02 1.317098006006540478e+00
1.480000000000000000e+02 1.486811467662827795e+02 4.207878946269277662e+02 1.327915765168560247e+00
1.490000000000000000e+02 1.131437457819831849e+01 3.197447742149230407e+02 1.451691426712212518e+00
1.500000000000000000e+02 1.487456739586019339e+01 2.993974568238564871e+02 1.455785695387250778e+00
1.510000000000000000e+02 -1.425153835793739745e+02 2.994333239685987564e+02 1.586923551948475897e+00
1.520000000000000000e+02 -1.435286693131916422e+02 3.183562113567095935e+02 1.743068002089533053e+00
1.530000000000000000e+02 -1.438996910809449616e+02 3.367201928600332508e+02 1.703710821743463777e+00
1.540000000000000000e+02 -1.396294016167840937e+02 3.387452516880398434e+02 1.586586548822713993e+00
1.550000000000000000e+02 1.052065164014910295e+02 4.196139019575028328e+02 1.547976131042929193e+00
1.560000000000000000e+02 1.177675969419302646e+02 4.424974916394121465e+02 1.546808967029652759e+00
1.570000000000000000e+02 1.269481822461275584e+02 4.109741007266509314e+02 1.738990027703753993e+00
1.580000000000000000e+02 1.292147563229878244e+02 4.249950590882307893e+02 1.869153044536713715e+00
1.590000000000000000e+02 1.347669925096122086e+02 4.158455647740809127e+02 1.752246373542482027e+00
1.600000000000000000e+02 1.397540652261965306e+02 3.332937183655056401e+02 1.645520470779375133e+00
1.610000000000000000e+02 1.440426054387850172e+02 3.099233540170845913e+02 1.604970981615297942e+00
1.620000000000000000e+02 -8.525387485570533386e+01 4.016870446712321154e+02 1.480073702772058519e+00
1.630000000000000000e+02 -8.339832313758522275e+01 3.985043022195671938e+02 1.505030264640826232e+00
1.640000000000000000e+02 -1.479815564320377632e+02 2.993746451555083468e+02 1.570080656645871153e+00
1.650000000000000000e+02 -1.458388724690794049e+02 2.993727856967275329e+02 1.536339358254782406e+00
1.660000000000000000e+02 1.337047403892483146e+02 3.087419637894823836e+02 1.456806397914551798e+00
1.670000000000000000e+02 1.531924898162589841e+02 4.617777567480741823e+02 1.397204279961621554e+00
1.680000000000000000e+02 1.623976481710855637e+02 4.915138335842383981e+02 1.380287338621107196e+00
1.690000000000000000e+02 -5.116312923788784417e+01 2.993930444657374323e+02 1.408093558587460548e+00
1.700000000000000000e+02 -5.329136241445211652e+01 2.994410702356223055e+02 1.514828688159123304e+00
1.710000000000000000e+02 -6.041224164605560532e+01 2.884469525417712248e+02 1.493830073866657004e+00
1.720000000000000000e+02 3.144073133003145060e+01 5.647050171165204802e+02 1.420752165967113179e+00
1.730000000000000000e+02 2.590762691467558554e+01 5.981309915289344872e+02 1.452605336693705729e+00
1.740000000000000000e+02 2.266830935582337503e+01 5.981026587802573431e+02 1.421635000670540494e+00
1.750000000000000000e+02 1.684038891369748967e+02 4.004299273249098974e+02 1.536226662652775410e+00
1.760000000000000000e+02 1.767898858649090528e+02 5.980615894990543211e+02 1.459224401572467800e+00
1.770000000000000000e+02 5.987042683937512777e+01 5.981236537258697581e+02 1.415090646807718455e+00
1.780000000000000000e+02 6.561594030926261212e+01 5.981186199979144931e+02 1.429296478834146678e+00
1.790000000000000000e+02 -1.626715936163010952e+02 2.995294402726617022e+02 1.443494493332995399e+00
1.800000000000000000e+02 -1.607170777369679229e+02 2.994309660617245754e+02 1.555391308286286023e+00
1.810000000000000000e+02 -1.609103335745064953e+02 2.992196155467511858e+02 1.657766601177493193e+00
1.820000000000000000e+02 -1.628985841701910999e+02 2.995353807092075158e+02 1.523353541247952636e+00
1.830000000000000000e+02 -1.724900095707094749e+02 3.279545391311932576e+02 1.516146698699224471e+00
1.840000000000000000e+02 -1.729577493696662600e+02 3.163244892726343096e+02 1.669249083327950745e+00
1.850000000000000000e+02 -1.706893344020662084e+02 3.074644661925793798e+02 1.657900567817908621e+00
1.860000000000000000e+02 -1.649266353047471512e+02 3.062345881355192887e+02 1.653129708707527623e+00
1.870000000000000000e+02 -1.569855597048677964e+02 3.133105126151938293e+02 1.779175335103479139e+00
1.880000000000000000e+02 -1.530392869603477379e+02 3.172979659178038787e+02 1.861302958114702033e+00
1.890000000000000000e+02 -1.538625661164757616e+02 3.536732450038157936e+02 1.846756892425939878e+00
1.900000000000000000e+02 -1.684827918123211248e+02 5.984323963019064649e+02 1.846442466112970360e+00
1.910000000000000000e+02 1.724928639668535197e+02 5.981139696000451522e+02 1.807650743284134665e+00
1.920000000000000000e+02 1.384056845709834249e+02 5.981268044161903390e+02 1.727085669508885646e+00
1.930000000000000000e+02 1.227972455154834961e+02 5.981397590682495320e+02 1.570287222913739456e+00
1.940000000000000000e+02 5.092851097669225879e+01 4.487498270368353701e+02 1.415539858482346203e+00
1.950000000000000000e+02 -5.242705382389606683e+01 3.768532581257418315e+02 1.509468403399320646e+00
1.960000000000000000e+02 -3.791048880868465432e+01 3.623009735448059132e+02 1.623825746858148511e+00
1.970000000000000000e+02 -2.902557371489887217e+01 3.296367283638131198e+02 1.581960818774002187e+00
1.980000000000000000e+02 -1.489802466366790554e+02 5.984274710805259474e+02 1.462228439527397672e+00
1.990000000000000000e+02 -1.542081052620337402e+02 5.981429336140088253e+02 1.513312654072254571e+00
2.000000000000000000e+02 -1.576784456917070827e+02 5.981047423148278313e+02 1.418473576236057410e+00
2.010000000000000000e+02 -1.593949068827102167e+02 5.977832902962686603e+02 1.475083228719479278e+00
2.020000000000000000e+02 -1.523660690993485787e+02 3.252047661822336977e+02 1.508519258792186513e+00
2.030000000000000000e+02 -1.533711933977392903e+02 3.068396479348046455e+02 1.516304541151094254e+00
2.040000000000000000e+02 -8.724842882947800149e+01 4.994361061454465585e+02 1.542531816279425483e+00
2.050000000000000000e+02 -1.055498380299799805e+02 5.981226349017412076e+02 1.549713536050033147e+00
2.060000000000000000e+02 -1.313333461709246706e+02 5.981245274675841301e+02 1.495357415352459141e+00
2.070000000000000000e+02 -1.472378424251402294e+02 2.993311921193988496e+02 1.573758614699379832e+00
2.080000000000000000e+02 -1.517031190715492812e+02 2.992915611505220568e+02 1.727774672664243338e+00
2.090000000000000000e+02 -1.562121331110226663e+02 3.005269661987427980e+02 1.753565342386660619e+00
2.100000000000000000e+02 -1.585066014100351879e+02 2.995191117262782541e+02 1.695162889958697461e+00
2.110000000000000000e+02 6.751191872055802889e+01 2.993678560569913429e+02 1.561219947483555748e+00
2.120000000000000000e+02 -9.592086367937966429e+01 2.993798379314845306e+02 1.654296362507053697e+00
2.130000000000000000e+02 -9.571597886910757325e+01 2.994079017704293051e+02 1.631958276689332132e+00
2.140000000000000000e+02 -8.196717033319589518e+01 3.315578597469753959e+02 1.580451486730209965e+00
2.150000000000000000e+02 -6.812288652199501371e+01 3.667927756580488676e+02 1.554343498730289763e+00
2.160000000000000000e+02 1.785482716115213577e+02 3.315494208054839760e+02 1.451719841841897507e+00
2.170000000000000000e+02 -1.788503499919129069e+02 5.981329037062679390e+02 1.497046000205354943e+00
2.180000000000000000e+02 1.768122542152371182e+02 5.981151664515330140e+02 1.606315114423063850e+00
2.190000000000000000e+02 1.042664317897588688e+02 5.981314270970067355e+02 1.648161897049444269e+00
2.200000000000000000e+02 1.073360160308296258e+02 5.980943377645111241e+02 1.617609297444893235e+00
2.210000000000000000e+02 9.875389617508884044e+01 3.800379106356954253e+02 1.683761724174186236e+00
2.220000000000000000e+02 1.000571933050756144e+02 4.130140133693860776e+02 1.743371224833095701e+00
2.230000000000000000e+02 1.020802262101633318e+02 4.619926267528244921e+02 1.755606767642110322e+00
2.240000000000000000e+02 2.902226523821726900e+01 3.144796394845964187e+02 1.827791632001817046e+00
2.250000000000000000e+02 2.497157088158781235e+01 3.224234270374696507e+02 1.764193691547501386e+00
2.260000000000000000e+02 1.593107193514295439e+01 3.068753526747117348e+02 1.720517705425479660e+00
2.270000000000000000e+02 1.531926713484362956e+01 3.025933960586290254e+02 1.540128844588044554e+00
2.280000000000000000e+02 -1.133065492316782610e+02 3.049717192237426957e+02 1.539801091882811557e+00
2.290000000000000000e+02 8.416200468792298750e+01 2.994743761169617642e+02 1.471269797395939438e+00
2.300000000000000000e+02 8.514777238178210439e+01 2.990824458183998900e+02 1.574225294295425126e+00
2.310000000000000000e+02 -1.587068512465942547e+02 5.981338075613261935e+02 1.559263338208876304e+00
2.320000000000000000e+02 -1.679852459097068902e+02 5.981248289106525817e+02 1.625718745429344025e+00
2.330000000000000000e+02 8.563915094442852194e+01 2.993682203504569657e+02 1.864900442834987127e+00
2.340000000000000000e+02 8.301482696079784773e+01 2.992702640588348686e+02 2.074679981351316815e+00
2.350000000000000000e+02 8.136109750065321577e+01 3.114592631431985410e+02 1.955797159363786397e+00
2.360000000000000000e+02 8.563641135774381041e+01 3.394856855723627405e+02 1.672559602017148261e+00
2.370000000000000000e+02 -1.190517655040753482e+02 2.993420603969626654e+02 1.521014767983965621e+00
2.380000000000000000e+02 -1.227749305604739902e+02 2.996353471545865546e+02 1.537538493682107488e+00
2.390000000000000000e+02 -1.268615036708737449e+02 3.490038675540481563e+02 1.511469416025545076e+00
2.400000000000000000e+02 -1.299350600061491150e+02 4.071094170761591613e+02 1.705138278976497945e+00
2.410000000000000000e+02 -1.314071894626005985e+02 4.564876401108849109e+02 1.827632532059957127e+00
2.420000000000000000e+02 -1.372980357031531753e+02 5.204537801233083201e+02 1.668139472280623758e+00
2.430000000000000000e+02 8.240942449296871075e+01 5.981378159313230753e+02 1.611623148781601511e+00
2.440000000000000000e+02 6.892140239408871594e+01 5.983583221823577105e+02 1.657164589790999232e+00
2.450000000000000000e+02 5.813392406774392640e+01 5.341061447042325199e+02 1.562506921294905426e+00
2.460000000000000000e+02 1.022925520073060568e+02 3.416786753570039536e+02 1.636339111924818290e+00
2.470000000000000000e+02 1.224594957763465572e+02 3.474969768577473701e+02 1.567208384313891534e+00
2.480000000000000000e+02 1.288873365223684573e+02 3.473247948588562508e+02 1.442439327966530627e+00
2.490000000000000000e+02 7.271262575203819267e+01 2.994441005412397772e+02 1.435203283174842248e+00
2.500000000000000000e+02 7.199072728418531142e+01 3.164913067126569217e+02 1.427245606058838989e+00
2.510000000000000000e+02 5.674970203193857543e+01 2.994138179084604303e+02 1.409855846927504874e+00
2.520000000000000000e+02 -1.784135436523280021e+02 3.781982124735163211e+02 1.551419793322177831e+00
2.530000000000000000e+02 -1.789505786313601448e+02 3.058899232603910150e+02 1.639164309155827892e+00
2.540000000000000000e+02 -1.804955839046522783e+02 2.993849283694697192e+02 1.642244762167695216e+00
2.550000000000000000e+02 -1.058837820084882964e+02 5.981256236351263169e+02 1.575157997541014376e+00
2.560000000000000000e+02 7.650234794675083094e+01 2.994936251681882595e+02 1.558979090919630606e+00
2.570000000000000000e+02 8.693807591095357168e+01 4.259336051559591283e+02 1.511413073568940169e+00
2.580000000000000000e+02 9.904866182006179542e+01 4.872851223901382127e+02 1.488278056842126107e+00
2.590000000000000000e+02 -1.739762023602186218e+02 4.617934627170853332e+02 1.377974925765552250e+00
2.600000000000000000e+02 -1.403760101129018949e+02 4.091876521464224652e+02 1.415761043386023044e+00
2.610000000000000000e+02 -1.468212093374637277e+02 2.994104071929352813e+02 1.505075521397917448e+00
2.620000000000000000e+02 -1.495650077659940393e+02 2.985739174822386985e+02 1.653499108720157373e+00
2.630000000000000000e+02 -1.563121585963667997e+02 3.138602973191910905e+02 1.665259619946134473e+00
2.640000000000000000e+02 -1.725815453425817338e+02 3.295382828196831611e+02 1.684404455892367425e+00
2.650000000000000000e+02 -1.722487957045514122e+02 2.994320016578665786e+02 1.533767413535418900e+00
2.660000000000000000e+02 5.866804771772288518e+01 5.981227047849496330e+02 1.717131537010451403e+00
2.670000000000000000e+02 6.543632769679470584e+01 5.981202498659237108e+02 1.720006340222651309e+00
2.680000000000000000e+02 8.248295055346434879e+01 2.993795188334754016e+02 1.683797301579493144e+00
2.690000000000000000e+02 8.065055622570848470e+01 2.993983818118301770e+02 1.600181279420329394e+00
2.700000000000000000e+02 -1.301291798921185716e+01 3.555789465334103738e+02 1.517625154462703074e+00
2.710000000000000000e+02 -5.258764315515923826e+00 4.486956482279741749e+02 1.606556550829226770e+00
2.720000000000000000e+02 -1.095406276633797304e+01 5.417820691091568506e+02 1.560407387280538183e+00
2.730000000000000000e+02 -3.276318895596652681e+01 5.983044047625070334e+02 1.521900974514520666e+00
2.740000000000000000e+02 -1.738147563682570080e+02 3.149834386288495125e+02 1.423910518494293731e+00
2.750000000000000000e+02 -1.700923004823892484e+02 2.993821423393715691e+02 1.475921546639703985e+00
2.760000000000000000e+02 -1.722789750614005015e+02 2.993848694592599600e+02 1.392427708377830031e+00
2.770000000000000000e+02 -9.810649191885856624e+01 5.709531375021691701e+02 1.380832837667975488e+00
2.780000000000000000e+02 9.060791062088583203e+01 3.108969013751139414e+02 1.445392765560001402e+00
2.790000000000000000e+02 8.681885193515503829e+01 5.981476103375424600e+02 1.470989913973680174e+00
2.800000000000000000e+02 8.033137917005464601e+01 5.981370721817402227e+02 1.562545606441702040e+00
2.810000000000000000e+02 8.754466695746496896e+01 5.981006739412611068e+02 1.644634982355883901e+00
2.820000000000000000e+02 9.613845538375473154e+01 5.981382772065927611e+02 1.701062904639342177e+00
2.830000000000000000e+02 1.101819646769090610e+02 5.981531062229965983e+02 1.672452642706878434e+00
2.840000000000000000e+02 -1.621109619249476737e+02 5.981306153543652044e+02 1.516102939353139556e+00
2.850000000000000000e+02 -1.533302057164624443e+02 5.980994832182633445e+02 1.435776172474197532e+00
2.860000000000000000e+02 -1.425118560098569560e+02 5.981563877375187985e+02 1.295949169699423198e+00
2.870000000000000000e+02 9.712927241585729732e+00 3.470793110561543244e+02 1.321461629627673329e+00
2.880000000000000000e+02 1.735205123348048630e+02 3.925657281271426200e+02 1.355952350275375862e+00
2.890000000000000000e+02 -1.806427426731758317e+02 3.814826865236163371e+02 1.592926129217850484e+00
2.900000000000000000e+02 1.718425909784509997e+02 4.276189090246207343e+02 1.835059026574626051e+00
2.910000000000000000e+02 1.631143132012916510e+02 4.565280171893561487e+02 1.965164078165893891e+00
2.920000000000000000e+02 -1.786420357230821310e+02 2.995965377477596689e+02 1.878473210851841602e+00
2.930000000000000000e+02 1.785236198075025129e+02 2.993368170125426104e+02 1.680084925950150021e+00
2.940000000000000000e+02 1.770343233569002734e+02 2.993297825384124167e+02 1.563942679272915415e+00
2.950000000000000000e+02 1.756873270033221672e+02 2.993824403931853908e+02 1.422439806035153520e+00
2.960000000000000000e+02 -1.050729087284573637e+02 3.362464214449790347e+02 1.413417082162486516e+00
2.970000000000000000e+02 -1.066949051225641654e+02 2.992293065588648915e+02 1.517019503789359680e+00
2.980000000000000000e+02 1.013018663455390111e+02 5.980813525579704901e+02 1.504919210345282421e+00
2.990000000000000000e+02 1.012281367994269488e+02 5.981014733613856151e+02 1.645100767420114574e+00
3.000000000000000000e+02 1.651825752516357397e+02 5.981500373689997332e+02 1.519944228123514041e+00
3.010000000000000000e+02 -1.864529519669909874e+01 3.203702783337607798e+02 1.441308698643268826e+00
3.020000000000000000e+02 -2.397700205837180576e+01 3.304081674349208697e+02 1.439703975875712194e+00
3.030000000000000000e+02 -2.350051559925867650e+01 2.991013260396849773e+02 1.309147563118360225e+00
3.040000000000000000e+02 1.620674793242607734e+02 2.993747346536513874e+02 1.523478666436549389e+00
3.050000000000000000e+02 1.696886546568211145e+02 2.993953275625040646e+02 1.587496695821421833e+00
3.060000000000000000e+02 1.750634672393349547e+02 2.992275988253895207e+02 1.536790383095380186e+00
3.070000000000000000e+02 1.722061570272609572e+02 3.016454788756877292e+02 1.438043370339779914e+00
3.080000000000000000e+02 1.196843684735353150e+02 2.993097262544591786e+02 1.378464193545306138e+00
3.090000000000000000e+02 -1.494070831906067554e+02 3.813350707300648992e+02 1.544563829363433172e+00
3.100000000000000000e+02 -1.476577639166584959e+02 4.227052198252526409e+02 1.774730370454798312e+00
3.110000000000000000e+02 -1.447814195337781200e+02 4.398092248634235375e+02 1.646259123218827281e+00
3.120000000000000000e+02 1.006371556238497078e+02 2.994247954743477749e+02 1.429148281090015127e+00
3.130000000000000000e+02 8.815763542787762219e+01 2.994048540006729127e+02 1.368606929444420972e+00
3.140000000000000000e+02 1.256022092793173357e+02 4.107015703375639077e+02 1.366522236791059663e+00
3.150000000000000000e+02 1.447324003244154369e+02 4.623001271956043752e+02 1.468491241067191311e+00
3.160000000000000000e+02 1.329266046512842934e+02 5.282687774136480812e+02 1.527629739662293540e+00
3.170000000000000000e+02 8.778468540187670044e+01 5.448330619456428394e+02 1.567996257386668590e+00
3.180000000000000000e+02 7.218653518996258356e+01 4.521253387617271642e+02 1.543087140394250101e+00
3.190000000000000000e+02 7.313060049362169934e+01 4.409311515628597817e+02 1.466739634917438639e+00
3.200000000000000000e+02 7.628092278464778531e+01 4.137861114665232094e+02 1.516139861460032989e+00
3.210000000000000000e+02 1.713387349810799662e+02 3.962952953439466341e+02 1.494786050249565346e+00
3.220000000000000000e+02 1.755205967663800379e+02 5.981531184011537334e+02 1.605437783111601568e+00
3.230000000000000000e+02 -1.805089950550447782e+02 5.981432377432408884e+02 1.722637671157090766e+00
3.240000000000000000e+02 1.763160711224842885e+02 5.980683972490876386e+02 1.739927211096859772e+00
3.250000000000000000e+02 1.700919484304831144e+02 5.981180846382576419e+02 1.706507910386044991e+00
3.260000000000000000e+02 1.687677570614217188e+02 5.978190329152054119e+02 1.572688040592047365e+00
3.270000000000000000e+02 1.787253738165503876e+02 4.703831233018364628e+02 1.548278144414132695e+00
3.280000000000000000e+02 -1.677578776227872481e+02 3.388670865220540804e+02 1.539891480339421470e+00
3.290000000000000000e+02 -1.663217716758223617e+02 2.994107360329231255e+02 1.645244986800335818e+00
3.300000000000000000e+02 -1.673980766919377743e+02 2.993104162616713779e+02 1.656395506284613628e+00
3.310000000000000000e+02 -5.766932727043095497e+01 4.281961080201372170e+02 1.611934567946502250e+00
3.320000000000000000e+02 -5.450685138755084580e+01 3.986960193329156255e+02 1.667698984370435289e+00
3.330000000000000000e+02 -5.312379684606922581e+01 3.655182623176511925e+02 1.666155466561496157e+00
3.340000000000000000e+02 -5.231974719675850594e+01 3.347538649147704177e+02 1.785064561311973996e+00
3.350000000000000000e+02 -5.908801355468128236e+01 3.366742224184405359e+02 1.834531558024220743e+00
3.360000000000000000e+02 -6.408950814865434609e+01 3.344339781621201269e+02 1.773783138874459375e+00
3.370000000000000000e+02 1.302482345337541574e+02 4.292634155488435681e+02 1.647041383523878633e+00
3.380000000000000000e+02 1.366968649590778000e+02 4.222722482441014336e+02 1.822931012283382168e+00
3.390000000000000000e+02 1.428449448164905675e+02 3.933841191934938593e+02 1.715748304470451790e+00
3.400000000000000000e+02 -5.879436342129089610e+01 2.993521285060072046e+02 1.374756746134921048e+00
3.410000000000000000e+02 -5.059319681766187671e+01 3.061421266933308516e+02 1.776961122745333244e+00
3.420000000000000000e+02 -5.074430411698627807e+01 3.157921902549184097e+02 2.873941289507128793e+00
3.430000000000000000e+02 -5.151438756925742979e+01 3.216312041821865364e+02 4.395170861304018572e+00
3.440000000000000000e+02 -5.084336272075752561e+01 3.289107546631442460e+02 6.121376597203310510e+00
3.450000000000000000e+02 -4.945989339850711275e+01 3.313169733848691294e+02 7.190744262724726887e+00
3.460000000000000000e+02 -4.833889149736813096e+01 3.363404543804659284e+02 6.979019449189698854e+00
3.470000000000000000e+02 -4.763193471012561275e+01 3.356199502466900526e+02 6.723454905864262088e+00
3.480000000000000000e+02 -4.550869380831212396e+01 3.395408844646647140e+02 7.524437451677576050e+00
3.490000000000000000e+02 -4.443408991901962679e+01 3.421400561595618797e+02 7.916690772074323590e+00
3.500000000000000000e+02 -4.617865243412561682e+01 3.439250837623005737e+02 9.405351988387653961e+00
3.510000000000000000e+02 -4.660739192709382195e+01 3.509805565257113926e+02 1.110870559337936925e+01
3.520000000000000000e+02 -4.631323301281108229e+01 3.527765589648384434e+02 1.139802512169393900e+01
3.530000000000000000e+02 -4.453480232483489942e+01 3.503078988984341322e+02 1.081474287098625098e+01
3.540000000000000000e+02 -4.518568485181221206e+01 3.552423222054882785e+02 1.046856808907984338e+01
3.550000000000000000e+02 -4.507709385872876595e+01 3.573307545808619921e+02 9.642418311230144923e+00
3.560000000000000000e+02 -4.478484901451416533e+01 3.555290503016145749e+02 8.056369752737250423e+00
3.570000000000000000e+02 -4.446923131689421638e+01 3.559023887020665597e+02 6.000001186080824667e+00
3.580000000000000000e+02 -4.397651701373868605e+01 3.614770728595606784e+02 3.590694090799743332e+00
3.590000000000000000e+02 -4.140430226801912994e+01 3.743856021624525852e+02 2.213957531230775100e+00
3.600000000000000000e+02 -4.265154683025491522e+01 3.931085849484766754e+02 2.079141984279373023e+00
3.610000000000000000e+02 -3.552480540968670653e+01 4.281870350677722286e+02 2.074708212129010132e+00
3.620000000000000000e+02 -1.789949176093125516e+02 3.813726237389259381e+02 1.957174821488949723e+00
3.630000000000000000e+02 -3.651434342952449441e+01 4.152312420592653552e+02 1.872982779737837111e+00
3.640000000000000000e+02 -3.990103551480687116e+01 4.070553970765280951e+02 1.997013575829762244e+00
3.650000000000000000e+02 -4.045184765332291477e+01 4.052502784677518548e+02 1.910637171991270034e+00
3.660000000000000000e+02 -2.996021048419523325e+01 4.535904148908971365e+02 1.779042439921742158e+00
3.670000000000000000e+02 1.740471827645126552e+02 2.993707365046995506e+02 1.721849418812191113e+00
3.680000000000000000e+02 1.785300826333448754e+02 2.993001432592423612e+02 1.895582138170497810e+00
3.690000000000000000e+02 -1.787362002080915602e+02 2.994553899785570934e+02 2.014766411758047049e+00
3.700000000000000000e+02 -1.759191423747426484e+02 2.993387140646543116e+02 1.796788445358629804e+00
3.710000000000000000e+02 -1.753638695128454970e+02 3.149204673021470171e+02 1.676364059850675492e+00
3.720000000000000000e+02 -1.751202646356554169e+02 3.159632845645206771e+02 1.554176920835111053e+00
3.730000000000000000e+02 3.770043300027879241e+01 5.981284400483974650e+02 1.595214633655476666e+00
3.740000000000000000e+02 4.314298411213288631e+01 5.981299602782875127e+02 1.630809747801750698e+00
3.750000000000000000e+02 4.242160800886968275e+01 5.981201772117838118e+02 1.619826367067945361e+00
3.760000000000000000e+02 -9.025762999826088162e+01 5.981212296941026807e+02 1.686364892562443485e+00
3.770000000000000000e+02 -9.638273695803093233e+01 5.981176234569780945e+02 1.968492844604793346e+00
3.780000000000000000e+02 -1.010739680815234749e+02 5.981372836847581311e+02 2.113654801723958698e+00
3.790000000000000000e+02 -1.024205734506914638e+02 5.981209767516994589e+02 2.035327357006860627e+00
3.800000000000000000e+02 -1.049766539653086284e+02 5.981208630561690143e+02 1.860622227181853772e+00
3.810000000000000000e+02 4.560408080810913134e+01 5.981261077126614509e+02 1.931061424403091697e+00
3.820000000000000000e+02 5.148446692926644630e+01 5.981239872381041778e+02 1.892225033064245165e+00
3.830000000000000000e+02 5.124646942236248748e+01 5.981187674098810021e+02 1.850797867670691543e+00
3.840000000000000000e+02 4.865647195438127426e+01 5.981414810510968891e+02 1.668334662725881268e+00
3.850000000000000000e+02 4.837286638885843360e+01 5.916400974216187478e+02 1.630590992155218855e+00
3.860000000000000000e+02 5.397905063703082362e+01 5.981231211832740655e+02 1.611573388360226122e+00
3.870000000000000000e+02 -1.547984397157723890e+02 2.994512577548163108e+02 1.727739500599189570e+00
3.880000000000000000e+02 -1.571325483406060357e+02 2.993307731791776973e+02 1.602349584139419081e+00
3.890000000000000000e+02 8.882139631906255772e+01 4.335521578140275665e+02 1.606134901357387568e+00
3.900000000000000000e+02 8.760650246771790250e+01 4.697006622346987115e+02 1.837660631851286697e+00
3.910000000000000000e+02 8.119151919503514137e+01 4.577707003164131265e+02 1.925910922857376084e+00
3.920000000000000000e+02 7.868103662555978417e+01 4.539599832047751988e+02 1.991969985169707469e+00
3.930000000000000000e+02 7.845281355800285894e+01 4.505169932272288520e+02 1.954518158116289595e+00
3.940000000000000000e+02 8.070706165867764526e+01 4.090275212731718284e+02 1.842634181670202764e+00
3.950000000000000000e+02 -1.083393210814283663e+02 3.799375733562802111e+02 1.677990121091279541e+00
3.960000000000000000e+02 -1.163811525874223207e+02 3.290023541608213691e+02 1.446005024514608994e+00
3.970000000000000000e+02 1.036892463498973029e+02 4.037101011523222951e+02 1.298905731364904836e+00
3.980000000000000000e+02 -8.069259696238313495e+01 2.993629065321490543e+02 1.315972845364807409e+00
3.990000000000000000e+02 -1.702880934298583071e+01 2.992752180435583114e+02 1.395069445911232497e+00
4.000000000000000000e+02 1.126913014590557083e+02 3.800345277348050104e+02 1.475409819186236371e+00
4.010000000000000000e+02 1.154822585115839360e+02 3.698672396391712027e+02 1.563775701251918226e+00
4.020000000000000000e+02 1.237597079565335036e+02 3.596547293006056520e+02 1.482121189624810542e+00
4.030000000000000000e+02 -5.973232920454802297e+01 3.179686519646875809e+02 1.793896417210445238e+00
4.040000000000000000e+02 -5.104160819038539643e+01 3.330541578239480600e+02 2.211028935103116488e+00
4.050000000000000000e+02 -3.283701363525780437e+01 3.324148031257765865e+02 2.540773735272951583e+00
4.060000000000000000e+02 -3.747180425411656302e+01 3.328716240814694061e+02 2.887743262957985557e+00
4.070000000000000000e+02 -2.930193457523867195e+01 3.308424912408556224e+02 3.184777847408412743e+00
4.080000000000000000e+02 -1.852095893127048853e+01 3.184373844454119080e+02 3.518198459875494510e+00
4.090000000000000000e+02 -1.042059420606299369e+01 3.005726620712131307e+02 3.506186041314709012e+00
4.100000000000000000e+02 -9.700085409821690874e+00 2.992083498290488706e+02 4.095373323465659077e+00
4.110000000000000000e+02 -1.033370127038935671e+01 2.994861255043851997e+02 4.610734221915285147e+00
4.120000000000000000e+02 -1.277649822518523237e+01 3.158790705897960152e+02 4.951318263586453661e+00
4.130000000000000000e+02 -1.601086936951159956e+01 3.270838917336928944e+02 4.811854876821892724e+00
4.140000000000000000e+02 -1.909272382414610547e+01 3.294529195150205965e+02 4.256873964759455120e+00
4.150000000000000000e+02 -2.152580797936316870e+01 3.368997561410006938e+02 3.454645292301175452e+00
4.160000000000000000e+02 -2.156847496432655831e+01 3.211378745039679075e+02 3.335467533113606109e+00
4.170000000000000000e+02 -2.041948352711494508e+01 3.239906644613240019e+02 3.174436372776920035e+00
4.180000000000000000e+02 -2.472936257322064080e+01 3.546167278617523380e+02 2.972065063051120948e+00
4.190000000000000000e+02 -1.702543707237371606e+01 3.310603542855565138e+02 2.806649193695286204e+00
4.200000000000000000e+02 -7.000527727651578047e+00 3.085399796637190093e+02 3.109277168626606080e+00
4.210000000000000000e+02 -8.317875822076011616e+00 3.091135592162426633e+02 3.178148356186097256e+00
4.220000000000000000e+02 -7.342119417502870782e+00 3.129931438925536895e+02 3.087111477837664708e+00
4.230000000000000000e+02 -1.716837198286091848e+01 3.391569974390882294e+02 3.250176269913911398e+00
4.240000000000000000e+02 -3.135996402715075959e+01 3.394038494525874512e+02 3.140456552898149400e+00
4.250000000000000000e+02 -3.144469393867700546e+01 3.245861847290182709e+02 3.368506723554645532e+00
4.260000000000000000e+02 -2.862052074621271913e+01 3.185861819170723379e+02 3.472528077714224448e+00
4.270000000000000000e+02 -2.992234404251787794e+01 3.218150466224555544e+02 3.558917304324831665e+00
4.280000000000000000e+02 -3.280777967399789219e+01 3.291758270864212363e+02 3.623283943871461243e+00
4.290000000000000000e+02 -2.861035093615768332e+01 3.330064497547051019e+02 3.594298698830674876e+00
4.300000000000000000e+02 -2.385287852376798057e+01 3.259520945222124055e+02 4.001484899146871221e+00
4.310000000000000000e+02 -2.407453048748618585e+01 3.271433300183516053e+02 3.907147828955924052e+00
4.320000000000000000e+02 -2.626349477131202192e+01 3.312104311337255922e+02 3.719670172150462584e+00
4.330000000000000000e+02 -2.663590520901696124e+01 3.346804038755720399e+02 3.562452149528888778e+00
4.340000000000000000e+02 -2.612601597619954674e+01 3.429481422275374030e+02 3.557617149356748776e+00
4.350000000000000000e+02 -3.129050491012216284e+01 3.442038312529782047e+02 3.142373899344924837e+00
4.360000000000000000e+02 -3.508032385468153080e+01 3.440012143842990895e+02 3.086792502955832962e+00
4.370000000000000000e+02 -3.554763687866775257e+01 3.470021678633968918e+02 3.098582600240557205e+00
4.380000000000000000e+02 -3.413332739472782862e+01 3.594812139426165345e+02 2.875024838492815871e+00
4.390000000000000000e+02 -4.769934595871145433e+01 3.561781956277142740e+02 2.475895124215355292e+00
4.400000000000000000e+02 -5.153416070041610908e+01 3.428201222871047094e+02 2.332416423466666888e+00
4.410000000000000000e+02 -4.974557409430500599e+01 3.466061655435636339e+02 2.192449799639607733e+00
4.420000000000000000e+02 -3.096143997129086856e+01 3.768801668785170591e+02 1.868890303070120718e+00
4.430000000000000000e+02 -1.406407193561626201e+01 3.058614178812888440e+02 1.896541820875164541e+00
4.440000000000000000e+02 -1.685932270595139570e+01 2.989744388334801215e+02 2.136411382390003499e+00
4.450000000000000000e+02 -2.994881974508306044e+01 3.210709912615477606e+02 2.299573062662252365e+00
4.460000000000000000e+02 -4.726169627887058766e+01 3.139393204478356552e+02 2.146058998395318440e+00
4.470000000000000000e+02 -5.040565601895238501e+01 3.173062655740778837e+02 2.039466405268111071e+00
4.480000000000000000e+02 -4.724484767223270865e+01 3.247488891056422062e+02 1.874747440276799626e+00
4.490000000000000000e+02 -5.822142365223849936e+01 3.400844780981383906e+02 1.796537206945361564e+00
4.500000000000000000e+02 -8.215517677264284657e+01 3.196596522184523224e+02 1.930511767351915209e+00
4.510000000000000000e+02 -8.056589594862035142e+01 3.311439134050003190e+02 2.136052171755057572e+00
4.520000000000000000e+02 -7.507320182125215524e+01 3.514520136035071118e+02 2.060382261883441313e+00
4.530000000000000000e+02 -5.204719271001989256e+01 3.962912896699689327e+02 1.914697689809441439e+00
4.540000000000000000e+02 -2.896898688440915137e+01 3.939003654055188690e+02 1.923223096489882433e+00
4.550000000000000000e+02 -2.663379820520352581e+01 4.435553227896245403e+02 1.932041451567611423e+00
4.560000000000000000e+02 -2.199492735838349589e+01 4.506728080211894962e+02 1.859878947199916865e+00
4.570000000000000000e+02 -2.025489631955448289e+01 4.600694748519079553e+02 1.769104047234737243e+00
4.580000000000000000e+02 -2.785958091864914010e+01 4.657577293742405686e+02 1.660832811649460616e+00
4.590000000000000000e+02 -2.384350702153027157e+01 4.689330936103668819e+02 1.484151089101196641e+00
4.600000000000000000e+02 -1.769412115797268825e+02 5.984476642151181522e+02 1.538016148533188687e+00
4.610000000000000000e+02 -1.451129160798077464e+02 3.779629556975337437e+02 1.553476708978768217e+00
4.620000000000000000e+02 -1.446264275282542258e+02 2.994002216073788532e+02 1.642159499428070601e+00
4.630000000000000000e+02 -1.443592159968971771e+02 2.993755874053496768e+02 1.684876022626162761e+00
4.640000000000000000e+02 -8.502053121172978933e+01 3.155740808821477117e+02 1.607372589893399928e+00
4.650000000000000000e+02 -1.189719218503166900e+02 5.981214503615286731e+02 1.646123223031068283e+00
4.660000000000000000e+02 -1.208664638450366624e+02 5.981234045005852522e+02 1.599178534338408175e+00
4.670000000000000000e+02 -1.289437160038151262e+02 5.216967878212684582e+02 1.481922566314938239e+00
4.680000000000000000e+02 1.267873174937004279e+02 5.619247686724182813e+02 1.565184558523158076e+00
4.690000000000000000e+02 1.212446126261962149e+02 5.379834085973831179e+02 1.806467714674636182e+00
4.700000000000000000e+02 1.188357558168844150e+02 5.348117337464333332e+02 1.998527132042217991e+00
4.710000000000000000e+02 1.196821467759869080e+02 5.030308249934093396e+02 1.838094191102996211e+00
4.720000000000000000e+02 1.078264427819722471e+02 4.349731813331985109e+02 1.656771015946656878e+00
4.730000000000000000e+02 9.184747797857156115e+01 3.161869071468081529e+02 1.565518733648570970e+00
4.740000000000000000e+02 9.567151317640633579e+01 3.061923771745245517e+02 1.589022727438424765e+00
4.750000000000000000e+02 9.436790836220214373e+01 2.994277117671346105e+02 1.569313053447029205e+00
4.760000000000000000e+02 9.258808743730264723e+01 2.994180465658358798e+02 1.503909672484648352e+00
4.770000000000000000e+02 -3.784909679136962524e+01 3.285323165444540905e+02 1.446053877976039681e+00
4.780000000000000000e+02 -2.795506645046824801e+01 3.494093330721171355e+02 1.432831716874431338e+00
4.790000000000000000e+02 -1.025202052139295494e+00 2.991805488835744882e+02 1.382031461042670495e+00
4.800000000000000000e+02 -1.039609306844135688e+02 2.993814407678710268e+02 1.477013829074238060e+00
4.810000000000000000e+02 -1.488068328089096042e+02 3.356390598449859226e+02 1.473658222225121772e+00
4.820000000000000000e+02 -1.489323837626313605e+02 2.995481468098301434e+02 1.706238423461147624e+00
4.830000000000000000e+02 -1.494312129684211641e+02 2.990599987537243010e+02 1.697070618426413935e+00
4.840000000000000000e+02 1.224793651979319264e+02 3.215323694978360436e+02 1.635639126804949717e+00
4.850000000000000000e+02 1.181598131795305733e+02 3.147244302305097108e+02 1.585730409268676810e+00
4.860000000000000000e+02 1.194123166065442803e+02 3.348383411096961026e+02 1.459780539378034980e+00
4.870000000000000000e+02 1.213866149622099186e+02 3.405056629062764273e+02 1.452605206684985051e+00
4.880000000000000000e+02 -9.386139724849653021e+01 4.276423023810081645e+02 1.545391942903641569e+00
4.890000000000000000e+02 -1.060529096763105912e+02 4.404131567690623115e+02 1.651636390312433811e+00
4.900000000000000000e+02 -1.168137726873451214e+02 4.854798462640236494e+02 1.636747659499068419e+00
4.910000000000000000e+02 -1.310393973632774589e+02 3.891810612564260055e+02 1.391086399791442663e+00
4.920000000000000000e+02 1.323862607102443576e+02 4.153611309046131055e+02 1.504382395566520758e+00
4.930000000000000000e+02 1.360331137700862030e+02 3.893258186561326966e+02 1.444716272406954660e+00
4.940000000000000000e+02 -7.491013060459818007e+01 2.993708778232465306e+02 1.370318862085668998e+00
4.950000000000000000e+02 2.597597367512966926e+01 5.981260870347155105e+02 1.339699536267994651e+00
4.960000000000000000e+02 -1.299155993729747536e+02 2.993751992943734876e+02 1.462359698722096146e+00
4.970000000000000000e+02 1.408931634096946084e+02 5.764605033120972166e+02 1.582055192921548059e+00
4.980000000000000000e+02 1.464149154712517031e+02 5.981297826751366529e+02 1.747239573841799176e+00
4.990000000000000000e+02 1.523242270675634416e+02 5.981290900353668576e+02 1.778979968506926967e+00
5.000000000000000000e+02 -1.786604762918753408e+02 5.986927543069640478e+02 1.731542286682472120e+00
5.010000000000000000e+02 -1.607456952281848146e+02 5.778968206330920339e+02 1.506357426588805337e+00
5.020000000000000000e+02 -1.464926495022810684e+02 5.981862281163663511e+02 1.520768112689752538e+00
5.030000000000000000e+02 -1.421701576453461655e+02 5.981361213882721586e+02 1.714717994286720115e+00
5.040000000000000000e+02 -1.420272761449510597e+02 5.981258460480729582e+02 1.570189028487743776e+00
5.050000000000000000e+02 -1.515040209550826660e+02 5.981188999396864574e+02 1.449016612637211043e+00
5.060000000000000000e+02 -1.550063545512585108e+02 5.981459900978516089e+02 1.486078716252765997e+00
5.070000000000000000e+02 -1.528765516948060110e+02 5.981485820628698775e+02 1.544376624951570909e+00
5.080000000000000000e+02 -1.558917883377345390e+02 5.981171641180516190e+02 1.559299563948522316e+00
5.090000000000000000e+02 -5.572970591025461573e+01 3.621181910441267178e+02 1.596779271244811005e+00
5.100000000000000000e+02 -5.391185857022935579e+01 3.662592161254795542e+02 1.596387318697438884e+00
5.110000000000000000e+02 -5.531765963046437662e+01 3.603882540508140551e+02 1.482975615316128204e+00
5.120000000000000000e+02 -1.687231200122990629e+02 5.981625326482866285e+02 1.462938379822067647e+00
5.130000000000000000e+02 1.497184867979979686e+02 5.981242104620746431e+02 1.506317937384634931e+00
5.140000000000000000e+02 1.196623691933584013e+02 5.099231773168342556e+02 1.609748279256525638e+00
5.150000000000000000e+02 1.125737878995961267e+02 4.703416378875610917e+02 1.567028541276426878e+00
5.160000000000000000e+02 -1.207971415083490001e+02 2.993583449635822262e+02 1.437651925262287245e+00
5.170000000000000000e+02 1.584264460513270478e+01 3.400109987487487047e+02 1.343788710650936968e+00
5.180000000000000000e+02 1.683998349555077922e+01 3.700524329392491723e+02 1.365931115274102048e+00
5.190000000000000000e+02 2.139478935858429409e+01 3.502551343952550837e+02 1.425314620478602023e+00
5.200000000000000000e+02 -6.666397369106171311e+01 2.993640754834544850e+02 1.499177397509426690e+00
5.210000000000000000e+02 1.168972860732241941e+02 4.326190796017120306e+02 1.424495501784946550e+00
5.220000000000000000e+02 1.141469298499288243e+02 4.318748544222024748e+02 1.405728026363691319e+00
5.230000000000000000e+02 1.229284621120107062e+02 3.485813971038763270e+02 1.486984785948118892e+00
5.240000000000000000e+02 1.120618920659663189e+02 3.442478002764138409e+02 1.630943241141351141e+00
5.250000000000000000e+02 1.146539056391423230e+02 3.495304370849032694e+02 1.605729647366528345e+00
5.260000000000000000e+02 1.258275619030703893e+02 3.786565989189246579e+02 1.616063826575440121e+00
5.270000000000000000e+02 1.324454087483937315e+02 4.312011460874826980e+02 1.476448876978212477e+00
5.280000000000000000e+02 1.046489441136990628e+01 3.761748055287562806e+02 1.498451197596771145e+00
5.290000000000000000e+02 1.091465590852355483e+01 3.642417494163694869e+02 1.569177899051519276e+00
5.300000000000000000e+02 -5.837478643777770060e+01 2.993644015571125578e+02 1.593492457208498525e+00
5.310000000000000000e+02 1.278369757041180037e+02 4.337041960283546587e+02 1.420720289452109597e+00
5.320000000000000000e+02 1.271792605497027040e+02 4.328976551180273873e+02 1.504149015826447222e+00
5.330000000000000000e+02 1.330082784868507986e+02 5.326852825070552626e+02 1.634117039250560621e+00
5.340000000000000000e+02 9.330879176721271051e+01 2.992831405018998225e+02 1.671709587743512637e+00
5.350000000000000000e+02 -1.587502007829463082e+02 5.981547247759659740e+02 1.695582395284439103e+00
5.360000000000000000e+02 -1.745650540957802548e+02 2.993952304298345553e+02 1.582056946970470390e+00
5.370000000000000000e+02 1.787592616486194004e+02 4.643084994647005033e+02 1.569686361855115564e+00
5.380000000000000000e+02 1.612467448741142562e+02 6.000448443293548735e+02 1.628982999487748939e+00
5.390000000000000000e+02 1.519533036546622640e+00 5.441787976752840450e+02 1.737255151291665634e+00
5.400000000000000000e+02 7.536683791033507718e-02 5.328714647020661914e+02 1.750771800712485726e+00
5.410000000000000000e+02 -9.710190460200513485e+01 5.572134034244639906e+02 1.616672759266796877e+00
5.420000000000000000e+02 -1.156209487533827343e+02 5.524982157473210691e+02 1.515159697931670602e+00
5.430000000000000000e+02 -1.433092190097925425e+02 4.910080270056502059e+02 1.608557322382203170e+00
5.440000000000000000e+02 -1.439604724709613208e+02 3.825681860842506694e+02 1.775632564953621095e+00
5.450000000000000000e+02 -1.413099102032025769e+02 2.993944376395126028e+02 1.595855235265326799e+00
5.460000000000000000e+02 -1.349296102715719030e+02 2.993115704934141377e+02 1.551919162889464410e+00
5.470000000000000000e+02 -1.335580065009981752e+02 2.993958524111499742e+02 1.477461655814714669e+00
5.480000000000000000e+02 -7.700104932714376105e+01 2.992799894618988787e+02 1.429772871849373850e+00
5.490000000000000000e+02 -7.709784509191440804e+01 2.994692615923657399e+02 1.484886524496959570e+00
5.500000000000000000e+02 -7.935987513243250646e+01 2.994675566711157444e+02 1.317901588555688175e+00
5.510000000000000000e+02 1.655944339781019892e+02 4.494865833656482437e+02 1.281669725257653658e+00
5.520000000000000000e+02 1.767965222036541206e+02 5.871159386500619348e+02 1.437574723104780405e+00
5.530000000000000000e+02 -1.685003251944083331e+02 4.784240599837328318e+02 1.485025305165157183e+00
5.540000000000000000e+02 -4.252245807651117104e+01 3.805959895783253160e+02 1.462520964180579419e+00
5.550000000000000000e+02 -4.172306140038725886e+01 3.579528476198516955e+02 1.455832638799018808e+00
5.560000000000000000e+02 -1.634179659574813570e+02 3.137667349386462092e+02 1.421303000228338664e+00
5.570000000000000000e+02 1.263757290268855513e+02 5.922743165140433348e+02 1.456117926443208921e+00
5.580000000000000000e+02 2.998420626492328989e+00 2.992643709462577135e+02 1.461216171629925231e+00
5.590000000000000000e+02 8.541378281374696257e+01 5.978605705493246205e+02 1.464476077546675192e+00
5.600000000000000000e+02 7.674803631082824040e+01 5.343120155639145423e+02 1.535378889539060099e+00
5.610000000000000000e+02 8.021814865317602994e+01 5.112147170027367906e+02 1.516065429329212844e+00
5.620000000000000000e+02 9.016393388608780413e+01 4.993524900519869334e+02 1.529210490245177967e+00
5.630000000000000000e+02 9.407301593060459766e+01 4.622268995383411720e+02 1.583782383094470614e+00
5.640000000000000000e+02 3.406347263648488166e+01 2.993709547338241919e+02 1.476167150267001960e+00
5.650000000000000000e+02 3.321535601358960577e+01 5.935439587695120736e+02 1.565150945806565996e+00
5.660000000000000000e+02 2.657140401450353551e+01 5.980955608059399538e+02 1.593380694876471271e+00
5.670000000000000000e+02 2.996797147844062792e+01 5.981269917048161915e+02 1.594804564264528102e+00
5.680000000000000000e+02 3.991922509034491640e+01 2.993773991820995661e+02 1.573539565376922411e+00
5.690000000000000000e+02 4.313459231246449121e+01 2.993661828331389074e+02 1.391624378285361896e+00
5.700000000000000000e+02 -5.438264374055582095e+01 2.993721579587730162e+02 1.439484542732934136e+00
5.710000000000000000e+02 -5.440246719256482777e+01 2.993737937098276234e+02 1.486673648652972135e+00
5.720000000000000000e+02 3.404895139928398606e+01 2.993810322123825927e+02 1.588740083302105255e+00
5.730000000000000000e+02 3.625855899676695060e+01 2.993543010184628201e+02 1.706567197419413651e+00
5.740000000000000000e+02 -1.457145569892558399e+02 2.993567781789093942e+02 1.591769738669121637e+00
5.750000000000000000e+02 -1.501034066911836362e+02 2.993784819189260702e+02 1.557356479438846808e+00
5.760000000000000000e+02 -1.591374438517692056e+02 2.993536759480770684e+02 1.455854287452585272e+00
5.770000000000000000e+02 -1.752028988687854678e+02 2.986817735202309336e+02 1.435914532814782429e+00
5.780000000000000000e+02 -3.337706893354024373e+01 2.993540522553967094e+02 1.525839556689931431e+00
5.790000000000000000e+02 -4.018018981175503512e+01 2.993789060025869730e+02 1.586482316931610237e+00
5.800000000000000000e+02 -1.477044280360408663e+02 3.083660181234724860e+02 1.587408178181483276e+00
5.810000000000000000e+02 -1.491474241229657878e+02 3.034546541726301143e+02 1.642037276632352327e+00
5.820000000000000000e+02 -1.517818258424564135e+02 2.991665385614011825e+02 1.509221353699734314e+00
5.830000000000000000e+02 1.253810254945171607e+02 2.993710449666250497e+02 1.497145412726357483e+00
5.840000000000000000e+02 1.257643013766532363e+02 2.993738825913036408e+02 1.358533386023334621e+00
5.850000000000000000e+02 -1.662752193363517650e+00 3.086471319986712842e+02 1.373907457732656878e+00
5.860000000000000000e+02 1.901423318714211774e+01 2.993271113042401907e+02 1.440510599160058636e+00
5.870000000000000000e+02 -5.516272802157853761e+01 2.995081850926279117e+02 1.471490690771340537e+00
5.880000000000000000e+02 3.907325378214500944e+01 2.994080120840367840e+02 1.400048860482650870e+00
5.890000000000000000e+02 3.535328662325297699e+01 3.504837705533950611e+02 1.397281823272837897e+00
5.900000000000000000e+02 3.340319752783554463e+01 3.959511398528642303e+02 1.509438165935546028e+00
5.910000000000000000e+02 2.212638287083060007e+01 3.786706161725846300e+02 1.461948505356667871e+00
5.920000000000000000e+02 8.590801747911919861e+00 3.655391054340391861e+02 1.400662731851491039e+00
5.930000000000000000e+02 1.098002787787987273e+02 5.981126404456075534e+02 1.492082993759457077e+00
5.940000000000000000e+02 1.049841556669810103e+02 5.788591020041899355e+02 1.456851928748925440e+00
5.950000000000000000e+02 -1.762849605631483030e+02 2.994407995064165107e+02 1.427517893931731452e+00
5.960000000000000000e+02 9.018552608518051272e+01 5.981658470775308842e+02 1.525856763335080357e+00
5.970000000000000000e+02 8.289034196778581531e+01 4.954899727226222694e+02 1.646073338693957000e+00
5.980000000000000000e+02 8.026680774654468564e+01 4.036903931363050901e+02 1.757082330472139686e+00
5.990000000000000000e+02 9.093308491598746457e+01 3.985873638067677120e+02 1.677172634289208819e+00
6.000000000000000000e+02 1.062559150671512356e+02 4.156974970648008707e+02 1.612350516127045719e+00
6.010000000000000000e+02 -1.315169538018117805e+02 3.683208515863731805e+02 1.685666880782297206e+00
6.020000000000000000e+02 -1.323505262678203565e+02 5.538786560181484901e+02 1.636646033962257940e+00
6.030000000000000000e+02 7.840978547027269485e+01 2.993914173392303155e+02 1.727798862327242002e+00
6.040000000000000000e+02 7.490272491889163575e+01 2.994032860956341437e+02 1.831648446832170984e+00
6.050000000000000000e+02 7.000000000000000000e+01 3.000000000000000000e+02 1.725210473573454806e+00
6.060000000000000000e+02 6.768173781504171416e+01 3.002793354173576290e+02 1.534715707978382859e+00
6.070000000000000000e+02 6.746687859835851953e+01 2.993275376852590739e+02 1.491575236392685078e+00
6.080000000000000000e+02 6.823841123874196057e+01 2.993866519157078869e+02 1.518764504859403619e+00
6.090000000000000000e+02 7.148375757760059912e+01 2.993213047886476375e+02 1.630216753630114868e+00
6.100000000000000000e+02 7.389616315237594790e+01 2.993405291278951381e+02 1.516099058492002882e+00
6.110000000000000000e+02 1.659942974585203785e+02 4.752384189811051556e+02 1.554419299950355882e+00
6.120000000000000000e+02 1.676458612417930283e+02 5.224404852855284389e+02 1.574563950703858906e+00
6.130000000000000000e+02 1.722367109634951134e+02 5.712075821574601378e+02 1.489441758926553838e+00
6.140000000000000000e+02 1.012978760959348392e+02 4.810733772547052922e+02 1.401696961855901868e+00
6.150000000000000000e+02 8.646544460404305710e+01 3.596987424687148405e+02 1.472369426487265986e+00
6.160000000000000000e+02 8.273188754013331447e+01 2.994186347185308819e+02 1.393197407379823893e+00
6.170000000000000000e+02 1.694809095744361684e+02 2.994054727754278815e+02 1.489013751854529222e+00
6.180000000000000000e+02 1.721391705400429259e+02 2.993620996953569602e+02 1.749772215575972956e+00
6.190000000000000000e+02 1.717788045119736182e+02 3.040583506263657227e+02 1.927286860882551300e+00
6.200000000000000000e+02 1.746953780682990214e+02 3.232060281599774498e+02 1.765038855975023191e+00
6.210000000000000000e+02 8.486312586846747763e+01 2.994061985127415824e+02 1.736174820500650418e+00
6.220000000000000000e+02 8.646667447790947847e+01 2.993893114300438469e+02 1.771245921920242328e+00
6.230000000000000000e+02 9.495100262003849423e+01 2.993499872912400974e+02 1.800037054681230542e+00
6.240000000000000000e+02 9.499371942685445447e+01 2.993362552889548169e+02 1.849314591674601216e+00
6.250000000000000000e+02 8.859912770300149987e+01 2.994299772429901054e+02 1.726497887515579865e+00
6.260000000000000000e+02 7.508006514328705805e+01 2.993481945240208688e+02 1.597868064279762246e+00
6.270000000000000000e+02 6.715083472280326760e+01 2.993589303064179603e+02 1.628107076321800406e+00
6.280000000000000000e+02 6.913454734220353259e+01 2.993557060617615662e+02 1.615312746735516836e+00
6.290000000000000000e+02 -8.931310667714343765e+01 2.994201507316140010e+02 1.675728194477827726e+00
6.300000000000000000e+02 -9.025566918150663298e+01 2.993635147987860137e+02 1.570872568561329174e+00
6.310000000000000000e+02 1.045710333843477144e+02 5.981260975522086483e+02 1.394829846867653655e+00
6.320000000000000000e+02 -1.346241978202915277e+02 2.993757671402249798e+02 1.367928736427089342e+00
6.330000000000000000e+02 -8.498128971645590468e+01 2.993698397865117613e+02 1.420207244682626380e+00
6.340000000000000000e+02 -8.004071627497637564e+01 2.993748789222851769e+02 1.502664111882531017e+00
6.350000000000000000e+02 8.542402690758632389e+01 3.847254104132988459e+02 1.577069805467864017e+00
6.360000000000000000e+02 8.452098284704095477e+01 3.449300975892211909e+02 1.784090339711239315e+00
6.370000000000000000e+02 8.454617409208432832e+01 3.135704793090944804e+02 1.826084217909147878e+00
6.380000000000000000e+02 -1.804665344502893163e+02 2.994770619533441618e+02 2.025536057008506141e+00
6.390000000000000000e+02 -1.800000000000000000e+02 3.000000000000000000e+02 1.930494305416233347e+00
6.400000000000000000e+02 -1.778136331659849532e+02 2.993433232861322608e+02 1.813144192252853060e+00
6.410000000000000000e+02 -1.756509009628675528e+02 2.993224161098471541e+02 1.735266508192764734e+00
6.420000000000000000e+02 -1.766540114057388564e+02 2.993920538588254203e+02 1.687173028583874190e+00
6.430000000000000000e+02 -1.777966334060953670e+02 2.993711888098202394e+02 1.554295895119768067e+00
6.440000000000000000e+02 1.606561494717255698e+02 5.981007587568517465e+02 1.621178012868448981e+00
6.450000000000000000e+02 1.157573373582321921e+02 5.981199791189717416e+02 1.709003006282372894e+00
6.460000000000000000e+02 1.073787800328272937e+02 5.567269988404938204e+02 1.608424263420056510e+00
6.470000000000000000e+02 1.111451028484908932e+02 3.200433166251524426e+02 1.613570219028305885e+00
6.480000000000000000e+02 1.114511292461669427e+02 2.992476271015472093e+02 1.700947285123960873e+00
6.490000000000000000e+02 1.105445188741303468e+02 2.994494635653421710e+02 1.576660888100950952e+00
6.500000000000000000e+02 1.066357814257065399e+02 2.994893775348173222e+02 1.572782323478927546e+00
6.510000000000000000e+02 1.022282802399700898e+02 2.993923170063184216e+02 1.509083940775178156e+00
6.520000000000000000e+02 -4.428075833333250699e+01 3.037818090929119990e+02 1.387020240415552719e+00
6.530000000000000000e+02 -5.393613868994412996e+01 3.080656734605532847e+02 1.461042616933050597e+00
6.540000000000000000e+02 -7.872228185093493380e+01 4.280443176677002270e+02 1.517579036569925321e+00
6.550000000000000000e+02 -1.307516447214497930e+02 4.241786694107492508e+02 1.484821980584266177e+00
6.560000000000000000e+02 -1.376933442913237116e+02 3.306365844153198736e+02 1.621960777322104752e+00
6.570000000000000000e+02 -1.386051073127839288e+02 2.993963117693484719e+02 1.813516702904445221e+00
6.580000000000000000e+02 -1.401362168580151035e+02 2.993799396387883007e+02 1.704692075769820958e+00
6.590000000000000000e+02 -1.416268638389171031e+02 2.993670447107155042e+02 1.470848891400095670e+00
6.600000000000000000e+02 1.114261693564820348e+02 4.402222737814888092e+02 1.518036680237608183e+00
6.610000000000000000e+02 1.146420275305905960e+02 5.982594635516675226e+02 1.550120885747646948e+00
6.620000000000000000e+02 1.100088773169973564e+02 5.981250657606299228e+02 1.602601104064844240e+00
6.630000000000000000e+02 1.107070724148428127e+02 5.190438686231270822e+02 1.535806136780779374e+00
6.640000000000000000e+02 1.054951275446452854e+02 4.144198339480946629e+02 1.468386660065881699e+00
6.650000000000000000e+02 9.059727187202094001e+01 3.245285273422810519e+02 1.464605600252498752e+00
6.660000000000000000e+02 9.160334486180214242e+01 2.993118677109063128e+02 1.539759007188429951e+00
6.670000000000000000e+02 9.106520463169624691e+01 2.992019098286230019e+02 1.515891274509561404e+00
6.680000000000000000e+02 8.830704046716063260e+01 2.995917653616122038e+02 1.363996588699157630e+00
6.690000000000000000e+02 1.720067762660512756e+02 5.981236829221047628e+02 1.275974036286612989e+00
6.700000000000000000e+02 -1.630898214418373868e+02 5.981050656549826954e+02 1.400939741969828400e+00
6.710000000000000000e+02 -1.486777260207854283e+02 5.981452623088734981e+02 1.534160506393462464e+00
6.720000000000000000e+02 -1.530454691363296718e+02 5.632459269018532950e+02 1.418092205066423084e+00
6.730000000000000000e+02 -1.712716559399756022e+02 4.859846481766726924e+02 1.397917777379688697e+00
6.740000000000000000e+02 -1.735058082776822630e+02 3.514221005898280055e+02 1.465249118600984835e+00
6.750000000000000000e+02 -1.702537450146399749e+02 2.995130174310783673e+02 1.488548162198162883e+00
6.760000000000000000e+02 -1.703627047159517360e+02 2.994434796681056241e+02 1.537443859148477143e+00
6.770000000000000000e+02 -1.708962748539078689e+02 2.990754158284360074e+02 1.539696829168999637e+00
6.780000000000000000e+02 1.849317967887169800e+01 2.991657445615313691e+02 1.511610115045944891e+00
6.790000000000000000e+02 9.330538143440180932e+01 4.008474522430771003e+02 1.468672311931021213e+00
6.800000000000000000e+02 9.217970152195391620e+01 3.164867756498412632e+02 1.490059861690308907e+00
6.810000000000000000e+02 9.846730774319392765e+01 2.993901379586142184e+02 1.545054574001099246e+00
6.820000000000000000e+02 9.652725427757145837e+01 2.993948738494185591e+02 1.450707201050919437e+00
6.830000000000000000e+02 -1.320217699426875413e+02 3.603834220436065152e+02 1.458396453729419395e+00
6.840000000000000000e+02 -4.522604338116333622e+01 2.993778947179737884e+02 1.424174700491487089e+00
6.850000000000000000e+02 -1.418247064693693176e+02 2.991948834611590087e+02 1.444626980884780254e+00
6.860000000000000000e+02 -1.472951005928796633e+02 2.992355848680662689e+02 1.445953956112504546e+00
6.870000000000000000e+02 -1.604021308232861713e+02 3.071219505964824066e+02 1.415206598071334421e+00
6.880000000000000000e+02 1.044154600971241820e+02 3.651576312145482461e+02 1.355782386183343347e+00
6.890000000000000000e+02 -1.418790088471053537e+02 3.480805073545529353e+02 1.411189831936551675e+00
6.900000000000000000e+02 -8.790875746024133264e+01 3.200665448812449654e+02 1.290610043155502318e+00
6.910000000000000000e+02 1.604465344280272063e+02 3.485999387336210589e+02 1.416365681863279269e+00
6.920000000000000000e+02 1.598428772622031602e+02 3.586986929324984885e+02 1.619230864483673926e+00
6.930000000000000000e+02 1.636889217145235307e+02 3.763787892550467973e+02 1.633119206186676164e+00
6.940000000000000000e+02 1.754013230546454736e+02 4.197681638367545247e+02 1.613292958391284060e+00
6.950000000000000000e+02 -1.807701674386002821e+02 4.239066317564915494e+02 1.671530101834563631e+00
6.960000000000000000e+02 1.791198964317695754e+02 4.571565140023973299e+02 1.585606547709445202e+00
6.970000000000000000e+02 -1.725559843132054141e+02 3.275104568612592857e+02 1.431195523289364502e+00
6.980000000000000000e+02 -1.698751847628916209e+02 2.993530861962293557e+02 1.359992170740609074e+00
6.990000000000000000e+02 -1.728302482200846555e+02 2.994361844335861633e+02 1.281438280496028037e+00
7.000000000000000000e+02 -1.741956595089521613e+02 2.993876434379555462e+02 1.377450268800366917e+00
7.010000000000000000e+02 -1.730015421468614250e+02 2.992985942904049352e+02 1.487754196196608758e+00
7.020000000000000000e+02 1.509134642906904276e+02 4.062248995491245864e+02 1.534315899389762983e+00
7.030000000000000000e+02 1.574937549222254347e+02 4.343561604012169823e+02 1.745227138801508593e+00
7.040000000000000000e+02 1.530080440066385279e+02 4.919465178934476057e+02 1.856323808689381627e+00
7.050000000000000000e+02 1.453171667059062031e+02 4.971497927146069742e+02 1.760651338625599083e+00
7.060000000000000000e+02 7.065603398610728902e+01 2.923413962463419011e+02 1.498318084743153644e+00
7.070000000000000000e+02 7.196228783306094101e+01 2.993720887953775787e+02 1.577012444178400363e+00
7.080000000000000000e+02 7.268506285650657617e+01 2.994051450279255278e+02 1.679523421910117831e+00
7.090000000000000000e+02 7.603877805493843312e+01 2.993767277459198795e+02 1.633598824000226823e+00
7.100000000000000000e+02 9.527520843472601086e+01 2.993650446850598996e+02 1.695205767439227795e+00
7.110000000000000000e+02 1.015686388609351951e+02 2.993569571553353512e+02 1.897175742422892997e+00
7.120000000000000000e+02 1.056918061594545009e+02 2.993535956257830435e+02 1.771546345270790246e+00
7.130000000000000000e+02 1.189229623196362411e+02 2.994257104857828153e+02 1.499290459668355613e+00
7.140000000000000000e+02 -1.603347041297770943e+02 2.994173637826825711e+02 1.592950363623335530e+00
7.150000000000000000e+02 -1.617729519453596083e+02 2.993407375522592702e+02 1.682731416946323000e+00
7.160000000000000000e+02 -1.628784109999453733e+02 2.966783646963634169e+02 1.663099339423979472e+00
7.170000000000000000e+02 -1.598119912811972370e+02 3.078421017947496239e+02 1.699456768772322990e+00
7.180000000000000000e+02 1.487633988591862249e+02 4.116991476216177261e+02 1.750341915581918872e+00
7.190000000000000000e+02 1.287924683137560464e+02 5.060284247713034347e+02 1.571711655987480860e+00
7.200000000000000000e+02 1.148064975413275590e+02 5.281950678565921180e+02 1.474537533189058225e+00
7.210000000000000000e+02 1.147726333035874262e+02 5.044581206857560005e+02 1.487798828600643386e+00
7.220000000000000000e+02 1.118095957289876452e+02 4.408272282715022357e+02 1.512173882639398670e+00
7.230000000000000000e+02 1.033426955798693427e+02 3.579352704039979471e+02 1.444161757361719589e+00
7.240000000000000000e+02 9.938737330603457565e+01 2.993586657977436403e+02 1.410948080279730288e+00
7.250000000000000000e+02 -7.593833657215051858e+01 3.411129181743194749e+02 1.423313532737012554e+00
7.260000000000000000e+02 -1.573101230167123674e+02 2.993884732536827755e+02 1.549795131223105304e+00
7.270000000000000000e+02 -1.633512104242796852e+02 2.993100243011963926e+02 1.624781103269199667e+00
7.280000000000000000e+02 -1.716118944563039292e+02 2.993343064224472414e+02 1.694486857453515682e+00
7.290000000000000000e+02 1.429089338749399758e+02 2.996280353465700159e+02 1.744819594246223238e+00
7.300000000000000000e+02 1.427374815165277937e+02 2.995416394593390805e+02 1.699766476308600671e+00
7.310000000000000000e+02 3.579698592720876604e+01 4.786588289767049105e+02 1.595598219346140656e+00
7.320000000000000000e+02 4.201623626196564487e+01 4.196404461417122889e+02 1.580244269313693328e+00
7.330000000000000000e+02 4.926125621509694241e+01 3.248360054474683238e+02 1.679498655350539327e+00
7.340000000000000000e+02 4.840170878945026800e+01 3.335195281655833810e+02 1.791389584287946590e+00
7.350000000000000000e+02 4.617963867298822578e+01 3.900393698903172890e+02 1.787703943165988685e+00
7.360000000000000000e+02 4.418952502311194763e+01 4.877990240296984439e+02 1.685189827434455667e+00
7.370000000000000000e+02 1.388107659000017691e+02 3.251195219474420810e+02 1.649952812156505244e+00
7.380000000000000000e+02 1.409361406677502373e+02 3.062183664573416308e+02 1.630593735926613164e+00
7.390000000000000000e+02 1.278884912524492137e+02 5.981220391129319296e+02 1.513737841468377532e+00
7.400000000000000000e+02 1.134759896328994131e+02 5.980988211775248828e+02 1.571725357199045714e+00
7.410000000000000000e+02 1.757941727132215419e+02 5.981337507180198827e+02 1.480146569074218155e+00
7.420000000000000000e+02 1.784902103336323194e+02 5.980707372833653608e+02 1.385340692860249634e+00
7.430000000000000000e+02 -1.678533997085487499e+02 2.993055855355692074e+02 1.360930723661307962e+00
7.440000000000000000e+02 -1.716635588274700410e+02 2.993393000148274723e+02 1.506582422648255370e+00
7.450000000000000000e+02 -1.730776450364050163e+02 2.992908842105197209e+02 1.498622067341380593e+00
7.460000000000000000e+02 -4.737225616481315171e+01 2.993779393472171364e+02 1.524148651609353422e+00
7.470000000000000000e+02 1.259717798418597852e+02 3.723631503329013981e+02 1.622390621267747246e+00
7.480000000000000000e+02 1.113673687782800812e+02 3.591073089653035595e+02 1.684426318577510129e+00
7.490000000000000000e+02 1.001585278078692625e+02 3.552161534669987191e+02 1.855221756382770426e+00
7.500000000000000000e+02 9.824247698836114751e+01 3.768854792118947330e+02 1.949196457374408720e+00
7.510000000000000000e+02 1.049470861966834576e+02 4.808146103731659196e+02 1.890234832877248916e+00
7.520000000000000000e+02 1.130263895436641945e+02 5.981606304543632859e+02 1.900498063485288158e+00
7.530000000000000000e+02 1.247747618143374808e+02 5.981345113818027812e+02 1.796152711827744275e+00
7.540000000000000000e+02 1.349634881060641760e+02 5.743740189197135351e+02 1.695870682802057772e+00
7.550000000000000000e+02 1.339726438269468076e+02 4.543533394924921254e+02 1.700649173207007703e+00
7.560000000000000000e+02 1.344604128740364501e+02 4.459958367816936402e+02 1.788474136672400627e+00
7.570000000000000000e+02 1.322285154023621487e+02 4.148912087785008111e+02 1.669967069803403481e+00
7.580000000000000000e+02 -1.735715111893129574e+02 4.285500809787513958e+02 1.615464472553070241e+00
7.590000000000000000e+02 1.738224336097819958e+02 4.817646819275880148e+02 1.694854070833160753e+00
7.600000000000000000e+02 1.323231909588874089e+02 5.981407357504524498e+02 1.717849153664775530e+00
7.610000000000000000e+02 1.142050764636413049e+02 5.671711088318630800e+02 1.665255792328344198e+00
7.620000000000000000e+02 9.230797503390151348e+01 3.632673988874005886e+02 1.546389374565219077e+00
7.630000000000000000e+02 9.295031189025577589e+01 2.994026930759491165e+02 1.617175605660755799e+00
7.640000000000000000e+02 8.796772614825935932e+01 2.993747151338818071e+02 1.542528385871356988e+00
7.650000000000000000e+02 -1.711566805292038396e+02 2.992403527594835282e+02 1.629714396256694897e+00
7.660000000000000000e+02 -1.736450711610027895e+02 3.099020805368365359e+02 1.793343854481368238e+00
7.670000000000000000e+02 -1.739927346474956096e+02 2.993641851976067869e+02 1.810780079379770147e+00
7.680000000000000000e+02 -1.726861481556159106e+02 2.994441739893258045e+02 1.734992887695247399e+00
7.690000000000000000e+02 9.775252709921544181e+01 4.801430621505135150e+02 1.734820862446697198e+00
7.700000000000000000e+02 1.003209470661207234e+02 3.915517350843615532e+02 1.594083897755034229e+00
7.710000000000000000e+02 1.057894585084836194e+02 3.540336785255200311e+02 1.711193814353650255e+00
7.720000000000000000e+02 1.128590969033324711e+02 3.662900308036390129e+02 1.800387981051779107e+00
7.730000000000000000e+02 -4.365503274363639719e+01 3.177552728569801843e+02 1.781958307414041265e+00
7.740000000000000000e+02 -4.241946588985047129e+01 3.065340722607901967e+02 1.850498325996043691e+00
7.750000000000000000e+02 -4.433770887988505649e+01 3.089684929795211588e+02 1.665255764859825627e+00
7.760000000000000000e+02 -5.089174746977453623e+01 3.098085942178282153e+02 1.566172519858005430e+00
7.770000000000000000e+02 -6.278766555124021664e+01 2.988127018258994099e+02 1.554870104480014170e+00
7.780000000000000000e+02 -6.372154118896115449e+01 2.993934194057317200e+02 1.412564338894955140e+00
7.790000000000000000e+02 -5.979573787578309663e+01 3.048469562351976379e+02 1.240455975219795670e+00
7.800000000000000000e+02 9.918871318077648880e+01 4.479950197029993433e+02 1.256897357567025031e+00
7.810000000000000000e+02 9.946836304829595576e+01 5.278191255470876513e+02 1.458771357060346441e+00
7.820000000000000000e+02 9.468665302753964852e+01 5.435990504111196060e+02 1.811802041880704595e+00
7.830000000000000000e+02 8.891689677276444570e+01 4.046033190866197629e+02 1.872151265548109622e+00
7.840000000000000000e+02 8.306706701497336098e+01 3.273263952436835780e+02 1.859142829242812045e+00
7.850000000000000000e+02 8.020172052287054498e+01 2.993975689089822367e+02 1.751252693175100683e+00
7.860000000000000000e+02 7.842813504378358402e+01 2.993904233163264621e+02 1.721680416595514851e+00
7.870000000000000000e+02 7.627962522209536189e+01 2.993948520137291212e+02 1.608163424419291498e+00
7.880000000000000000e+02 -1.692397540874477215e+02 6.074222405978902088e+02 1.536511550024549200e+00
7.890000000000000000e+02 -1.667871884303521028e+02 5.292590173158259859e+02 1.573057274559550134e+00
7.900000000000000000e+02 -1.697304186442573837e+02 5.981114871275326550e+02 1.562237943935085305e+00
7.910000000000000000e+02 1.256563441851411085e+02 5.596031072680331135e+02 1.697520769796693196e+00
7.920000000000000000e+02 1.282380154244957566e+02 4.695971320106612552e+02 1.904477638083986291e+00
7.930000000000000000e+02 -1.759370334349693792e+02 4.062368786772644285e+02 1.829166344998859994e+00
7.940000000000000000e+02 -1.716389004457391252e+02 3.781430087740827162e+02 1.964102646569882982e+00
7.950000000000000000e+02 -1.752860044042824086e+02 3.995885169957323910e+02 1.846351318176232104e+00
7.960000000000000000e+02 1.702478082527048571e+02 4.479272166069562218e+02 1.607227600422516334e+00
7.970000000000000000e+02 1.316621027554398609e+02 4.985602637180416536e+02 1.564788524021119898e+00
7.980000000000000000e+02 1.111877357641696307e+02 4.830039153180424591e+02 1.491306946412641388e+00
7.990000000000000000e+02 -5.320757234221119347e+01 2.993735367614669940e+02 1.467799616821222841e+00
8.000000000000000000e+02 -6.953254361137364015e+01 2.993809825250885979e+02 1.461281577930572118e+00
8.010000000000000000e+02 1.343728710469785028e+02 3.205288640581171649e+02 1.409610252532830676e+00
8.020000000000000000e+02 9.875051833789683542e+01 2.994422183681192564e+02 1.542870734794601795e+00
8.030000000000000000e+02 -1.479084527156537376e+02 5.981154606451353857e+02 1.565101534726169863e+00
8.040000000000000000e+02 -1.551961656856911134e+02 5.980617943570795205e+02 1.557399483953352037e+00
8.050000000000000000e+02 -1.562566277288551078e+02 5.981634046826562781e+02 1.466336687457518106e+00
8.060000000000000000e+02 -1.580601114350657781e+02 5.981320543191202432e+02 1.287337649989460875e+00
8.070000000000000000e+02 9.823458217884410715e+01 4.880851281144616678e+02 1.303587188410529452e+00
8.080000000000000000e+02 1.023578376312740374e+02 3.987966133374029596e+02 1.480177195507886179e+00
8.090000000000000000e+02 1.020849903901667091e+02 3.683444630648371003e+02 1.474797345364411649e+00
8.100000000000000000e+02 1.043796381169043315e+02 3.405309092940898950e+02 1.637193217436114789e+00
8.110000000000000000e+02 1.001666273237229348e+02 3.372836148469872342e+02 1.706685466060242184e+00
8.120000000000000000e+02 9.730607449258634745e+01 3.401114067338478435e+02 1.801261617729013942e+00
8.130000000000000000e+02 9.335043479174720460e+01 3.647226497039987976e+02 1.752781307365457231e+00
8.140000000000000000e+02 8.593381118469575597e+01 3.689907528110564954e+02 1.865993105856887713e+00
8.150000000000000000e+02 7.930579039752566928e+01 3.506913722297342701e+02 1.835491934395559355e+00
8.160000000000000000e+02 8.700687078816787334e+01 4.102737463288332833e+02 1.586795920588436548e+00
8.170000000000000000e+02 -1.646781970575049741e+02 5.693435112679371741e+02 1.604504049117370545e+00
8.180000000000000000e+02 -1.588983645679804226e+02 5.452739747185486294e+02 1.711254738645931583e+00
8.190000000000000000e+02 -1.588844576328195046e+02 5.692696553334571945e+02 1.792882449373823572e+00
8.200000000000000000e+02 -1.594023841547154063e+02 5.710511349281704270e+02 1.783743030120030104e+00
8.210000000000000000e+02 -1.580795957129247711e+02 4.347507419548834946e+02 1.826620544650640499e+00
8.220000000000000000e+02 -1.588499971047639576e+02 3.695163038982781245e+02 1.743319699715247140e+00
8.230000000000000000e+02 1.297321765417499648e+02 3.477523591647993157e+02 1.565942775698748290e+00
8.240000000000000000e+02 8.155100210050994747e+01 4.770061084754153740e+02 1.514191342308929711e+00
8.250000000000000000e+02 1.348616437526277707e+02 4.699466568163058469e+02 1.553423510246143335e+00
8.260000000000000000e+02 1.334150311498585779e+02 5.206648343309825577e+02 1.567441010453825889e+00
8.270000000000000000e+02 1.339341321342078288e+02 5.981247557036496119e+02 1.609305292543034449e+00
8.280000000000000000e+02 1.666892051398546926e+02 5.981146607099423136e+02 1.596175943447474488e+00
8.290000000000000000e+02 1.784904967615483429e+02 5.981159566061231772e+02 1.475714722674641877e+00
8.300000000000000000e+02 1.764527484867799672e+02 2.993795026884557728e+02 1.426017150890624530e+00
8.310000000000000000e+02 1.724033192884009509e+02 2.993729322206638699e+02 1.559022941811401441e+00
8.320000000000000000e+02 1.708768892820483813e+02 2.993545750587839507e+02 1.609835585333447616e+00
8.330000000000000000e+02 1.765600623477477882e+02 2.991778895695557594e+02 1.371019674498741514e+00
8.340000000000000000e+02 8.285652323430292654e+01 4.391671365641984721e+02 1.510919415175687508e+00
8.350000000000000000e+02 8.943200772411272226e+01 3.942954901820592113e+02 1.653279781369117352e+00
8.360000000000000000e+02 9.654888773568714555e+01 3.852687399180958323e+02 1.750861079611335525e+00
8.370000000000000000e+02 1.032151956559946626e+02 3.710662556343224310e+02 1.701860119132221572e+00
8.380000000000000000e+02 1.201430890976359791e+02 3.685740918895921254e+02 1.499239100242292011e+00
8.390000000000000000e+02 1.090781175169323518e+02 3.065505430648624383e+02 1.390261541777891408e+00
8.400000000000000000e+02 3.799717031245329935e+01 2.993751040736325422e+02 1.531083798098756832e+00
8.410000000000000000e+02 -1.345952544896836685e+02 4.056247563180759244e+02 1.596554664478675223e+00
8.420000000000000000e+02 1.094990080496777693e+02 4.145509875822357344e+02 1.651291410659874614e+00
8.430000000000000000e+02 -1.626778906409609249e+02 4.886849222985511574e+02 1.616838427436888326e+00
8.440000000000000000e+02 -1.697367534118031358e+02 4.208784450333832297e+02 1.544719162355972619e+00
8.450000000000000000e+02 1.389967519440841954e+02 4.179005891311496157e+02 1.576789736633148697e+00
8.460000000000000000e+02 1.343382507318833348e+02 3.942776225880568859e+02 1.555107772546120870e+00
8.470000000000000000e+02 1.458789189495988978e+02 3.920726958531476498e+02 1.521773655352573362e+00
8.480000000000000000e+02 1.695149584920381187e+02 3.962461215342365222e+02 1.438825684800248972e+00
8.490000000000000000e+02 -1.726256652829763709e+02 3.594363469175217460e+02 1.506410837052243101e+00
8.500000000000000000e+02 1.698763702997016480e+02 4.293375248918100624e+02 1.681123417497475181e+00
8.510000000000000000e+02 1.679180463528108191e+02 4.240074627846172461e+02 1.761224681385544333e+00
8.520000000000000000e+02 1.450721480709582067e+02 4.493353540883835535e+02 1.607774943741939300e+00
8.530000000000000000e+02 1.112853203829183570e+02 3.180812842618595369e+02 1.558379603254753887e+00
8.540000000000000000e+02 1.095282877541489341e+02 2.993436290837649949e+02 1.530961959055505917e+00
8.550000000000000000e+02 -1.406822020609653521e+02 3.939505327944706892e+02 1.621197007621754338e+00
8.560000000000000000e+02 -1.391806007235459788e+02 5.247316502757556691e+02 1.542788614800504332e+00
8.570000000000000000e+02 -1.590329195089878738e+02 5.981080647838527966e+02 1.544045446654814358e+00
8.580000000000000000e+02 -1.627535855922955079e+02 5.981537757305565037e+02 1.696306099801019984e+00
8.590000000000000000e+02 -1.656500679405835115e+02 5.981003132147696988e+02 1.769197213499466681e+00
8.600000000000000000e+02 -1.730958928778290158e+02 5.980187576868638644e+02 1.752934796257451300e+00
8.610000000000000000e+02 1.761631431839527977e+02 5.979929037600223865e+02 1.793321619522381338e+00
8.620000000000000000e+02 1.787844355571386359e+02 4.766926202952288918e+02 1.764949798750606647e+00
8.630000000000000000e+02 1.744931017711030847e+02 4.358172713803048168e+02 1.697171356131178976e+00
8.640000000000000000e+02 1.386300099684668794e+02 4.681061760213078742e+02 1.590496807304337068e+00
8.650000000000000000e+02 1.198438659675401965e+02 3.990096387540217506e+02 1.612938204996204883e+00
8.660000000000000000e+02 -4.007315991149913259e+01 3.128170635834394488e+02 1.586488819827840402e+00
8.670000000000000000e+02 -4.170162197209403132e+01 2.993952995398443591e+02 1.644484653432555232e+00
8.680000000000000000e+02 -1.382709698108647274e+02 3.670091190811823481e+02 1.616384684834378360e+00
8.690000000000000000e+02 9.869482042474557204e+01 3.237302347664702324e+02 1.512979239733029502e+00
8.700000000000000000e+02 1.008318175132732648e+02 3.234043187472394720e+02 1.579051140539227349e+00
8.710000000000000000e+02 9.498753845439863142e+01 3.140765182459086304e+02 1.407020999011750373e+00
8.720000000000000000e+02 1.672923237458287815e+02 2.994035481915722130e+02 1.389638157610548763e+00
8.730000000000000000e+02 1.730030560143041214e+02 2.993252960777238627e+02 1.395698089080505300e+00
8.740000000000000000e+02 1.000002212628673419e+02 3.637379890758227816e+02 1.387747218376788272e+00
8.750000000000000000e+02 -1.697308352671980742e+02 2.993743439899837995e+02 1.316717113219960877e+00
8.760000000000000000e+02 -1.733335496869204633e+02 2.993716719723008168e+02 1.393818699078869683e+00
8.770000000000000000e+02 1.735523150507627292e+02 2.993972838854986094e+02 1.603238017642455659e+00
8.780000000000000000e+02 1.710530927419274008e+02 2.990722173380569302e+02 1.768199554641957771e+00
8.790000000000000000e+02 -1.723565577654590584e+02 2.994162612933398577e+02 1.707745268992044041e+00
8.800000000000000000e+02 9.021025454310240832e+01 5.003002310068469001e+02 1.752436807780852979e+00
8.810000000000000000e+02 -1.667621030583243567e+02 2.994156660833788237e+02 1.779506833237644248e+00
8.820000000000000000e+02 -1.692134201840129322e+02 3.016938482798320820e+02 1.871273192366854410e+00
8.830000000000000000e+02 -1.757505966459650892e+02 4.008431037813687681e+02 1.894109463271527849e+00
8.840000000000000000e+02 -1.807125685456552162e+02 4.124768247718129714e+02 1.702976271637968164e+00
8.850000000000000000e+02 1.018229012293731301e+02 3.976357937799384104e+02 1.610590986522780099e+00
8.860000000000000000e+02 1.060141100921272255e+02 3.626091588729828459e+02 1.702944452357070482e+00
8.870000000000000000e+02 1.057319344613458725e+02 3.459850771533684224e+02 1.683937302751672860e+00
8.880000000000000000e+02 1.022212036211486463e+02 3.415904867087141383e+02 1.677007022536776137e+00
8.890000000000000000e+02 1.087048954966445962e+02 3.773099911334653029e+02 1.843412060755061033e+00
8.900000000000000000e+02 1.179318656387506508e+02 4.016680433394382135e+02 2.101576698596241854e+00
8.910000000000000000e+02 1.193892875365231276e+02 4.072158681178617030e+02 2.287632207997111422e+00
8.920000000000000000e+02 1.233017483680610979e+02 4.424021596901259272e+02 2.149187653732972603e+00
8.930000000000000000e+02 1.278909490143669530e+02 5.981244500470241974e+02 1.948009019865870384e+00
8.940000000000000000e+02 8.474889888518663383e+01 5.981758195162190077e+02 1.763890755721045256e+00
