# InfraPy Beamforming (fk) Results
# 
# Data summary:
#     CC.PR05.01.BDF	2023-05-08T13:05:30.940000Z - 2023-05-08T13:20:30.920000Z
#     CC.PR05.02.BDF	2023-05-08T13:05:30.940000Z - 2023-05-08T13:20:30.920000Z
#     CC.PR05.03.BDF	2023-05-08T13:05:30.940000Z - 2023-05-08T13:20:30.920000Z
# 
#   channel_cnt: 3
#   t0: 2023-05-08T13:05:30.940000Z
#   latitude: 46.841748
#   longitude: -121.948853
# 
# Algorithm parameters:
#   freq_min: 0.5
#   freq_max: 2.5
#   back_az_min: -180.0
#   back_az_max: 180.0
#   back_az_step: 2.0
#   trace_vel_min: 300.0
#   trace_vel_max: 600.0
#   trace_vel_step: 2.5
#   method: bartlett
#   signal_start: None
#   signal_end: None
#   window_len: 10.0
#   sub_window_len: None
#   window_step: 2.0
# 
# Time (rel t0) [s]      Back Az [deg]	           Tr. Velocity [m/s]       F-stat
5.000000000000000000e+00 -8.338380897821435767e+00 2.993742980669410940e+02 6.218377220100134828e+00
7.000000000000000000e+00 -7.656265267966234944e+01 2.993807028041200624e+02 5.554331365072081361e+00
9.000000000000000000e+00 -1.233567706991064767e+02 2.993792753510249440e+02 4.932864630088085178e+00
1.100000000000000000e+01 -1.528289962080289683e+02 5.086586460231674209e+02 3.545712584362213704e+00
1.300000000000000000e+01 -1.784852777190739630e+02 4.967587651553668593e+02 6.620913445125588659e+00
1.500000000000000000e+01 1.318824922432462472e+02 5.981257862832362662e+02 8.781346797873350596e+00
1.700000000000000000e+01 6.428636488710181141e+01 5.981260882053389878e+02 8.451002966007209238e+00
1.900000000000000000e+01 1.795659352561567701e+01 5.818150165562838083e+02 9.750277232318964593e+00
2.100000000000000000e+01 4.831600574871750808e+01 5.981296756763631493e+02 9.706306710838573437e+00
2.300000000000000000e+01 1.191070333751697206e+02 5.981450887917407044e+02 8.131886598070732219e+00
2.500000000000000000e+01 1.766106913474093005e+02 3.385957114251636995e+02 7.586418166972881849e+00
2.700000000000000000e+01 8.219055227410298414e+01 5.981265139133929551e+02 9.447644226633904907e+00
2.900000000000000000e+01 7.527653128297009744e+01 3.996367579157341652e+02 5.810357312543255048e+00
3.100000000000000000e+01 7.246297462356130836e+01 2.994292544513049847e+02 6.051385010340217363e+00
3.300000000000000000e+01 8.870130740895187671e+01 3.060129748850062583e+02 7.297288644516046752e+00
3.500000000000000000e+01 9.825544156076139757e+01 3.538692151483308521e+02 8.764592303140904761e+00
3.700000000000000000e+01 1.287226051032133682e+02 5.980991730436409171e+02 9.859782631448183565e+00
3.900000000000000000e+01 4.766546568542978690e+01 5.981229893824360033e+02 8.715116703023783273e+00
4.100000000000000000e+01 1.143826309580697114e+02 5.981225524250498893e+02 5.205206490176205847e+00
4.300000000000000000e+01 2.584051270407358203e+01 5.981244455824946726e+02 7.172879855519361136e+00
4.500000000000000000e+01 6.764742263255408261e+01 3.325636121053173042e+02 8.480889457836136458e+00
4.700000000000000000e+01 8.449256880129449598e+01 3.632147087172190822e+02 1.091221027053643766e+01
4.900000000000000000e+01 1.470020156554474227e+02 5.981260163919720299e+02 1.035275552289305345e+01
5.100000000000000000e+01 1.299724043989824054e+02 5.981250753317242470e+02 1.692738744326617351e+01
5.300000000000000000e+01 2.224662804738406052e+01 5.981255505547063649e+02 1.117479747858901362e+01
5.500000000000000000e+01 -1.635840993905686673e+02 5.981256863615201382e+02 2.494453533589880578e+01
5.700000000000000000e+01 3.181437840932605510e-01 5.981253292244188060e+02 1.356690613368446741e+01
5.900000000000000000e+01 1.188281045128895812e+02 5.980842361567334819e+02 9.198555435583354978e+00
6.100000000000000000e+01 1.432948809101527274e+02 5.606090300068040051e+02 1.223542687071634560e+01
6.300000000000000000e+01 1.499723394003287922e+02 5.981255303431083803e+02 1.329525538545890662e+01
6.500000000000000000e+01 1.092737542246727855e+02 4.817424202861423055e+02 1.665436850468580943e+01
6.700000000000000000e+01 6.775356590394902412e+01 3.333382686622481970e+02 8.920239519494847613e+00
6.900000000000000000e+01 9.418662952464691784e+01 5.100381562561125861e+02 1.104812509918087571e+01
7.100000000000000000e+01 7.208083754395890708e+01 5.228085693438971475e+02 1.656845046493195284e+01
7.300000000000000000e+01 1.738785627181410405e+02 5.981249761102722005e+02 1.323017455513995699e+01
7.500000000000000000e+01 5.418888216025997906e+01 3.952575559674816645e+02 1.085321794227364656e+01
7.700000000000000000e+01 7.979573866780788194e+01 5.658208809414689995e+02 1.816256525440475045e+01
7.900000000000000000e+01 4.294806341060930066e+01 5.981291316208820490e+02 2.522501143654038458e+01
8.100000000000000000e+01 -1.883060583938278021e-01 5.981258220939585044e+02 2.068646082174502254e+01
8.300000000000000000e+01 2.168126985593786316e+01 5.981214638325127453e+02 1.300764764178636845e+01
8.500000000000000000e+01 8.275679018638808770e+01 5.000218325161284838e+02 2.302400233406321917e+01
8.700000000000000000e+01 8.474481422239453821e+01 4.875185961049955381e+02 1.474085413684444212e+01
8.900000000000000000e+01 4.836428890356495458e+01 3.330866182759401113e+02 9.221043765136704096e+00
9.100000000000000000e+01 7.352667023448100281e+01 5.533259503398497827e+02 1.562826001100971496e+01
9.300000000000000000e+01 8.930584003738918852e+01 5.785847741139148184e+02 1.583874129196601643e+01
9.500000000000000000e+01 1.179546935879377259e+02 4.893246551835610489e+02 1.490846410158442836e+01
9.700000000000000000e+01 1.192248572820973038e+02 4.237550785089508736e+02 1.495017431388227713e+01
9.900000000000000000e+01 1.207616764784147136e+02 5.981223581801734781e+02 1.930003787441865271e+01
1.010000000000000000e+02 1.550064096412129118e+02 4.209249148865367829e+02 1.276752337720445141e+01
1.030000000000000000e+02 1.493775575918543552e+02 5.200148483867797040e+02 1.592270278289165653e+01
1.050000000000000000e+02 6.046996070462114403e+01 5.981285832489668337e+02 7.710104191488203362e+00
1.070000000000000000e+02 5.710807521884491678e+01 3.577036161785561603e+02 1.570080074536637937e+01
1.090000000000000000e+02 1.603917452889613742e+02 5.685025028075223190e+02 1.282365037186541379e+01
1.110000000000000000e+02 1.307149147275746088e+02 5.981203064082359333e+02 2.029145144084410646e+01
1.130000000000000000e+02 1.132486991851978786e+02 5.981272618131067702e+02 1.051119044643611034e+01
1.150000000000000000e+02 1.718201285013512347e+02 4.878825029703671703e+02 9.980841147020912629e+00
1.170000000000000000e+02 9.855209759460073826e+01 5.029949967103449922e+02 1.427741698337974441e+01
1.190000000000000000e+02 -1.805005963596389336e+02 4.346144322110786220e+02 2.308632381676682854e+01
1.210000000000000000e+02 1.743061487263206573e+02 3.718522440161377745e+02 2.964661142668678906e+01
1.230000000000000000e+02 1.235759554012550012e+02 5.981278684769901020e+02 1.529727450670124611e+01
1.250000000000000000e+02 3.603593910588791971e+01 3.583868126908852219e+02 3.255836003797776357e+01
1.270000000000000000e+02 5.327419224105653939e+01 5.981196141020005825e+02 1.718957275611509417e+01
1.290000000000000000e+02 8.529277374142499468e+01 5.638565674604266178e+02 1.377552416478862263e+01
1.310000000000000000e+02 5.194542327358542622e+01 3.437355013281139122e+02 1.026678704980884049e+01
1.330000000000000000e+02 8.019229951890379482e+01 5.981253994157568741e+02 1.549820516895470845e+01
1.350000000000000000e+02 5.167236027538309884e+01 5.981225360053922486e+02 1.561771321113500122e+01
1.370000000000000000e+02 5.628420728153915320e+01 5.801631568298516868e+02 1.149404566447229392e+01
1.390000000000000000e+02 6.804599258923028060e+01 5.981251366973331187e+02 3.052685452322669590e+01
1.410000000000000000e+02 1.030520466754543634e+02 5.981285444968837055e+02 3.589919324778433918e+01
1.430000000000000000e+02 8.417350943864697399e+01 5.981251301916925058e+02 2.054959888345033647e+01
1.450000000000000000e+02 9.364832055773074160e+01 5.981339392110585322e+02 3.558008113669931305e+01
1.470000000000000000e+02 7.661251265859766590e+01 5.981464874206583318e+02 2.761075847474385370e+01
1.490000000000000000e+02 -1.661253803400992979e+02 5.981247116668965873e+02 2.161495923086689075e+01
1.510000000000000000e+02 2.487400800981874127e+01 5.981265800968809572e+02 1.358186387806346929e+01
1.530000000000000000e+02 1.753050853227003714e+01 3.605225614916551535e+02 8.205865219199486305e+00
1.550000000000000000e+02 -2.041915138634643156e+01 5.421966630063982393e+02 1.298076590531195684e+01
1.570000000000000000e+02 5.598267334244793858e+01 5.981249658569801113e+02 1.516705137948241244e+01
1.590000000000000000e+02 9.875769773603289536e+01 5.981085374950148434e+02 1.170751166186135883e+01
1.610000000000000000e+02 9.676631529273220167e+01 3.504006300635726916e+02 1.298637462836089007e+01
1.630000000000000000e+02 1.391104765688175462e+02 5.981372218622445871e+02 1.512859290412635538e+01
1.650000000000000000e+02 1.601691472449852256e+02 2.993741888664339967e+02 1.474355749501507162e+01
1.670000000000000000e+02 1.228429755368884884e+02 5.233191225970837195e+02 1.526060386090106036e+01
1.690000000000000000e+02 1.105552601622019608e+02 3.403434983240916267e+02 1.122060339954921915e+01
1.710000000000000000e+02 1.144743954622463349e+02 2.993711419208596567e+02 1.047463598101338178e+01
1.730000000000000000e+02 1.177744364665574039e+02 2.993759516771646645e+02 1.202471851873780295e+01
1.750000000000000000e+02 1.206058617015201406e+02 4.513013579740029968e+02 1.922836872192147339e+01
1.770000000000000000e+02 1.057720296826534394e+02 5.398117952993591189e+02 1.052151142816594209e+01
1.790000000000000000e+02 9.304349764931691880e+01 4.269336918923048074e+02 1.913763179830122141e+01
1.810000000000000000e+02 7.498565787875845956e+01 3.849500393873835833e+02 1.052217188278110704e+01
1.830000000000000000e+02 9.748365189786228768e+01 3.798298017344945947e+02 6.618741901169491904e+00
1.850000000000000000e+02 1.021671266812956844e+02 4.113250514534584568e+02 7.190637937636846999e+00
1.870000000000000000e+02 1.001473261570799025e+02 2.993738339361249245e+02 6.256790960747906638e+00
1.890000000000000000e+02 5.103293961546823709e+01 3.564995064850303379e+02 9.476947932888714732e+00
1.910000000000000000e+02 6.824051160990680387e+01 4.470488237166761678e+02 7.643883633695366164e+00
1.930000000000000000e+02 8.209273697433968664e+01 2.993752859368505028e+02 1.737101547321885064e+01
1.950000000000000000e+02 5.144876311803314195e+01 4.083795449653021024e+02 1.436574826693938078e+01
1.970000000000000000e+02 3.255238135499124041e+01 3.110756582078748806e+02 8.807280350386536227e+00
1.990000000000000000e+02 3.363140237994657866e+01 3.896280861031148675e+02 1.128067135519007991e+01
2.010000000000000000e+02 7.602497225405110726e+01 5.546299873779510108e+02 1.148890211490641988e+01
2.030000000000000000e+02 8.343266865460080339e+01 3.639372807489702382e+02 1.117981186685652872e+01
2.050000000000000000e+02 5.708710111064254988e+01 5.981079692330514490e+02 7.362249967870160283e+00
2.070000000000000000e+02 1.785006004304576663e+02 5.981253135343577014e+02 9.918484906818747504e+00
2.090000000000000000e+02 1.656596229412295713e+02 3.563106095485592846e+02 9.952590886436002648e+00
2.110000000000000000e+02 1.247944621630814908e+02 5.981174961421385206e+02 1.473064865010462654e+01
2.130000000000000000e+02 2.422308354438986910e+01 5.981258612713562570e+02 2.258168787175785752e+01
2.150000000000000000e+02 1.686617616261332273e+02 5.981210398653336142e+02 8.434819901173337797e+00
2.170000000000000000e+02 -8.307187280409674202e+01 5.080899319930970250e+02 9.339159476468859467e+00
2.190000000000000000e+02 -2.448152782157491814e+01 5.329126292898391739e+02 8.445626710019002559e+00
2.210000000000000000e+02 -3.409417622100102108e+01 5.981254403827260830e+02 1.027074789889691964e+01
2.230000000000000000e+02 1.249900477568380239e+02 4.322675452332454711e+02 8.655905034250954699e+00
2.250000000000000000e+02 1.117735920253754358e+02 4.173165650814572700e+02 8.177000430422989297e+00
2.270000000000000000e+02 7.122882913524314574e+01 3.264529576993278965e+02 1.194830374354584812e+01
2.290000000000000000e+02 1.582200650582923345e+02 5.981245164326743406e+02 1.551418506832256483e+01
2.310000000000000000e+02 1.402490553812560137e+01 3.898437891347044228e+02 9.453728162323546513e+00
2.330000000000000000e+02 1.285127655017206791e+02 4.703770712768385920e+02 8.310296979418895447e+00
2.350000000000000000e+02 1.116436795936782858e+02 2.993763943426067158e+02 7.367676551835824483e+00
2.370000000000000000e+02 1.135461696346724665e+02 3.194240622717204019e+02 7.256078249202628783e+00
2.390000000000000000e+02 2.745712875420675303e+01 5.981160849057835094e+02 6.511322952121412655e+00
2.410000000000000000e+02 1.076279482851553304e+01 5.748542675252716663e+02 9.668012795378864155e+00
2.430000000000000000e+02 5.527993446231068475e+01 4.215732390538975096e+02 9.084661872718761799e+00
2.450000000000000000e+02 6.974702589135141295e+01 4.502604330499136154e+02 1.431576082685953466e+01
2.470000000000000000e+02 5.939682233679712198e+01 5.981143478696817510e+02 8.178662202767457146e+00
2.490000000000000000e+02 -1.773602755604529193e+02 3.142119677952095458e+02 4.894146414733590689e+00
2.510000000000000000e+02 3.065512876443876422e+01 3.042324993118244265e+02 6.355383238592888340e+00
2.530000000000000000e+02 3.388755597350117199e+01 2.993732584376866726e+02 6.116593405849731546e+00
2.550000000000000000e+02 6.606573134870150454e+01 4.758123079175305747e+02 1.002082810737557494e+01
2.570000000000000000e+02 1.371946764718813654e+02 5.981281362301525633e+02 1.133317424245676186e+01
2.590000000000000000e+02 -1.644265448516130732e+02 3.218147872884067056e+02 1.051901397196494869e+01
2.610000000000000000e+02 -1.551792718915640137e+02 3.765195332964343606e+02 1.522497182838648122e+01
2.630000000000000000e+02 -1.651281036953872388e+02 4.028477786249300152e+02 1.593812850264762560e+01
2.650000000000000000e+02 -4.294473576373281087e-01 5.981255201268019164e+02 1.036507531936290505e+01
2.670000000000000000e+02 2.394926083251596793e+01 5.981215421254582907e+02 1.573439738337549976e+01
2.690000000000000000e+02 6.172840569110917386e+01 5.981235966733693203e+02 1.474988313895422287e+01
2.710000000000000000e+02 9.741402354362689664e+01 5.713566120663064112e+02 1.781085202741192930e+01
2.730000000000000000e+02 1.332136051287362193e+02 5.981460234127033573e+02 1.065655101147197392e+01
2.750000000000000000e+02 -1.744733315424286602e+01 5.981235111188010478e+02 1.104025489873219712e+01
2.770000000000000000e+02 -9.380178076907097307e+01 5.981250703081989286e+02 1.495155144064016461e+01
2.790000000000000000e+02 1.241071302372652418e+01 5.981248352123355971e+02 8.410146873030829084e+00
2.810000000000000000e+02 9.733392658296621391e+01 5.981281324089967484e+02 9.152952457420255428e+00
2.830000000000000000e+02 -6.318442991866227487e+00 4.857519365863863641e+02 1.317351874834968406e+01
2.850000000000000000e+02 -7.554179008466644518e+01 5.981236893921975479e+02 1.397958028779894413e+01
2.870000000000000000e+02 -3.072704001418358288e+01 5.254591110920749770e+02 2.394371414155281741e+01
2.890000000000000000e+02 -1.370524135843543512e+01 4.201654535969337871e+02 1.605730894678924869e+01
2.910000000000000000e+02 -1.383691264674978250e+01 4.167956959839142428e+02 2.207045288849342413e+01
2.930000000000000000e+02 -8.052333486140829777e+00 5.141458032118941901e+02 5.089661452502262762e+01
2.950000000000000000e+02 -2.242232066465957274e+01 5.500488048413359365e+02 6.551415026564626487e+01
2.970000000000000000e+02 -9.614125433006396548e+00 5.714245728122442642e+02 4.774006635946810917e+01
2.990000000000000000e+02 7.852032280936090472e-03 5.412503438718983944e+02 2.477064945221380654e+01
3.010000000000000000e+02 4.211372362490875787e+01 2.993765596128230300e+02 9.151057085965062399e+00
3.030000000000000000e+02 3.193554647956026571e+01 2.993748131127325109e+02 4.222158118555614514e+00
3.050000000000000000e+02 1.056921727598405738e+02 5.655702512902856824e+02 5.700693859508890959e+00
3.070000000000000000e+02 1.501860210013986716e+02 5.981200829421412664e+02 7.472254218459887021e+00
3.090000000000000000e+02 2.506684721929878279e+01 3.556903556962525386e+02 7.864535450110029302e+00
3.110000000000000000e+02 6.536610657968930127e+01 5.981178021173735715e+02 1.308889608828404327e+01
3.130000000000000000e+02 4.029260312065776617e+01 5.894790207954830521e+02 1.143173438913895446e+01
3.150000000000000000e+02 4.778468391542197224e+01 5.519594934184777912e+02 1.144792155744164575e+01
3.170000000000000000e+02 3.639299357053328521e+01 4.975873299612355254e+02 1.617976546172221930e+01
3.190000000000000000e+02 1.784988663417778980e+02 5.981247911839861899e+02 1.893456773256841430e+01
3.210000000000000000e+02 4.861245492468157181e+01 5.981269995468820753e+02 2.415578047974032572e+01
3.230000000000000000e+02 8.090187819632865285e+01 5.302876299218985423e+02 1.251093976616324710e+01
3.250000000000000000e+02 7.909713052468269723e+01 4.421168893460235836e+02 1.573971488071017077e+01
3.270000000000000000e+02 3.927132874252905026e+01 4.122977642680639292e+02 1.133404435293613943e+01
3.290000000000000000e+02 2.597087831857781026e+01 2.993720043155470307e+02 8.043837837688899484e+00
3.310000000000000000e+02 2.354812492237001109e+01 3.578333383011750470e+02 1.293354003250818351e+01
3.330000000000000000e+02 5.143147656677270163e+01 5.981191543877733920e+02 2.051186734326441652e+01
3.350000000000000000e+02 3.862636775890519658e+01 4.251293769243611678e+02 8.154207058700016830e+00
3.370000000000000000e+02 5.163609608270555640e+01 3.798094828161653709e+02 1.175082721188206492e+01
3.390000000000000000e+02 5.471891780082477652e+01 5.658102295544141498e+02 2.277487396489945937e+01
3.410000000000000000e+02 3.158919987768333115e+01 3.239204168627227318e+02 1.486190781588881826e+01
3.430000000000000000e+02 8.027088140811318340e+01 4.728711449772147262e+02 8.862150562761300421e+00
3.450000000000000000e+02 1.021680239300777941e+02 5.981257291194945083e+02 6.901938672900192806e+00
3.470000000000000000e+02 1.343260123192543745e+02 5.981235435911719378e+02 5.473665880393001615e+00
3.490000000000000000e+02 1.478247793576019546e+02 5.981255758014905268e+02 7.709941006160298649e+00
3.510000000000000000e+02 3.002462206996215599e+01 2.993750566827211514e+02 8.705204769330306291e+00
3.530000000000000000e+02 3.978084367687005596e+01 5.409199124189609620e+02 9.919515463941381839e+00
3.550000000000000000e+02 6.743856718359401725e+01 5.981252694836642831e+02 8.748120638386726711e+00
3.570000000000000000e+02 -1.448264576129900263e+02 5.820096757703016692e+02 5.118587866040004819e+00
3.590000000000000000e+02 1.193899768366484011e+02 3.926606951048489691e+02 4.648094077225316312e+00
3.610000000000000000e+02 8.430497413805979079e+01 5.981252101035987607e+02 5.765900441266266441e+00
3.630000000000000000e+02 -5.925804517049331110e+01 5.981227365337110768e+02 4.691883056521514384e+00
3.650000000000000000e+02 1.074381013257122497e+01 5.981253923342283088e+02 1.046065844226592390e+01
3.670000000000000000e+02 1.680409738372793527e+01 5.981256876494583139e+02 1.060715985060523892e+01
3.690000000000000000e+02 3.352137138504239289e+01 2.993583214274627835e+02 7.917946646285789036e+00
3.710000000000000000e+02 2.742815381385024409e+01 3.483706478852507757e+02 8.757696216490831631e+00
3.730000000000000000e+02 1.627840401211400092e+02 3.824007321951889935e+02 1.055887017015963103e+01
3.750000000000000000e+02 -1.632560173952988691e+02 5.981256540250346916e+02 7.464183825149263818e+00
3.770000000000000000e+02 1.237711654958207532e+02 5.981255505745303935e+02 6.118790729420104491e+00
3.790000000000000000e+02 9.558129873323261450e+01 4.438705213155350293e+02 1.092895563855869412e+01
3.810000000000000000e+02 8.576124512838070757e+01 3.257166410908366174e+02 1.646694152003668776e+01
3.830000000000000000e+02 9.315634779162557777e+01 3.439053286833673724e+02 1.386724010496024029e+01
3.850000000000000000e+02 9.752801843559618078e+01 3.986882073524417365e+02 1.229083277351236347e+01
3.870000000000000000e+02 7.585458147335071999e+01 5.981232671991804182e+02 7.760794966347987156e+00
3.890000000000000000e+02 6.750025428739773758e+01 4.716621948393520256e+02 4.435227643138378362e+00
3.910000000000000000e+02 1.863385296374887190e+01 2.997298928679104506e+02 6.049648115637890733e+00
3.930000000000000000e+02 5.106843272255032318e+00 2.993719191134383095e+02 6.117190323114782835e+00
3.950000000000000000e+02 8.577492363545380272e+01 4.608695238374784822e+02 8.514668621974335494e+00
3.970000000000000000e+02 7.219023742519785003e+01 4.709813541110046913e+02 1.023007127455972665e+01
3.990000000000000000e+02 7.840228277676382618e+01 3.945423640649118511e+02 1.071799922224935919e+01
4.010000000000000000e+02 1.826003692034062098e+01 2.993802154049471937e+02 6.988659969909208236e+00
4.030000000000000000e+02 2.565109156548201241e+01 3.359841737270583621e+02 1.032174568315046947e+01
4.050000000000000000e+02 -3.956901007730721886e+01 5.981225783170684736e+02 1.514026888203567367e+01
4.070000000000000000e+02 7.892879427200793430e+01 5.981263150157609516e+02 1.495165352769011591e+01
4.090000000000000000e+02 5.671819040359641662e+01 4.425712686614123186e+02 1.094625210630052337e+01
4.110000000000000000e+02 2.136989005802355379e+01 3.473725362146926727e+02 8.953051257066546142e+00
4.130000000000000000e+02 5.727508496075240885e+01 5.981130700466989083e+02 7.801465920171117396e+00
4.150000000000000000e+02 3.564365914387651912e+01 3.219555398402060291e+02 4.431928938414782415e+00
4.170000000000000000e+02 4.590774451081281882e+01 2.993713791999189198e+02 1.533294301094092305e+01
4.190000000000000000e+02 5.494788069873034431e+01 4.477067244117706650e+02 7.444793451852721944e+01
4.210000000000000000e+02 6.558001116785604268e+01 3.321768337009218612e+02 5.013648827708015432e+01
4.230000000000000000e+02 6.795123018916153512e+01 3.797370251674107635e+02 7.424641360309046831e+02
4.250000000000000000e+02 7.665812688561800314e+01 4.122822401395430916e+02 4.156473525163976888e+02
4.270000000000000000e+02 6.536836372159392283e+01 3.731677625350997687e+02 1.589794313037917618e+03
4.290000000000000000e+02 6.789181337335162425e+01 3.955094787285166831e+02 7.810253729735641173e+02
4.310000000000000000e+02 7.231091947396370756e+01 3.625174449712645242e+02 1.390550549677643346e+02
4.330000000000000000e+02 6.818577058224968823e+01 4.064484450408044154e+02 5.164893381770942824e+02
4.350000000000000000e+02 6.502729206304476861e+01 3.847289157844306260e+02 8.428306359749441299e+02
4.370000000000000000e+02 6.624394078994453139e+01 3.874064952281896126e+02 6.231595726682859322e+02
4.390000000000000000e+02 6.663882792895078921e+01 3.769946706974104131e+02 9.162258891271044376e+02
4.410000000000000000e+02 6.620841456578872908e+01 3.522632604620742427e+02 4.793246774045439338e+02
4.430000000000000000e+02 7.296767191538218356e+01 3.664253011835016309e+02 2.924493254778016649e+02
4.450000000000000000e+02 5.947651282806028661e+01 3.720897184112365608e+02 1.817711515477934654e+02
4.470000000000000000e+02 5.941293518023486797e+01 3.571820570156343706e+02 1.977819539873204633e+02
4.490000000000000000e+02 7.727711111139828404e+01 5.393342421577980303e+02 1.735834902598258793e+02
4.510000000000000000e+02 7.330966692214556701e+01 5.151081891337854586e+02 7.374227581597585868e+01
4.530000000000000000e+02 7.128348225326007537e+01 5.981061830900686118e+02 3.933778801581360796e+01
4.550000000000000000e+02 7.240266243471307916e+01 4.354752812538322360e+02 5.280246212499216085e+01
4.570000000000000000e+02 6.536723545459045681e+01 4.363577301999489464e+02 2.651198725379440191e+01
4.590000000000000000e+02 6.998555086669570358e+01 3.720133568166103828e+02 1.855676639692743635e+01
4.610000000000000000e+02 7.932111233464745226e+01 4.768164252131649050e+02 4.280415056272307339e+01
4.630000000000000000e+02 7.563917131721879628e+01 4.894283577270780938e+02 9.521898841094683519e+01
4.650000000000000000e+02 7.532094199549652558e+01 4.760500350454955196e+02 1.972444770302415691e+02
4.670000000000000000e+02 8.799056596815964326e+01 5.107793924545085247e+02 1.315096659786196653e+02
4.690000000000000000e+02 8.882147209955459743e+01 4.797929682501312527e+02 1.211345348396666282e+02
4.710000000000000000e+02 7.161854841175473041e+01 2.993627480699325929e+02 1.990583070110956498e+01
4.730000000000000000e+02 6.188703754380573230e+01 3.781381124416642479e+02 6.523117460356058928e+01
4.750000000000000000e+02 8.858477634014343494e+01 4.230599083499598123e+02 7.983374240068344818e+01
4.770000000000000000e+02 9.997890650816368918e+01 4.629218619894492122e+02 2.624788071410737444e+01
4.790000000000000000e+02 5.986652795200392063e+01 5.981201356628807844e+02 1.527933600021768434e+01
4.810000000000000000e+02 4.334645569601794790e+01 3.523317148914067047e+02 2.101339327649962740e+01
4.830000000000000000e+02 4.692284161498493233e+01 5.789162728192005716e+02 5.171335699533123886e+01
4.850000000000000000e+02 2.786179665114431003e+01 5.398287168294655203e+02 3.477034636025075542e+01
4.870000000000000000e+02 1.145866375903983823e+02 5.981215752393959519e+02 1.857256808828430295e+01
4.890000000000000000e+02 -1.805001710146747484e+02 5.870002326614586536e+02 9.771137536560422276e+00
4.910000000000000000e+02 5.747887221162237381e+01 3.317699784940213590e+02 1.175169674040498968e+01
4.930000000000000000e+02 1.398873524354384017e+02 5.981253478143536313e+02 1.096951409683739698e+01
4.950000000000000000e+02 1.664649971739846137e+02 5.981042534457495776e+02 1.661089488034003736e+01
4.970000000000000000e+02 1.715120914394670422e+02 2.993802002624393594e+02 7.360117221170751733e+00
4.990000000000000000e+02 -3.805782877312404366e+01 5.981249394725942921e+02 4.786116462585385811e+00
5.010000000000000000e+02 -1.235405402416557052e+01 3.574536155711192578e+02 1.076717732353632329e+01
5.030000000000000000e+02 -3.090112917739189413e+01 4.581270198376378744e+02 7.340437112188336499e+00
5.050000000000000000e+02 1.130037724368715288e+02 5.981268886636323714e+02 8.450903572367680638e+00
5.070000000000000000e+02 1.308118669807634831e+02 3.783304103775864178e+02 1.202983612971961769e+01
5.090000000000000000e+02 1.445957881776381271e+02 2.991831110184133422e+02 5.740273287659269030e+00
5.110000000000000000e+02 8.689231947355656871e+01 5.095805534689482670e+02 6.454609038557022949e+00
5.130000000000000000e+02 5.191707813572139685e+01 5.981229726525619981e+02 1.306556230894118187e+01
5.150000000000000000e+02 3.408474293281885537e+01 5.981257359482428910e+02 6.993149025846594924e+00
5.170000000000000000e+02 -4.666856485682594524e+01 5.981282737501090878e+02 7.857118483845400014e+00
5.190000000000000000e+02 -1.780511016354888199e+01 5.981256540817197447e+02 1.291552448487493621e+01
5.210000000000000000e+02 7.924272599306038956e+01 5.225109326462143144e+02 7.193529469510511198e+00
5.230000000000000000e+02 1.014537741205778190e+02 5.981263247445502884e+02 8.326524137402428138e+00
5.250000000000000000e+02 1.673785126593876669e+02 5.981247406523639256e+02 5.417282469073418483e+00
5.270000000000000000e+02 1.317862933680321760e+02 5.981254301479468722e+02 6.996362907660554242e+00
5.290000000000000000e+02 1.354570466280520407e+02 5.981320156479301886e+02 6.105093585192589600e+00
5.310000000000000000e+02 1.719650427140472289e+02 5.981250311179243226e+02 5.061088424726208679e+00
5.330000000000000000e+02 1.062385739808124470e+02 2.993746722197363965e+02 4.473130540654535636e+00
5.350000000000000000e+02 3.894777022872573014e+01 2.993815312652286593e+02 2.913359907497227841e+00
5.370000000000000000e+02 1.152797394755538285e+01 2.993791979161381391e+02 4.421605772753247621e+00
5.390000000000000000e+02 -1.203461453608989871e+02 2.993727328626304143e+02 5.212373660095227734e+00
5.410000000000000000e+02 -1.254215139173500972e+02 3.282579572423439913e+02 6.163093258526111562e+00
5.430000000000000000e+02 -7.545850851226830969e+01 4.625347888246756156e+02 5.073193649691187801e+00
5.450000000000000000e+02 1.418273151126718119e+02 5.981252718542633602e+02 7.786955902494455017e+00
5.470000000000000000e+02 8.242397478959316004e+01 3.595230949350962533e+02 8.896599219323679364e+00
5.490000000000000000e+02 1.577294324954623903e+02 5.981257457529146677e+02 7.426406409362946270e+00
5.510000000000000000e+02 -1.619842309453701716e+02 4.568295859227829965e+02 1.179583462992681397e+01
5.530000000000000000e+02 1.114137874044285041e+02 5.981312441639123563e+02 7.126852993575586659e+00
5.550000000000000000e+02 -9.026196230002185850e-01 5.981156600196749196e+02 1.054056889087449456e+01
5.570000000000000000e+02 -8.486728490849246853e+00 5.981166857520846634e+02 6.814029263599667097e+00
5.590000000000000000e+02 1.852299448942772153e-02 5.981250247187784908e+02 8.455286736945140547e+00
5.610000000000000000e+02 -1.763867579667325458e+02 5.981248227483391702e+02 1.245631039031358966e+01
5.630000000000000000e+02 1.510387569089513136e+02 5.044390344290244457e+02 8.862740724566457118e+00
5.650000000000000000e+02 -1.680560532209226494e+02 5.159985915997159509e+02 6.240126224450729175e+00
5.670000000000000000e+02 -1.177302028869316644e+02 5.981343757034604778e+02 3.498818713049361318e+00
5.690000000000000000e+02 1.012429433507600010e+02 3.786905718449950768e+02 7.020359304835479541e+00
5.710000000000000000e+02 5.253203117671160527e+01 5.981333571652859291e+02 8.567064558208208780e+00
5.730000000000000000e+02 -4.592881622772608807e+01 5.387486853236066509e+02 6.645167649284904776e+00
5.750000000000000000e+02 -5.886378108753870464e+01 4.947957583315250645e+02 6.892615660644008102e+00
5.770000000000000000e+02 -4.451043754034670741e+01 5.942586153604086121e+02 7.646360768342267633e+00
5.790000000000000000e+02 2.226081173902593591e+01 4.322936586751388290e+02 1.137108554625209145e+01
5.810000000000000000e+02 -1.489357511369694187e+01 3.955950263190162559e+02 6.681236973504363519e+00
5.830000000000000000e+02 1.133620810434360777e+02 5.981263577304663386e+02 6.245846635537851910e+00
5.850000000000000000e+02 1.262680968515248594e+02 3.314158217544687659e+02 4.323760422905292167e+00
5.870000000000000000e+02 4.837155987874694318e+01 3.317526456692331180e+02 5.342847860671792404e+00
5.890000000000000000e+02 3.179950322812206309e+01 2.993743620561205603e+02 6.694029180838684923e+00
5.910000000000000000e+02 2.524219741874668799e+01 2.993731771656980527e+02 3.646438628433029905e+00
5.930000000000000000e+02 -9.480591821788253437e-01 5.051486578248488968e+02 5.260468357616790769e+00
5.950000000000000000e+02 7.158944574753318690e+00 5.980876360276822652e+02 5.321372002014585156e+00
5.970000000000000000e+02 2.184447612362409430e+01 5.981247838958950069e+02 9.070090657170158721e+00
5.990000000000000000e+02 3.078413814055767261e+01 3.498747835411509755e+02 1.257500614500110814e+01
6.010000000000000000e+02 7.506928558592740330e+00 5.981266000933800342e+02 6.305003400322527263e+00
6.030000000000000000e+02 2.838674228212931894e+01 5.981263929032298847e+02 4.265274601039211966e+00
6.050000000000000000e+02 2.489966915457371854e+01 2.993767589261327089e+02 4.590447752851420482e+00
6.070000000000000000e+02 2.365703602647158021e+01 2.993732952815709041e+02 3.920500326023741877e+00
6.090000000000000000e+02 7.094402522335334638e+00 2.993685250483935079e+02 4.651130365232493347e+00
6.110000000000000000e+02 1.181647623669177563e+02 5.981245427979318947e+02 4.717712101399215818e+00
6.130000000000000000e+02 1.077101859004805462e+01 5.981293831225209487e+02 5.177133595691472578e+00
6.150000000000000000e+02 6.764699084046593214e+01 5.142246594405786482e+02 7.941462033522697972e+00
6.170000000000000000e+02 3.526391633687858018e+01 5.364013009909737093e+02 7.265866657681502083e+00
6.190000000000000000e+02 -3.769038759934876387e-02 3.251894470794902077e+02 6.414612120237870307e+00
6.210000000000000000e+02 5.342085402294185315e+01 5.981236569477235889e+02 5.245084813985066319e+00
6.230000000000000000e+02 1.195106346675125195e+02 4.463663036557908868e+02 4.447490013275623433e+00
6.250000000000000000e+02 1.243087565722702692e+02 5.981236487991371860e+02 6.697808633988771021e+00
6.270000000000000000e+02 1.374967969316722929e+02 5.981362741192968997e+02 1.219378109063153026e+01
6.290000000000000000e+02 1.453566547058273670e+02 4.022545771907846301e+02 8.079467712852615335e+00
6.310000000000000000e+02 4.041184119668256614e+01 4.754990018383208508e+02 6.565202428896242282e+00
6.330000000000000000e+02 4.768857208177499274e+01 4.691323786699882135e+02 1.267233261545864664e+01
6.350000000000000000e+02 5.557303173659249040e+01 3.162161891841143984e+02 1.007033870731379999e+01
6.370000000000000000e+02 1.114698894427812377e+02 3.306137982536940854e+02 5.620839707802285368e+00
6.390000000000000000e+02 1.606800766728696601e+02 3.110282745948078400e+02 5.054069952534839594e+00
6.410000000000000000e+02 5.581231615783858757e+01 5.229560408783160028e+02 4.516288194014695279e+00
6.430000000000000000e+02 7.451389006469240428e+01 5.868785797999929628e+02 6.447801771779581692e+00
6.450000000000000000e+02 1.248150876677801904e+02 2.993699571157134187e+02 3.591292250808015840e+00
6.470000000000000000e+02 2.506621719681209370e+01 5.981230357832508844e+02 6.419830163592334493e+00
6.490000000000000000e+02 2.137508222719877082e+01 5.981243859098104849e+02 7.098987235192210754e+00
6.510000000000000000e+02 -1.769127647216920423e+02 5.981214470382261652e+02 6.446144868693644447e+00
6.530000000000000000e+02 -1.475452530284251793e+02 5.981820286301583565e+02 5.586309992863307983e+00
6.550000000000000000e+02 -1.804987683188221297e+02 5.981241421923766666e+02 6.044450921820957667e+00
6.570000000000000000e+02 7.626140116468705799e+01 2.993693939004101594e+02 3.239658639760925496e+00
6.590000000000000000e+02 1.168464951939258043e+02 3.068076878758461703e+02 5.270820042992680143e+00
6.610000000000000000e+02 1.179014756636282470e+02 2.993763149018909644e+02 5.217763830646046763e+00
6.630000000000000000e+02 1.773965487788642292e+01 2.993750420410611355e+02 2.366400236134907242e+00
6.650000000000000000e+02 8.492940162919698110e+00 2.993736959202913681e+02 3.608298790283098523e+00
6.670000000000000000e+02 -2.849886591765538935e+00 2.993942748905015492e+02 5.962656285418382218e+00
6.690000000000000000e+02 2.671361349941991392e+01 4.358551454986410363e+02 4.482339258158849482e+00
6.710000000000000000e+02 1.351784400557972674e+02 5.981362581074561149e+02 7.894449127559664880e+00
6.730000000000000000e+02 3.008085393883342817e+01 5.981254540628458471e+02 1.085210808326190524e+01
6.750000000000000000e+02 4.415655748854977247e+01 3.064207611225508003e+02 4.049371413590174384e+00
6.770000000000000000e+02 3.755778102000400054e+01 3.894651382987469219e+02 7.483286013883206245e+00
6.790000000000000000e+02 -1.617874776084944699e+02 5.981257932968793511e+02 6.301534430483783922e+00
6.810000000000000000e+02 -1.015600736607122201e+02 5.106739638628511102e+02 6.288810369441526049e+00
6.830000000000000000e+02 -5.305336849963903489e+01 5.981156777932317254e+02 7.599042277570475790e+00
6.850000000000000000e+02 7.505002703720229817e+00 5.531605354064496396e+02 8.804758361544562817e+00
6.870000000000000000e+02 3.243000776874019664e+01 5.981337794956623384e+02 6.963056608316779084e+00
6.890000000000000000e+02 4.420673240302946283e+01 5.981322543671150243e+02 5.868191025455717025e+00
6.910000000000000000e+02 -1.786482553705549208e+02 5.981231538081480039e+02 4.511511830892058761e+00
6.930000000000000000e+02 -1.049590898632595248e+00 2.993740388797100991e+02 6.454989645146900656e+00
6.950000000000000000e+02 -2.434745061834014734e+00 3.234973136767093820e+02 1.084003380025537133e+01
6.970000000000000000e+02 -2.074998261566944890e+01 5.531700922536873577e+02 1.047245907183816804e+01
6.990000000000000000e+02 -9.855216473480732375e+00 3.019964029103664984e+02 8.118663967558534367e+00
7.010000000000000000e+02 1.165380460482965752e+01 3.100471937394105453e+02 5.532909892912611483e+00
7.030000000000000000e+02 7.048528794847575796e+01 4.998376785348306157e+02 7.483580805576723449e+00
7.050000000000000000e+02 -4.514353572415824800e+00 4.822198454324741874e+02 7.862132121810902596e+00
7.070000000000000000e+02 -1.171142148930521216e+02 4.272253358186338232e+02 3.610621998996506932e+00
7.090000000000000000e+02 -1.715631004080007358e+02 2.993726029656802439e+02 3.778118692386898569e+00
7.110000000000000000e+02 -1.689582893644169701e+02 2.993747177103696799e+02 4.476030499909400717e+00
7.130000000000000000e+02 1.486522038478848344e+02 4.969232260997039248e+02 7.162632618029040721e+00
7.150000000000000000e+02 1.257815999418970563e+02 3.780162330529436190e+02 5.562335485185681883e+00
7.170000000000000000e+02 1.573696423352945715e+02 5.981292496956043578e+02 5.489402214332086416e+00
7.190000000000000000e+02 9.636025407663362330e+01 4.306400405333542381e+02 5.302169353266256380e+00
7.210000000000000000e+02 7.090521074347822150e+01 3.232023439452313482e+02 6.826180014618346448e+00
7.230000000000000000e+02 1.019158980260677509e+02 5.981279777525945747e+02 6.890005809754383037e+00
7.250000000000000000e+02 1.517627399466877023e+02 5.982667558484110941e+02 4.753205719419501207e+00
7.270000000000000000e+02 1.545341131992183819e+02 3.179179976634491709e+02 3.538929140353820113e+00
7.290000000000000000e+02 1.676934746787551944e+02 3.907295155760546663e+02 5.769803227662131384e+00
7.310000000000000000e+02 -3.913252970239150308e+00 4.204395842402209382e+02 4.379212160632965478e+00
7.330000000000000000e+02 7.315100158190664104e+01 3.425986661381152203e+02 7.553457881568675703e+00
7.350000000000000000e+02 1.048726165182455929e+02 3.337794404758124074e+02 7.495999763633331092e+00
7.370000000000000000e+02 5.538186576721013665e+01 3.708947457067547475e+02 7.909058000898964380e+00
7.390000000000000000e+02 1.928757054150230132e+01 3.466432224845842143e+02 8.142278182051684965e+00
7.410000000000000000e+02 5.567279399676581164e+01 4.402782051069697786e+02 8.547057109549763609e+00
7.430000000000000000e+02 1.100233011877971592e+02 3.136976371558487244e+02 6.158660745088049282e+00
7.450000000000000000e+02 9.887135734824686040e+01 5.763397467469073945e+02 6.121318817901957310e+00
7.470000000000000000e+02 -7.493182405183588024e+00 5.981247069537687366e+02 7.944000348603962536e+00
7.490000000000000000e+02 -3.721196652875346178e+00 5.981253113055734048e+02 9.316860285014595178e+00
7.510000000000000000e+02 9.754000144857636201e+01 5.113133668607974869e+02 1.254221193591272687e+01
7.530000000000000000e+02 4.141187881496794887e+01 2.993607191266712562e+02 7.408835927506663310e+00
7.550000000000000000e+02 8.604929575380171514e+01 3.686109390053343873e+02 8.736293952330754564e+00
7.570000000000000000e+02 9.768353215829367286e+01 2.993702662805160912e+02 8.320501305235959322e+00
7.590000000000000000e+02 1.052513356471525725e+02 2.993833571841911976e+02 1.110733006296261394e+01
7.610000000000000000e+02 6.268299959215129746e+01 3.317797136508985432e+02 1.059707542870386021e+01
7.630000000000000000e+02 7.340440600033574015e+01 2.993714968529961880e+02 6.518074541663239962e+00
7.650000000000000000e+02 -2.476056644545220919e+01 5.220813410930401233e+02 6.659247497488810730e+00
7.670000000000000000e+02 1.698970507937039542e+01 5.981278296176277536e+02 9.196357780083724620e+00
7.690000000000000000e+02 2.842787374517332566e+01 2.993930163970251783e+02 6.913938434016547951e+00
7.710000000000000000e+02 2.171239397868220422e+01 2.993725229069546003e+02 5.020146391512391837e+00
7.730000000000000000e+02 6.147985314316913730e+01 3.205173769751270356e+02 6.511483128414248256e+00
7.750000000000000000e+02 1.589210246353304115e+02 4.174511672427760232e+02 5.208942534148205183e+00
7.770000000000000000e+02 -1.354174412304008399e+02 5.981271152081184255e+02 5.119477129733001952e+00
7.790000000000000000e+02 -1.534444224298996176e+02 5.981255763390629454e+02 6.948649409147687805e+00
7.810000000000000000e+02 4.460822487168175599e+01 3.930965609668849083e+02 1.198224219306021787e+01
7.830000000000000000e+02 4.136326640539418520e+01 2.992774427878479173e+02 1.397438314536965898e+01
7.850000000000000000e+02 5.490441107021254652e+01 4.180540790589616336e+02 5.941392874771239896e+00
7.870000000000000000e+02 1.512107589117796067e+02 3.640720130371683467e+02 5.333165881076731729e+00
7.890000000000000000e+02 1.663853060633888390e+02 5.107263438773131838e+02 4.924777963175537288e+00
7.910000000000000000e+02 1.959033580842297795e+01 2.993625606988218806e+02 5.312199218833180581e+00
7.930000000000000000e+02 1.630604901856374767e+01 3.481749948099345033e+02 5.922678005294506498e+00
7.950000000000000000e+02 8.043558878308401106e+00 5.981256434811261897e+02 4.595861997272178812e+00
7.970000000000000000e+02 3.298995330365949030e+01 5.981407844281844746e+02 4.663782059558132076e+00
7.990000000000000000e+02 1.178154551561227095e+02 5.427073169779052932e+02 8.167648312383406051e+00
8.010000000000000000e+02 1.102929132001435448e+02 5.981184674188112922e+02 1.628973408961248737e+01
8.030000000000000000e+02 7.826057099846894971e+01 5.981260079459112831e+02 1.253386331836672163e+01
8.050000000000000000e+02 6.157446939245449613e+01 5.037103995720175931e+02 9.302773266223807624e+00
8.070000000000000000e+02 8.294680243198389746e+01 5.981266374401872099e+02 1.417877304668256322e+01
8.090000000000000000e+02 1.741575005051310754e+01 4.234170582180420865e+02 5.619800040671020014e+00
8.110000000000000000e+02 9.717659594123520606e+01 3.500301083527868968e+02 1.030985126267984242e+01
8.130000000000000000e+02 5.367194937432954305e+01 5.981229903390593563e+02 6.278870205187871534e+00
8.150000000000000000e+02 1.364356521460314298e+02 5.981212859309740679e+02 6.919792701848187733e+00
8.170000000000000000e+02 1.134921150026872709e+02 5.655839486176230366e+02 8.506530945444284342e+00
8.190000000000000000e+02 1.611415224128352008e+02 4.731981820611808303e+02 7.342425496541153507e+00
8.210000000000000000e+02 1.767772641134130254e+02 5.981106025818610306e+02 5.689878611398175856e+00
8.230000000000000000e+02 1.690569811643852915e+01 5.671261415918013427e+02 9.001628674105687011e+00
8.250000000000000000e+02 3.640200858189082567e+01 4.822398933816092494e+02 1.140865280799638448e+01
8.270000000000000000e+02 3.447884333936986678e+01 4.715600834150450851e+02 4.941636714636777228e+00
8.290000000000000000e+02 7.119224276706960097e+01 5.031940935871569991e+02 8.522533553545370566e+00
8.310000000000000000e+02 4.559291025836125044e+01 5.040051675044097124e+02 5.337940386432794782e+00
8.330000000000000000e+02 1.171978694354860977e+02 5.981279596763372410e+02 6.554426477481039015e+00
8.350000000000000000e+02 1.735125085633132471e+02 3.409483184889267591e+02 6.900834728334555912e+00
8.370000000000000000e+02 1.550924868544940409e+02 5.981447966153040170e+02 6.318705499445294471e+00
8.390000000000000000e+02 4.663772724297562888e+01 5.797401611127038450e+02 9.254284927768129165e+00
8.410000000000000000e+02 5.259537379215577602e+01 5.981262910360554770e+02 5.993563660723317810e+00
8.430000000000000000e+02 -1.199954262546167598e+02 5.981249997844269046e+02 8.653701682163788433e+00
8.450000000000000000e+02 3.881147394219994595e+01 5.981318003767635219e+02 1.057619125215987665e+01
8.470000000000000000e+02 1.207635209004968289e+02 4.099687850239234876e+02 6.773677275012500054e+00
8.490000000000000000e+02 4.673358101409640852e+01 5.981385007693859279e+02 5.200450990894500691e+00
8.510000000000000000e+02 1.716022556523730032e+02 4.061533937732697268e+02 4.916913812003258499e+00
8.530000000000000000e+02 1.234825532914928772e+02 4.892419195358164643e+02 3.820089935975336637e+00
8.550000000000000000e+02 9.494846893266507948e+01 2.993722318243043219e+02 4.339825381174598817e+00
8.570000000000000000e+02 1.238506974819533326e+02 2.993752725870961058e+02 4.222728149231965489e+00
8.590000000000000000e+02 1.121402846738659491e+02 5.981140825216489247e+02 5.420545828201216665e+00
8.610000000000000000e+02 7.836190377531318063e+01 3.745921980608526383e+02 7.791289955214295126e+00
8.630000000000000000e+02 7.145180269472039924e+01 2.993703987866782086e+02 6.032612757869081577e+00
8.650000000000000000e+02 4.977909558370032528e+01 2.993719680419747533e+02 4.141846732781088392e+00
8.670000000000000000e+02 9.398957701084884775e+01 3.189754344765262317e+02 4.585552832912713761e+00
8.690000000000000000e+02 9.809404349895990549e+01 5.981232316764998131e+02 7.116119042360380398e+00
8.710000000000000000e+02 7.462912048182789704e+01 4.589979072933372777e+02 1.026678423493001091e+01
8.730000000000000000e+02 8.823664355196568465e+01 4.920649721968152903e+02 1.086749547676105898e+01
8.750000000000000000e+02 6.698086817570569451e+01 3.621982299160929415e+02 8.619719984700800808e+00
8.770000000000000000e+02 3.635823395030322303e+01 4.556155327675837725e+02 6.053397545737158048e+00
8.790000000000000000e+02 3.533927143684457661e+01 5.981198544880795680e+02 5.401021117050543552e+00
8.810000000000000000e+02 6.427671477883184536e+01 5.981263826692337489e+02 5.404776508494673060e+00
8.830000000000000000e+02 -1.750381972094780281e+02 5.981241439895599115e+02 7.207731643680158840e+00
8.850000000000000000e+02 1.683870184014362792e+02 4.558936796115475545e+02 6.631833645144249445e+00
8.870000000000000000e+02 1.057277780334328696e+02 5.981427880389418306e+02 8.756410532394431456e+00
8.890000000000000000e+02 9.547903410267625190e+01 5.981265695753669434e+02 1.301898822411427581e+01
8.910000000000000000e+02 3.604464933123484371e+01 5.981251870443982170e+02 1.551202524268301097e+01
8.930000000000000000e+02 4.955270185619865941e+01 5.981213870569364417e+02 9.495471822450367583e+00
