# InfraPy Beamforming (fk) Results
# 
# Data summary:
#     CC.PR05.01.BDF	2023-05-08T13:05:30.940000Z - 2023-05-08T13:20:30.920000Z
#     CC.PR05.02.BDF	2023-05-08T13:05:30.940000Z - 2023-05-08T13:20:30.920000Z
#     CC.PR05.03.BDF	2023-05-08T13:05:30.940000Z - 2023-05-08T13:20:30.920000Z
# 
#   channel_cnt: 3
#   t0: 2023-05-08T13:05:30.940000Z
#   latitude: 46.841748
#   longitude: -121.948853
# 
# Algorithm parameters:
#   freq_min: 1.0
#   freq_max: 10.0
#   back_az_min: -180.0
#   back_az_max: 180.0
#   back_az_step: 2.0
#   trace_vel_min: 300.0
#   trace_vel_max: 600.0
#   trace_vel_step: 2.5
#   method: bartlett
#   signal_start: None
#   signal_end: None
#   window_len: 10.0
#   sub_window_len: None
#   window_step: 1.0
# 
# Time (rel t0) [s]      Back Az [deg]	           Tr. Velocity [m/s]       F-stat
5.000000000000000000e+00 -1.340013114687670566e+02 5.981250435390526263e+02 2.159488650840983404e+00
6.000000000000000000e+00 1.638431945723636147e+02 5.981248233192022781e+02 2.128648306235489063e+00
7.000000000000000000e+00 1.277663605123465658e+02 5.981242400983353491e+02 2.159828838225109848e+00
8.000000000000000000e+00 8.508548343521957236e+01 5.981164266615046472e+02 2.366379012947096072e+00
9.000000000000000000e+00 -1.444090181992574458e+02 5.981359535717820108e+02 2.468074791837783000e+00
1.000000000000000000e+01 -1.317910399701114557e+02 3.762567684024575101e+02 2.516020153842135176e+00
1.100000000000000000e+01 -1.289626818837559483e+02 3.462043748414267839e+02 2.510676007307751867e+00
1.200000000000000000e+01 -1.272174631900924595e+02 3.803022430486133771e+02 2.538054931906597922e+00
1.300000000000000000e+01 -1.340926589579549670e+02 5.594640482840352433e+02 2.698758292854463114e+00
1.400000000000000000e+01 -1.352556600521171788e+02 4.796063393036101843e+02 2.937776991189526843e+00
1.500000000000000000e+01 -1.303755192004122421e+02 3.860405230074081828e+02 2.996049627082222777e+00
1.600000000000000000e+01 -1.256132841383113856e+02 3.719130323230684212e+02 2.832848298389291752e+00
1.700000000000000000e+01 -1.303565681240959861e+02 3.969818197744257304e+02 2.621409576846950529e+00
1.800000000000000000e+01 -1.313884927361221173e+02 4.183054967885818201e+02 2.564561025889598334e+00
1.900000000000000000e+01 -1.177392139888209499e+02 4.188083657571603453e+02 2.979028952220859949e+00
2.000000000000000000e+01 -1.143042355474947271e+02 4.183290081717557882e+02 3.392341800091627224e+00
2.100000000000000000e+01 -1.160099558929432959e+02 3.791779470967520069e+02 3.416765587205858434e+00
2.200000000000000000e+01 -1.187039980444878751e+02 3.605595978861848607e+02 3.691776259182725450e+00
2.300000000000000000e+01 -1.206288751474269958e+02 3.536117262321290013e+02 3.682233588259490098e+00
2.400000000000000000e+01 -1.219063040183996804e+02 3.516882177692766049e+02 3.519540585944854083e+00
2.500000000000000000e+01 -1.216926046578757763e+02 3.659826464823513561e+02 3.005420699218313008e+00
2.600000000000000000e+01 -1.189527370409988976e+02 4.587063361579928937e+02 2.552341744839795812e+00
2.700000000000000000e+01 -1.123030253969731689e+02 4.586753874400284872e+02 2.472749974620374935e+00
2.800000000000000000e+01 -1.104270434979987812e+02 4.036719638368570031e+02 2.797077222176292288e+00
2.900000000000000000e+01 -1.092141342163979516e+02 4.248895278140174128e+02 2.853217345232530455e+00
3.000000000000000000e+01 -1.045019131929643805e+02 3.924929293087175211e+02 2.956660435147037358e+00
3.100000000000000000e+01 -1.028466112448903402e+02 3.785722937895011455e+02 3.092369691134367660e+00
3.200000000000000000e+01 -1.082121972669071397e+02 4.545068063723549585e+02 3.187693979008590528e+00
3.300000000000000000e+01 -1.264990895140502829e+02 5.516204077081999912e+02 3.358980748197887944e+00
3.400000000000000000e+01 -1.361059817526646611e+02 5.981267615942363136e+02 3.403862946655438204e+00
3.500000000000000000e+01 -1.389868556163575590e+02 5.981383137714337863e+02 3.185894914921463261e+00
3.600000000000000000e+01 1.166543930677346026e+02 5.981224923296927045e+02 2.965152313079774782e+00
3.700000000000000000e+01 9.794126609194259458e+01 5.981273675546063942e+02 3.126310258374852324e+00
3.800000000000000000e+01 8.321323485727292280e+01 5.980455322609816449e+02 2.980853367072544557e+00
3.900000000000000000e+01 7.410559650695405765e+01 5.981276284445109468e+02 2.793267279708615103e+00
4.000000000000000000e+01 -1.740917675379131424e+02 5.981261674134855184e+02 2.784849117520673545e+00
4.100000000000000000e+01 -1.584966156532863408e+02 5.983622046575945888e+02 2.915319086470516741e+00
4.200000000000000000e+01 -1.655712679780824033e+02 5.981152410092357741e+02 3.069869839020079372e+00
4.300000000000000000e+01 -1.456826062805458832e+02 4.832876379937468414e+02 2.976492931462178415e+00
4.400000000000000000e+01 -1.258800169051915248e+02 2.993742761081368258e+02 2.875834124021791727e+00
4.500000000000000000e+01 -1.252915273589430853e+02 2.993744920685791158e+02 2.614567283795876662e+00
4.600000000000000000e+01 -1.204039538311232747e+02 2.993649408010847424e+02 2.930263981102013915e+00
4.700000000000000000e+01 -1.160722296016497950e+02 4.052153070925492102e+02 3.052509646736575100e+00
4.800000000000000000e+01 -1.149943851545125710e+02 5.205168013683190793e+02 3.211884894046714845e+00
4.900000000000000000e+01 -1.153149920986021897e+02 5.120973269058991946e+02 3.207743752036906315e+00
5.000000000000000000e+01 -1.084581114000922071e+02 3.842235703705480887e+02 3.040161126340892750e+00
5.100000000000000000e+01 -9.897516409634411616e+01 2.994656430228961881e+02 3.225629785965695717e+00
5.200000000000000000e+01 -9.695205585590585429e+01 2.993932225441316177e+02 3.060829221298068781e+00
5.300000000000000000e+01 -9.806487071208246675e+01 2.993797537191896936e+02 2.727601944162910019e+00
5.400000000000000000e+01 -1.067254166429321032e+02 3.397638610243693620e+02 2.698975353815559419e+00
5.500000000000000000e+01 -1.212855631181510176e+02 4.024487429138107473e+02 2.657938893467119090e+00
5.600000000000000000e+01 -1.272965294199886728e+02 4.168874768430590052e+02 2.862472889880994131e+00
5.700000000000000000e+01 -1.238045567285773529e+02 4.652743365373465849e+02 3.259894525607216931e+00
5.800000000000000000e+01 -1.177260075320882464e+02 4.714839459224120901e+02 3.573090238509266658e+00
5.900000000000000000e+01 -1.174198360008795561e+02 5.005689981921255480e+02 3.488862945920842673e+00
6.000000000000000000e+01 -1.149458110881241737e+02 5.130718796661700480e+02 3.118438933219669362e+00
6.100000000000000000e+01 -1.101387861565618635e+02 4.084541003473174214e+02 2.785957151296964973e+00
6.200000000000000000e+01 -1.052263848617910327e+02 3.416487252305244056e+02 2.640048341422909228e+00
6.300000000000000000e+01 -1.104064236957486571e+02 3.139960357358007172e+02 2.735793237720371973e+00
6.400000000000000000e+01 -1.195454218562389315e+02 2.994767536990850090e+02 2.796689047209614198e+00
6.500000000000000000e+01 -1.247856840088278148e+02 2.993566460375541851e+02 2.738201325787006812e+00
6.600000000000000000e+01 -1.232559149040390736e+02 2.993858273371182577e+02 2.722209713628631178e+00
6.700000000000000000e+01 -1.177879418060113323e+02 2.993822581417433071e+02 2.449555192950832350e+00
6.800000000000000000e+01 7.210023656925770297e+01 4.461639160003015832e+02 2.421389144948863592e+00
6.900000000000000000e+01 8.426377787962711352e+01 5.981396299036370010e+02 2.644061270655273077e+00
7.000000000000000000e+01 -1.358266852115811218e+02 5.981234851781803172e+02 3.085543783987328759e+00
7.100000000000000000e+01 -1.310660631040129260e+02 5.981239818637436656e+02 3.454524740968098584e+00
7.200000000000000000e+01 -1.253792757718512121e+02 5.369215399459716309e+02 3.224566518411674299e+00
7.300000000000000000e+01 -1.246796673057293390e+02 4.423873140914330975e+02 3.173351559782097375e+00
7.400000000000000000e+01 -1.226646939098122573e+02 4.007797680847223205e+02 2.898294813012189941e+00
7.500000000000000000e+01 -1.193917934547074111e+02 3.391454898937960820e+02 2.713125798625508622e+00
7.600000000000000000e+01 -1.188103721307275293e+02 2.993319362406697337e+02 2.808738183364097640e+00
7.700000000000000000e+01 -1.168286703422944441e+02 2.993529199452350440e+02 2.715770956658172697e+00
7.800000000000000000e+01 -1.043202277942901475e+02 3.126601776068642380e+02 2.656583649883754283e+00
7.900000000000000000e+01 -9.805509086644862293e+01 3.255004165615873717e+02 2.911609689540775481e+00
8.000000000000000000e+01 -9.804223837642413741e+01 3.798957578946860849e+02 2.940854108239288500e+00
8.100000000000000000e+01 -9.588365010804560029e+01 4.202831032537442866e+02 2.676467986191400250e+00
8.200000000000000000e+01 1.126230383119939518e+02 5.981205849389242530e+02 2.506526923596917644e+00
8.300000000000000000e+01 1.030864997811683139e+02 5.981238534395698707e+02 2.537180951700533260e+00
8.400000000000000000e+01 9.891901927532309458e+01 5.981264208221863328e+02 2.680554363386427941e+00
8.500000000000000000e+01 -1.217590238118005743e+02 5.981232240212643774e+02 2.678270008803601776e+00
8.600000000000000000e+01 -1.182559564412260897e+02 5.981343999792480872e+02 2.949019853951411640e+00
8.700000000000000000e+01 -1.089072067543226723e+02 4.941964654144187534e+02 3.014814738028080310e+00
8.800000000000000000e+01 -1.018479817868006734e+02 3.701401053270286070e+02 2.943557363391501980e+00
8.900000000000000000e+01 -9.958430292735990008e+01 3.233670053009041681e+02 2.761042679292726287e+00
9.000000000000000000e+01 -1.023604659205658294e+02 3.511992708133163319e+02 3.020996446305718397e+00
9.100000000000000000e+01 -1.170079086979272773e+02 4.763457181905409357e+02 3.525074080387399889e+00
9.200000000000000000e+01 -1.257238398395277272e+02 5.755493743788330221e+02 3.602732764693775014e+00
9.300000000000000000e+01 -1.163536985736750609e+02 4.464556308933557602e+02 3.108300662230234046e+00
9.400000000000000000e+01 -1.111982408598520777e+02 3.388852932391633885e+02 2.711825162640713049e+00
9.500000000000000000e+01 -1.069690902719505630e+02 2.993686183711315607e+02 2.522398916047046136e+00
9.600000000000000000e+01 8.647391830155122250e+01 5.152115361925719981e+02 2.331545597895042121e+00
9.700000000000000000e+01 9.106974007394444470e+01 5.373112215466354655e+02 2.391775415193101662e+00
9.800000000000000000e+01 -8.727291524693006863e+01 2.993770389355926227e+02 2.722793362338085554e+00
9.900000000000000000e+01 -9.190235081782296334e+01 3.201144323703967416e+02 3.566697659620738925e+00
1.000000000000000000e+02 -9.426121347531379513e+01 4.341515611568271993e+02 3.490484801235207435e+00
1.010000000000000000e+02 -1.163502631763709445e+02 5.981244701944794997e+02 3.477355960644226140e+00
1.020000000000000000e+02 -1.353854033967142243e+02 5.981236090410540100e+02 3.587861386072217940e+00
1.030000000000000000e+02 -1.275290446475597435e+02 5.981199741023298202e+02 3.451852116632711631e+00
1.040000000000000000e+02 -1.195529630021402028e+02 4.548873456564710978e+02 3.177693281099937206e+00
1.050000000000000000e+02 -1.183283624988614804e+02 3.452429502818948208e+02 3.144169743243294235e+00
1.060000000000000000e+02 -1.167635907536669890e+02 3.496364956981641967e+02 3.214002162302007637e+00
1.070000000000000000e+02 -1.136051467403883208e+02 3.629099023358028830e+02 3.257952265668245584e+00
1.080000000000000000e+02 -1.127893001475126198e+02 3.870670765390172505e+02 3.330852208988182905e+00
1.090000000000000000e+02 -1.114332691609624391e+02 4.015977441893310811e+02 3.114093841981533384e+00
1.100000000000000000e+02 -1.093674109492517488e+02 4.852150206392450400e+02 3.336328185897168286e+00
1.110000000000000000e+02 -1.114656296810118050e+02 4.814694064339836928e+02 3.633716573533660732e+00
1.120000000000000000e+02 -1.158645466058582798e+02 4.322130749932153435e+02 3.635737543546149642e+00
1.130000000000000000e+02 -1.188416187522165615e+02 4.284534363886028814e+02 2.904634381476073557e+00
1.140000000000000000e+02 -1.199739906779100949e+02 4.187670197096299489e+02 2.609452825607041948e+00
1.150000000000000000e+02 -1.231265742707983719e+02 4.142635145638151357e+02 2.778724687282268402e+00
1.160000000000000000e+02 -1.345097888799170391e+02 4.756532863032679188e+02 3.016100499488807873e+00
1.170000000000000000e+02 -1.367959724454012473e+02 5.028065416114502000e+02 3.388264484719907266e+00
1.180000000000000000e+02 -1.321358468592668487e+02 5.365853100634238899e+02 3.965986391586354909e+00
1.190000000000000000e+02 -1.275262892643804236e+02 4.915335531225639443e+02 4.325305864809473988e+00
1.200000000000000000e+02 -1.259008221523457394e+02 4.534063186982343154e+02 3.721323171034928379e+00
1.210000000000000000e+02 1.145095602814419635e+02 4.308766084766351696e+02 2.848459399828972671e+00
1.220000000000000000e+02 1.087071688050345273e+02 4.190620789429489719e+02 3.171726863054161960e+00
1.230000000000000000e+02 1.154516333267658723e+02 5.981107703967072666e+02 3.223698735714518815e+00
1.240000000000000000e+02 -1.072220715144081566e+02 5.981064486312756117e+02 3.426233996875025500e+00
1.250000000000000000e+02 -1.024620647003361000e+02 4.578473623366514857e+02 3.160046326595893795e+00
1.260000000000000000e+02 -1.027187411095502796e+02 3.488424761129617195e+02 2.755668889258200416e+00
1.270000000000000000e+02 -1.000289870915671031e+02 2.993753398290618861e+02 2.938822928880550744e+00
1.280000000000000000e+02 -1.017483693685893797e+02 2.993685981387424135e+02 3.146615056968402158e+00
1.290000000000000000e+02 -1.029320703278618083e+02 3.052370002904535795e+02 3.213915736887099861e+00
1.300000000000000000e+02 -1.015545595387416427e+02 3.398597359272336007e+02 2.873761557751398854e+00
1.310000000000000000e+02 -1.072633733896695958e+02 5.980971244536634686e+02 3.150437831967997315e+00
1.320000000000000000e+02 -1.130993988362463796e+02 5.981157975418379920e+02 3.390460936891408927e+00
1.330000000000000000e+02 -1.311706651816890599e+02 5.981202076838582116e+02 3.521230958004413658e+00
1.340000000000000000e+02 -1.358381736498874091e+02 5.663280960057945776e+02 3.521851872813518192e+00
1.350000000000000000e+02 -1.348617567086271833e+02 4.264437918020812504e+02 3.716715814559835351e+00
1.360000000000000000e+02 -1.373618488485777789e+02 3.864740160859344087e+02 3.783980593632003231e+00
1.370000000000000000e+02 -1.307154669786101238e+02 3.706763442602701843e+02 3.482199034523677739e+00
1.380000000000000000e+02 -1.106733129762960743e+02 3.353751189941864368e+02 3.320451487803999679e+00
1.390000000000000000e+02 -9.883516289419782197e+01 3.167820149072339859e+02 3.484888288711777360e+00
1.400000000000000000e+02 -1.005952912516401341e+02 3.307015493837278655e+02 3.318023896525541971e+00
1.410000000000000000e+02 -1.073175157311649457e+02 3.979682076556458128e+02 2.965973276751375565e+00
1.420000000000000000e+02 1.367636833004273171e+02 5.981254253446217035e+02 2.639829961749989184e+00
1.430000000000000000e+02 1.099242979845557073e+02 5.981252645010459901e+02 2.575754485772773439e+00
1.440000000000000000e+02 -1.138727746513339554e+02 4.029381739353488001e+02 2.287263504915018064e+00
1.450000000000000000e+02 -1.411016248526501613e+02 4.624665685084226538e+02 2.485648512377773400e+00
1.460000000000000000e+02 -1.393583306147617691e+02 5.470096288320947906e+02 2.850286442620035388e+00
1.470000000000000000e+02 -1.272783452615830981e+02 5.776086521395571935e+02 2.971833043232460447e+00
1.480000000000000000e+02 -1.119916036650567861e+02 5.981249747071833553e+02 2.761760089542653507e+00
1.490000000000000000e+02 -1.061264370627236389e+02 5.180731135479612703e+02 2.565606176385136994e+00
1.500000000000000000e+02 -1.078826919646284068e+02 3.060335027917015509e+02 2.405219929176146909e+00
1.510000000000000000e+02 -9.945814184081301335e+01 2.993549694167447228e+02 2.635136471321116503e+00
1.520000000000000000e+02 -1.077309078610631730e+02 3.989463738112972919e+02 2.916910248103306902e+00
1.530000000000000000e+02 -1.101774675911860015e+02 5.382339507867199018e+02 3.192988647705077732e+00
1.540000000000000000e+02 -1.080654063682212183e+02 4.523022471162619240e+02 3.523536561630562947e+00
1.550000000000000000e+02 -1.120406713276329782e+02 4.327641126197069639e+02 3.419030736696184292e+00
1.560000000000000000e+02 -1.117222080017470063e+02 4.068717706794959668e+02 3.150901284066267127e+00
1.570000000000000000e+02 -1.168896866060331803e+02 3.970023843513344559e+02 2.919370436508279987e+00
1.580000000000000000e+02 -1.394806205649154833e+02 5.138721562630457811e+02 2.723686822288998055e+00
1.590000000000000000e+02 -1.515456858484808151e+02 4.306999509091248228e+02 2.851607582816437780e+00
1.600000000000000000e+02 -1.463461508733256835e+02 3.760210355471262460e+02 2.809416033959449166e+00
1.610000000000000000e+02 -1.309735300877194391e+02 3.608071298528208786e+02 2.755432599531502547e+00
1.620000000000000000e+02 -1.183759819119423184e+02 3.736347254905957698e+02 2.921761489793286426e+00
1.630000000000000000e+02 -1.189253200583516730e+02 4.430102013886622103e+02 2.995927132995138908e+00
1.640000000000000000e+02 -1.285156207646236908e+02 5.842673718655412358e+02 2.749260787727032085e+00
1.650000000000000000e+02 -1.423035151755938159e+02 5.981259994422069894e+02 2.888948365122716577e+00
1.660000000000000000e+02 -1.454229175328473787e+02 5.981229729006383877e+02 3.147033052307074641e+00
1.670000000000000000e+02 -1.321487336852615329e+02 5.981262662538819086e+02 3.057656263231951055e+00
1.680000000000000000e+02 -1.244607829976311848e+02 5.981488675719755292e+02 2.809360240803545405e+00
1.690000000000000000e+02 -1.189829879177501795e+02 4.251912164075628198e+02 3.002876019435147814e+00
1.700000000000000000e+02 -1.190075274323306189e+02 3.740172900390588211e+02 3.338092822674559645e+00
1.710000000000000000e+02 -1.201412274414905141e+02 3.398716412197297245e+02 2.955999031982643022e+00
1.720000000000000000e+02 -1.249396720346461507e+02 2.993341579827974215e+02 2.387636236014778035e+00
1.730000000000000000e+02 -1.213941092604159451e+02 2.993779893742125182e+02 2.145512846323154310e+00
1.740000000000000000e+02 -1.154788087248398227e+02 2.993763723487473385e+02 2.197592540652887561e+00
1.750000000000000000e+02 -1.156495761966351523e+02 2.993741756042226712e+02 2.405857294502202759e+00
1.760000000000000000e+02 -1.191763310438504391e+02 3.677002803630361996e+02 2.473601164006911990e+00
1.770000000000000000e+02 -1.229938699710732948e+02 5.981347998592833619e+02 2.439381815319224600e+00
1.780000000000000000e+02 1.156281366556536909e+02 5.981257905632955953e+02 2.637068063716815569e+00
1.790000000000000000e+02 1.270600532381500329e+02 5.981215314217330388e+02 2.711074611154649983e+00
1.800000000000000000e+02 -1.101657005936498734e+02 5.981399497172690189e+02 2.588332485550438378e+00
1.810000000000000000e+02 -9.679348554418962181e+01 3.688124465747201839e+02 2.919672673598055823e+00
1.820000000000000000e+02 -9.559755352633396797e+01 3.288018311519231247e+02 3.107367183812625111e+00
1.830000000000000000e+02 -9.963542302141416940e+01 3.441374744177247180e+02 3.026007005919236548e+00
1.840000000000000000e+02 -1.081259554263841949e+02 3.656062400773012087e+02 3.091853622312546346e+00
1.850000000000000000e+02 -1.172119095480390172e+02 3.919737194708981747e+02 2.922057631038118775e+00
1.860000000000000000e+02 -1.357837503293701502e+02 4.631845183299164432e+02 2.725877366758159948e+00
1.870000000000000000e+02 -1.670503475014504033e+02 5.981078306084356200e+02 2.539464022369850582e+00
1.880000000000000000e+02 1.513965709986983086e+02 5.981257725527573257e+02 2.559585530296998090e+00
1.890000000000000000e+02 1.650491447920698249e+02 5.981253863318960384e+02 2.600892064517736912e+00
1.900000000000000000e+02 -1.575239720425418284e+02 5.981191685141544667e+02 2.856531368934178250e+00
1.910000000000000000e+02 -1.506915107663425033e+02 5.982451900563582967e+02 2.884494122915475245e+00
1.920000000000000000e+02 -1.302297185743266255e+02 3.244248460166804762e+02 2.776872063805397417e+00
1.930000000000000000e+02 -1.236083901091344330e+02 3.034737520744343442e+02 2.890888848750400530e+00
1.940000000000000000e+02 -1.177322728078296734e+02 3.570281438458051184e+02 2.905051548829873376e+00
1.950000000000000000e+02 -1.151846812225677326e+02 5.151564842395401911e+02 3.010874178914422217e+00
1.960000000000000000e+02 -1.079047619960428790e+02 5.572254717649656186e+02 2.936895091111631828e+00
1.970000000000000000e+02 -9.636289577098280290e+01 4.538670131119935718e+02 2.977224591592550595e+00
1.980000000000000000e+02 -9.017756699144787547e+01 4.685213553684042722e+02 2.985906755345650865e+00
1.990000000000000000e+02 -9.057778944806567267e+01 5.669911925577298462e+02 2.995516096181874754e+00
2.000000000000000000e+02 -9.997578105153984040e+01 5.803559744790184141e+02 2.853441835091997447e+00
2.010000000000000000e+02 -1.202415637733291902e+02 5.076359431287352777e+02 2.796482377937780317e+00
2.020000000000000000e+02 -1.317400296976962011e+02 3.959029519984343892e+02 2.678736154464119057e+00
2.030000000000000000e+02 -1.243139834187127093e+02 3.457114282195552164e+02 2.299609817889824548e+00
2.040000000000000000e+02 -1.157922279407236346e+02 2.993674803774302404e+02 2.015446691459974016e+00
2.050000000000000000e+02 -1.155422586864007002e+02 3.691066382059676698e+02 2.242877977482407470e+00
2.060000000000000000e+02 -1.168156939483897787e+02 3.919282236831344335e+02 2.691296771149154221e+00
2.070000000000000000e+02 -1.156591506075091758e+02 3.698593422745790917e+02 2.930303222947014508e+00
2.080000000000000000e+02 -1.146117570322185202e+02 4.005548315367954615e+02 2.869318318386319788e+00
2.090000000000000000e+02 -1.169317478791694356e+02 4.161530860347855878e+02 3.028724718577739061e+00
2.100000000000000000e+02 -1.235508164154685886e+02 4.429920634233113788e+02 2.932167908851648352e+00
2.110000000000000000e+02 -1.226798351611548838e+02 4.206975573076592241e+02 3.196308314220631441e+00
2.120000000000000000e+02 -1.178604115001129742e+02 4.466714604391901844e+02 3.596692005331896258e+00
2.130000000000000000e+02 -1.104954580457814330e+02 5.058695798990670482e+02 3.401829199409569515e+00
2.140000000000000000e+02 -9.913007220330334235e+01 4.579801297562198670e+02 3.181859377761909080e+00
2.150000000000000000e+02 -9.425486926411674915e+01 3.353597110177632317e+02 3.037050636687206318e+00
2.160000000000000000e+02 -9.601727912769254658e+01 2.993761478486948135e+02 2.951787477939416426e+00
2.170000000000000000e+02 -9.451929466620767073e+01 2.993900994101612127e+02 3.286339897905151908e+00
2.180000000000000000e+02 -9.689762954570312559e+01 3.029865768356650051e+02 3.065718942391389312e+00
2.190000000000000000e+02 -1.067887741952750389e+02 3.457263330592595594e+02 2.784140381926604402e+00
2.200000000000000000e+02 -1.108504684639985243e+02 3.940256031777481098e+02 2.844821536718551425e+00
2.210000000000000000e+02 -1.173330038061810399e+02 4.087267344227620924e+02 2.784260808785242514e+00
2.220000000000000000e+02 -1.201225260887529913e+02 4.175750612470352507e+02 2.977139135475937337e+00
2.230000000000000000e+02 -1.154602765451038380e+02 4.701744939064334972e+02 3.053131365687927978e+00
2.240000000000000000e+02 -1.196252979156161302e+02 4.930952574968946465e+02 3.471838434965691889e+00
2.250000000000000000e+02 -1.331828379869559456e+02 5.702617672505982682e+02 3.124296022353028501e+00
2.260000000000000000e+02 -1.341892342677742818e+02 5.981259366069117505e+02 2.957478895394896501e+00
2.270000000000000000e+02 -1.041726929116472604e+02 5.661369196418031606e+02 2.900499097701572548e+00
2.280000000000000000e+02 -1.027834245716213104e+02 4.019879302370508753e+02 2.915365579369427085e+00
2.290000000000000000e+02 -1.120362515932861953e+02 3.686641934813712282e+02 3.127554241792165790e+00
2.300000000000000000e+02 -1.144333133087995833e+02 3.650217568088232269e+02 2.983901793265505642e+00
2.310000000000000000e+02 -1.141015449607604921e+02 3.626855117867972353e+02 2.662563770932319329e+00
2.320000000000000000e+02 -1.148857626464088924e+02 3.509025654973003725e+02 2.382836437676475239e+00
2.330000000000000000e+02 -1.266628837835101820e+02 4.364241832334575406e+02 2.600744136053080080e+00
2.340000000000000000e+02 -1.313748318823055570e+02 4.141759495973246885e+02 2.627694992308041932e+00
2.350000000000000000e+02 -1.239824680829549521e+02 3.381647969271105012e+02 3.070930081167140280e+00
2.360000000000000000e+02 -1.230163017124738474e+02 3.198102361515798293e+02 3.645862108876363639e+00
2.370000000000000000e+02 -1.237875882686487756e+02 3.258444978936096277e+02 3.594038430040578103e+00
2.380000000000000000e+02 -1.244053831153791805e+02 3.203016471544769388e+02 3.235745107604992121e+00
2.390000000000000000e+02 -1.191750811894969360e+02 3.150261487664853348e+02 2.995181844556374706e+00
2.400000000000000000e+02 -1.160962158205136490e+02 3.468352997041741332e+02 2.910569391745100543e+00
2.410000000000000000e+02 -1.176444366655592404e+02 3.848359747381232410e+02 2.956093593737735503e+00
2.420000000000000000e+02 -1.229494076817289425e+02 3.822651462366084161e+02 2.823336508409755030e+00
2.430000000000000000e+02 4.822848229468149128e+01 4.254136829151802317e+02 2.606905411222256497e+00
2.440000000000000000e+02 4.048212649604477065e+01 3.073786162776636957e+02 2.553963721707672274e+00
2.450000000000000000e+02 -1.151065508174730070e+02 3.453406783271963150e+02 2.483803561777353064e+00
2.460000000000000000e+02 -1.159036366239867277e+02 3.184941863413656620e+02 2.664997481480360086e+00
2.470000000000000000e+02 -1.063536904897937347e+02 3.053524534000532071e+02 2.276423036547523537e+00
2.480000000000000000e+02 -1.029478488470523843e+02 2.993777963169160330e+02 2.015733888609432256e+00
2.490000000000000000e+02 -9.947984366318891603e+01 2.993764815992008721e+02 2.035064819859202068e+00
2.500000000000000000e+02 -9.928628710234926302e+01 2.993910228111224683e+02 2.381627987664819202e+00
2.510000000000000000e+02 -1.038425664740275352e+02 4.751980199590130383e+02 2.650905009458560446e+00
2.520000000000000000e+02 -1.120080243831463207e+02 5.918241351127186363e+02 2.709444027644621666e+00
2.530000000000000000e+02 -1.080430145465588510e+02 5.818129026762860576e+02 2.632678602293121006e+00
2.540000000000000000e+02 -1.103670555210946134e+02 4.673420828780306806e+02 2.449103168489887405e+00
2.550000000000000000e+02 -1.077303711825974659e+02 3.587044827589221541e+02 2.543416995257872237e+00
2.560000000000000000e+02 -1.054428093836037874e+02 3.901908578682644020e+02 2.529506328501106793e+00
2.570000000000000000e+02 -1.079282238181681777e+02 4.870874120959113611e+02 2.380838150189950042e+00
2.580000000000000000e+02 -1.006948841755058766e+02 4.095734251845188965e+02 2.366950593145333848e+00
2.590000000000000000e+02 -9.771492952428459944e+01 3.818020069427664680e+02 2.513278261423874671e+00
2.600000000000000000e+02 -9.865460156460230223e+01 3.984136866460966644e+02 2.480912127926763855e+00
2.610000000000000000e+02 -1.177737439085572504e+02 5.758540505991702503e+02 2.552118425814071223e+00
2.620000000000000000e+02 -1.288101914750293133e+02 5.981338301819896515e+02 2.676147838976361104e+00
2.630000000000000000e+02 -1.260868192422364444e+02 5.861626555274965540e+02 2.483828521221351338e+00
2.640000000000000000e+02 -1.147941368721905491e+02 3.887616075128502189e+02 2.430836089451303916e+00
2.650000000000000000e+02 -9.138672616987217623e+01 3.817765266577616785e+02 2.393910850533569779e+00
2.660000000000000000e+02 -7.721209978145436992e+01 3.095036162408392784e+02 2.500825176873203048e+00
2.670000000000000000e+02 -1.073883803074803609e+02 3.832450918076533526e+02 2.415324004302424665e+00
2.680000000000000000e+02 -1.266098266965937285e+02 3.995745680467952639e+02 2.601369232545970522e+00
2.690000000000000000e+02 -1.264824739825024693e+02 3.503831948088191552e+02 2.599850892813782899e+00
2.700000000000000000e+02 -1.193622720703726543e+02 3.433426172974191104e+02 2.428548938985986450e+00
2.710000000000000000e+02 -1.015317305529994769e+02 3.780226963588837634e+02 2.556600312376828388e+00
2.720000000000000000e+02 -8.050502284913692108e+01 3.965334347718716685e+02 2.810909953980628817e+00
2.730000000000000000e+02 -6.884236806418336130e+01 4.270649372549643772e+02 2.870280981936985221e+00
2.740000000000000000e+02 -5.182234112949424087e+01 3.541498383552539622e+02 3.366311081207251199e+00
2.750000000000000000e+02 -4.380403721787963889e+01 3.106233467384850542e+02 4.553288904326803888e+00
2.760000000000000000e+02 -3.962528894090975484e+01 2.992706712389559129e+02 5.856404673653471171e+00
2.770000000000000000e+02 -3.672273805886516840e+01 2.994158759777548084e+02 6.501291058975078307e+00
2.780000000000000000e+02 -3.294027590438186337e+01 2.994046260028879942e+02 6.493773938808170776e+00
2.790000000000000000e+02 -2.980393066643886257e+01 2.993693363416591069e+02 5.811780457632300667e+00
2.800000000000000000e+02 -3.046826352521665626e+01 2.993905687879251900e+02 4.815251000888577160e+00
2.810000000000000000e+02 -3.452920444257780019e+01 3.022784634371195693e+02 4.016815351607823992e+00
2.820000000000000000e+02 -4.104572804157679400e+01 3.479635611181639092e+02 3.774541543684979406e+00
2.830000000000000000e+02 -3.906050421284766117e+01 3.498284164694070455e+02 5.157509219703968917e+00
2.840000000000000000e+02 -3.404873637275574794e+01 3.472736231204524415e+02 7.535647062372546223e+00
2.850000000000000000e+02 -3.198917755705473809e+01 3.501231213029418541e+02 1.045008091569989439e+01
2.860000000000000000e+02 -3.018909567101653124e+01 3.398077333670312896e+02 1.057431338627423756e+01
2.870000000000000000e+02 -3.411073726241080806e+01 3.389344605715447756e+02 1.543177298889735205e+01
2.880000000000000000e+02 -3.364711154685514316e+01 3.406736965583068582e+02 1.682200711194115073e+01
2.890000000000000000e+02 -3.190855638950798578e+01 3.389606599341153128e+02 1.746457074703346635e+01
2.900000000000000000e+02 -3.015113590772924468e+01 3.291125715533210041e+02 1.349976728220749145e+01
2.910000000000000000e+02 -2.724009902815054929e+01 3.158666107804837111e+02 9.968619233466311513e+00
2.920000000000000000e+02 -2.571744856283687142e+01 3.277302902813737546e+02 1.092415793539976931e+01
2.930000000000000000e+02 -2.209081031234908465e+01 3.328142512908106596e+02 1.376867621758383464e+01
2.940000000000000000e+02 -1.839521377825970561e+01 3.350600308725152559e+02 1.782272019711327005e+01
2.950000000000000000e+02 -1.741885241843061394e+01 3.358765029150423516e+02 1.817683815639195899e+01
2.960000000000000000e+02 -1.697541733559773647e+01 3.393708999022382500e+02 1.445568717081590115e+01
2.970000000000000000e+02 -1.452011518797444722e+01 3.544300122169683505e+02 1.291675768694001469e+01
2.980000000000000000e+02 -1.115137147204868562e+01 3.777567875969535294e+02 9.166413492010217823e+00
2.990000000000000000e+02 -1.478334391727249830e+01 3.694146077313437218e+02 8.120127221328594658e+00
3.000000000000000000e+02 -1.482108827170127086e+01 3.459875969454310507e+02 6.570503966030506682e+00
3.010000000000000000e+02 -1.176045493748609871e+01 3.523167117208895434e+02 6.383820297354205309e+00
3.020000000000000000e+02 -9.723236406748174687e+00 3.645383153256979085e+02 6.078506751188969659e+00
3.030000000000000000e+02 -7.776474492185528220e+00 3.685812632994609999e+02 4.557300898026515945e+00
3.040000000000000000e+02 -1.984700045457071349e+00 3.702962102853939541e+02 3.488271712446339823e+00
3.050000000000000000e+02 9.613706653317667161e+00 3.440734369690852645e+02 3.234709714619193655e+00
3.060000000000000000e+02 1.349457217642837392e+01 2.998765019481925833e+02 2.973859547323418617e+00
3.070000000000000000e+02 3.873411746990840676e+00 3.494866133144869877e+02 2.865072654581418909e+00
3.080000000000000000e+02 -1.223712298213823324e+01 4.542722986258082187e+02 2.437992853184546060e+00
3.090000000000000000e+02 -4.107682892562299903e-01 3.713561351097959005e+02 2.716471135479240129e+00
3.100000000000000000e+02 6.410000695299535423e+00 3.643075293471399618e+02 3.088798076139751547e+00
3.110000000000000000e+02 1.354205622419874189e+01 3.417543930772215504e+02 3.595635607542921441e+00
3.120000000000000000e+02 1.750041874878846215e+01 3.543492939762882088e+02 4.413919971401352171e+00
3.130000000000000000e+02 1.952852135586608640e+01 5.063324624250976171e+02 5.091099168147205312e+00
3.140000000000000000e+02 1.851063194094201947e+01 5.981301137797756837e+02 5.703717775155638492e+00
3.150000000000000000e+02 1.960038226004463624e+01 5.981213313114726589e+02 5.863975243450953556e+00
3.160000000000000000e+02 2.806181125797174047e+01 5.539878510606273494e+02 5.722887337635969018e+00
3.170000000000000000e+02 3.532742845515733165e+01 5.304158979598407768e+02 6.301312817300522617e+00
3.180000000000000000e+02 4.289391380512562080e+01 5.371766537030752033e+02 7.189524421446184199e+00
3.190000000000000000e+02 4.676508067564703452e+01 5.240920154323288216e+02 7.251845120506049014e+00
3.200000000000000000e+02 4.750940554293741513e+01 5.207666817650489293e+02 7.463363480007838113e+00
3.210000000000000000e+02 4.759344381260946477e+01 5.105424526776416201e+02 7.424320069758478802e+00
3.220000000000000000e+02 4.658990366958548179e+01 4.987206050967643591e+02 7.051663456094495075e+00
3.230000000000000000e+02 4.344855445080563783e+01 4.785261094578085022e+02 6.797705010992083352e+00
3.240000000000000000e+02 4.196495731259953743e+01 4.006888483791361750e+02 7.099934182607134048e+00
3.250000000000000000e+02 4.376535838524954869e+01 3.737962134737467750e+02 6.384792047465538189e+00
3.260000000000000000e+02 4.867000696465842680e+01 3.776485615878976319e+02 5.083473770212496134e+00
3.270000000000000000e+02 4.759457426516924272e+01 3.663914735604059274e+02 4.022429292321123562e+00
3.280000000000000000e+02 4.389286391971185708e+01 4.121254601987516821e+02 3.060322020647609609e+00
3.290000000000000000e+02 3.985767983729680708e+01 5.981260372803208156e+02 2.972259151288558332e+00
3.300000000000000000e+02 -1.030174431782776026e+02 5.981443192588487818e+02 2.949538863874260120e+00
3.310000000000000000e+02 -1.027048300351601142e+02 5.981179542280618762e+02 2.844547116057495995e+00
3.320000000000000000e+02 3.810646007170688421e+01 5.981250819260860681e+02 3.472685441343267954e+00
3.330000000000000000e+02 3.572190371954906141e+01 5.981241167999951358e+02 4.222425338001628781e+00
3.340000000000000000e+02 3.627024677468423164e+01 5.981257081673387574e+02 4.728038165209138555e+00
3.350000000000000000e+02 4.108655143723825631e+01 5.981169499747556983e+02 4.797973873631301345e+00
3.360000000000000000e+02 4.808493833812639906e+01 5.735290902239240722e+02 4.426000401522137473e+00
3.370000000000000000e+02 5.225349558227230773e+01 4.323649716609523921e+02 4.063356139344667106e+00
3.380000000000000000e+02 5.270777500015551453e+01 3.364699211101140008e+02 4.171272618752953854e+00
3.390000000000000000e+02 5.111281950196575252e+01 3.243903938097164428e+02 4.334021662208172643e+00
3.400000000000000000e+02 5.060398465885823072e+01 3.805276781614096535e+02 4.080652041682423459e+00
3.410000000000000000e+02 5.477498513738017749e+01 5.127591237705405547e+02 3.725376314533009658e+00
3.420000000000000000e+02 6.237080943009650014e+01 5.145692178236315613e+02 3.565117832169153012e+00
3.430000000000000000e+02 6.746431489853537755e+01 4.437860009519205278e+02 3.604881114975797995e+00
3.440000000000000000e+02 6.836962234156521845e+01 3.679104769340381154e+02 3.745735056653749506e+00
3.450000000000000000e+02 6.625701970644499283e+01 3.493730995901298684e+02 3.689233022055463440e+00
3.460000000000000000e+02 6.383126011441590464e+01 3.606249076497969668e+02 3.390118809298362734e+00
3.470000000000000000e+02 6.065538800957455834e+01 4.348275499472544539e+02 2.962254147622070732e+00
3.480000000000000000e+02 6.451806654720017775e+01 5.133094950578611133e+02 2.962335915897314820e+00
3.490000000000000000e+02 7.403465346840184225e+01 5.367916474551692545e+02 2.955100468438900396e+00
3.500000000000000000e+02 8.036721818285072061e+01 4.879120945123772799e+02 2.832572395077952887e+00
3.510000000000000000e+02 8.663371556414040242e+01 3.574205836562441618e+02 3.002783661792330250e+00
3.520000000000000000e+02 9.136753448500525110e+01 3.339391521248963954e+02 3.066494985056247735e+00
3.530000000000000000e+02 9.223062095410881511e+01 3.772813897648373427e+02 2.830251749220461299e+00
3.540000000000000000e+02 9.225052593319706773e+01 5.981255443925316513e+02 2.672583865121100022e+00
3.550000000000000000e+02 -1.046321826578005698e+02 5.981159463850077600e+02 2.816305024687274283e+00
3.560000000000000000e+02 -1.071225664529734161e+02 4.638750224875920480e+02 2.821726607963102929e+00
3.570000000000000000e+02 -1.066227086105592292e+02 3.724209882919404322e+02 2.651349295306245857e+00
3.580000000000000000e+02 -1.065907762285248737e+02 3.316563963954602059e+02 2.470418146245012547e+00
3.590000000000000000e+02 -1.165260973588620885e+02 3.648502197656371777e+02 2.314151431522315505e+00
3.600000000000000000e+02 -1.060532692532257784e+02 4.103922683054739764e+02 2.558315940767338592e+00
3.610000000000000000e+02 -9.822525854984021976e+01 4.155868429237616510e+02 2.658019924696989111e+00
3.620000000000000000e+02 -1.022236864679560142e+02 5.094616074249819917e+02 2.559333564001814221e+00
3.630000000000000000e+02 -1.188170895309208106e+02 5.981320191715989267e+02 2.304971680923475041e+00
3.640000000000000000e+02 -1.063702057725474930e+02 5.981289948378785084e+02 2.605641558213134701e+00
3.650000000000000000e+02 -9.612899179278019801e+01 5.684416638373911610e+02 3.092442386071773797e+00
3.660000000000000000e+02 -9.286223729365063662e+01 4.233208119791384547e+02 3.249747245240202531e+00
3.670000000000000000e+02 -1.032765952408274615e+02 3.994906719062110483e+02 3.283655599754666810e+00
3.680000000000000000e+02 -1.085723444015687278e+02 4.160553686291175950e+02 3.401607407775399938e+00
3.690000000000000000e+02 -1.072929720996955325e+02 4.802190261752459151e+02 3.418634220795724765e+00
3.700000000000000000e+02 -1.005388907943435726e+02 4.724640667772181359e+02 3.309404813101832321e+00
3.710000000000000000e+02 -9.972322978184662645e+01 4.203135208409598818e+02 2.850436470672328415e+00
3.720000000000000000e+02 -1.001189266044500243e+02 3.865635151687078519e+02 2.637037756051884507e+00
3.730000000000000000e+02 -1.068348220010717142e+02 3.688899286641643016e+02 2.837406640478024045e+00
3.740000000000000000e+02 -9.899913750010377100e+01 3.661611885045574013e+02 3.044066855023666918e+00
3.750000000000000000e+02 -9.990909130146380335e+01 3.755534342595053090e+02 3.074258073496821453e+00
3.760000000000000000e+02 -1.034548391328009416e+02 4.009906937853497766e+02 2.778596298814456578e+00
3.770000000000000000e+02 -1.063750383802996282e+02 4.623118366098300953e+02 2.686836698514289967e+00
3.780000000000000000e+02 -1.292967482829844812e+02 5.981125003598012881e+02 2.763522189426098397e+00
3.790000000000000000e+02 -1.457938300180804561e+02 5.718957390672225074e+02 3.053615817440701985e+00
3.800000000000000000e+02 -1.426420360351628176e+02 4.647280105204400797e+02 3.028417788216393625e+00
3.810000000000000000e+02 -1.430077977626141887e+02 5.982320019276590983e+02 3.087840328117962940e+00
3.820000000000000000e+02 -1.323783577423847362e+02 5.981588186590439591e+02 3.015928672935674459e+00
3.830000000000000000e+02 -1.180244609689701036e+02 3.897195675194409432e+02 2.827960739295415582e+00
3.840000000000000000e+02 -1.123315430991181785e+02 3.779647807381341522e+02 2.656569029843045104e+00
3.850000000000000000e+02 1.075910639164494711e+02 5.981268299115920399e+02 2.557727564750291727e+00
3.860000000000000000e+02 9.801445419094845590e+01 5.981249210508830174e+02 3.115894579340427128e+00
3.870000000000000000e+02 1.041859100192819909e+02 5.981238449577396068e+02 2.871835355475880647e+00
3.880000000000000000e+02 1.239153143168860680e+02 5.981247351739917804e+02 2.408306640010672517e+00
3.890000000000000000e+02 -1.288113091029621842e+02 5.248506431041822680e+02 2.210149344261366000e+00
3.900000000000000000e+02 -1.038807754308200799e+02 4.423440757388399334e+02 2.286335961012583518e+00
3.910000000000000000e+02 -8.811263753291140688e+01 3.453196837783740989e+02 2.486810735477775314e+00
3.920000000000000000e+02 -8.012070483568545853e+01 3.170943492034793962e+02 2.492685237818697885e+00
3.930000000000000000e+02 -8.003012857093177956e+01 3.329944554641181185e+02 2.205433354062598106e+00
3.940000000000000000e+02 -1.173776761065805090e+02 5.980708406261393293e+02 2.116171799675961473e+00
3.950000000000000000e+02 -1.450839807912360300e+02 5.981164936660944704e+02 2.430787976028631725e+00
3.960000000000000000e+02 -1.434647484455078370e+02 5.981155647446685180e+02 2.649568316194146789e+00
3.970000000000000000e+02 -1.307494978706141353e+02 5.030101462860509969e+02 2.758768951354649612e+00
3.980000000000000000e+02 -1.225308546228093434e+02 4.805023287640798912e+02 2.752382330532969323e+00
3.990000000000000000e+02 -1.159490528669735312e+02 5.669333766634410949e+02 2.525724199616846022e+00
4.000000000000000000e+02 -1.112234856493088273e+02 5.980846258025096631e+02 2.290053269433571348e+00
4.010000000000000000e+02 -1.122530783778845063e+02 5.850689876767125952e+02 2.228278593417205133e+00
4.020000000000000000e+02 -1.056521760721913381e+02 4.564018294917756293e+02 2.235955484916359204e+00
4.030000000000000000e+02 -1.032619191501838714e+02 4.261062455251823167e+02 2.394085908606156998e+00
4.040000000000000000e+02 -1.055673642664842333e+02 4.134387683204976156e+02 2.743731841093038248e+00
4.050000000000000000e+02 -1.145818869796728308e+02 3.434801871538435307e+02 3.407086046950238867e+00
4.060000000000000000e+02 -1.168767923906297597e+02 3.138297116067116121e+02 3.618271484248303249e+00
4.070000000000000000e+02 -1.169006679380427016e+02 3.337425266415829697e+02 3.413602370524693619e+00
4.080000000000000000e+02 -1.157979534983926726e+02 3.769448792376945789e+02 2.907655939615368723e+00
4.090000000000000000e+02 -1.149312982732429873e+02 3.928245042300187606e+02 2.268154871773442771e+00
4.100000000000000000e+02 -1.232460754375622116e+02 5.351099337059062009e+02 2.132789661272216808e+00
4.110000000000000000e+02 -1.218385367484233797e+02 4.800313580908750168e+02 2.407083461579556438e+00
4.120000000000000000e+02 -1.227812261317871219e+02 5.991998158830465400e+02 2.328901762821632637e+00
4.130000000000000000e+02 1.159078930323825176e+02 5.981236028035618801e+02 2.379750727861149162e+00
4.140000000000000000e+02 -1.007119135347687262e+02 4.626461841060159372e+02 2.495229011831145094e+00
4.150000000000000000e+02 -1.037060888783835111e+02 3.909441321035953933e+02 2.342868590821524322e+00
4.160000000000000000e+02 9.341996011263958621e+01 5.456510675436019255e+02 2.567405753691190284e+00
4.170000000000000000e+02 7.656850753982614322e+01 4.637792754843037528e+02 3.099067755346523345e+00
4.180000000000000000e+02 6.926826206210338910e+01 3.922553845676374067e+02 4.072481935129250274e+00
4.190000000000000000e+02 7.136648545918025377e+01 4.045322359485255674e+02 5.848584095821309781e+00
4.200000000000000000e+02 6.988751950700036275e+01 3.730833458418295550e+02 1.017236751033043340e+01
4.210000000000000000e+02 7.295619132470270074e+01 3.773157049678052886e+02 2.623415865288341564e+01
4.220000000000000000e+02 7.326584848092765867e+01 3.830573209926961908e+02 5.716206461011079654e+01
4.230000000000000000e+02 7.330363226855531877e+01 3.799471476307628564e+02 8.776648682468467655e+01
4.240000000000000000e+02 7.337441293079089633e+01 3.781953473808004560e+02 7.549958367256756731e+01
4.250000000000000000e+02 7.401413289858535904e+01 3.757826373182383008e+02 4.960222192147719511e+01
4.260000000000000000e+02 7.330614469728665483e+01 3.786461389158029078e+02 5.065226665404078688e+01
4.270000000000000000e+02 7.444651111510459884e+01 3.857618655999267503e+02 4.999612364698614186e+01
4.280000000000000000e+02 7.354837283076014387e+01 3.856476855458095088e+02 6.597286963725638032e+01
4.290000000000000000e+02 7.124549751152014210e+01 3.883857324559593280e+02 6.457442626067127378e+01
4.300000000000000000e+02 7.096014512913667716e+01 3.882617453569371264e+02 7.178997454669632816e+01
4.310000000000000000e+02 7.179251988459127176e+01 3.838476844243058963e+02 5.517764232427811066e+01
4.320000000000000000e+02 7.337694405300827327e+01 3.796623776586126269e+02 4.236658758430553462e+01
4.330000000000000000e+02 7.537252027102752550e+01 3.800205523771808771e+02 3.671543296433308257e+01
4.340000000000000000e+02 7.365522225061742745e+01 3.739399153031093874e+02 4.074620977759629881e+01
4.350000000000000000e+02 7.521579895212910571e+01 3.840406433103614745e+02 3.327708889700000583e+01
4.360000000000000000e+02 7.584640548151115524e+01 3.842480538184933039e+02 3.803815844103809241e+01
4.370000000000000000e+02 7.589125613212355859e+01 3.848405390898944347e+02 4.730733652913063025e+01
4.380000000000000000e+02 7.469858514636320024e+01 3.820120911469904286e+02 3.334318230281075301e+01
4.390000000000000000e+02 7.483107254633129912e+01 3.864095963655444166e+02 4.272804731656584920e+01
4.400000000000000000e+02 7.302653250235353255e+01 3.894765466599571937e+02 5.067332549788884677e+01
4.410000000000000000e+02 7.340028464287536281e+01 3.845477238164726828e+02 4.640766807310792785e+01
4.420000000000000000e+02 7.345812166802640775e+01 3.735950683513580657e+02 4.568407123559812533e+01
4.430000000000000000e+02 7.387151140097320479e+01 3.738829707801850759e+02 5.268503342439684900e+01
4.440000000000000000e+02 7.398716184392094419e+01 3.747821597836762066e+02 5.362239123061427648e+01
4.450000000000000000e+02 7.383601920859101142e+01 3.803560572230124421e+02 4.325294849540541264e+01
4.460000000000000000e+02 7.377077029286816412e+01 3.827831238526916309e+02 4.312122316094748697e+01
4.470000000000000000e+02 7.466770598604381348e+01 3.828659206580336445e+02 3.464902567122001642e+01
4.480000000000000000e+02 7.486729258375058293e+01 3.890484087488749765e+02 2.854021748334335840e+01
4.490000000000000000e+02 7.402804929780110399e+01 3.927305750745043724e+02 3.767324556249025846e+01
4.500000000000000000e+02 7.353108150123249231e+01 3.904506272570145029e+02 3.062227301698475301e+01
4.510000000000000000e+02 7.151114251058626792e+01 3.925291817407909321e+02 2.695325055597981745e+01
4.520000000000000000e+02 7.203003190782504817e+01 3.940641531281855237e+02 3.146272512976213775e+01
4.530000000000000000e+02 7.375586164727350535e+01 3.890291607443303405e+02 2.637414103140148569e+01
4.540000000000000000e+02 7.284916827084087743e+01 3.856011177231789020e+02 2.730571033012587634e+01
4.550000000000000000e+02 7.294355983601805349e+01 3.913593925815359285e+02 2.179584830698818010e+01
4.560000000000000000e+02 7.278284737368788626e+01 3.937087537176013257e+02 2.150704323079882130e+01
4.570000000000000000e+02 7.180012801235287156e+01 3.890726621608629330e+02 1.812748972088532184e+01
4.580000000000000000e+02 7.283343904393994706e+01 3.863093026856053029e+02 1.983434518904775956e+01
4.590000000000000000e+02 7.255859876773132555e+01 3.889973386486418008e+02 1.603479344367865878e+01
4.600000000000000000e+02 7.228202220862206673e+01 4.089239809766408484e+02 1.254005573438283072e+01
4.610000000000000000e+02 7.519685683750689975e+01 4.035481550726627802e+02 1.699916659665742813e+01
4.620000000000000000e+02 7.348837621896085182e+01 4.107138276497845482e+02 1.703242261995540474e+01
4.630000000000000000e+02 7.290809175795027386e+01 4.066895734825818636e+02 1.640698603983896930e+01
4.640000000000000000e+02 7.229673495586123977e+01 3.967254841115533281e+02 1.823804272980253671e+01
4.650000000000000000e+02 7.267611075323647185e+01 4.011821779836033102e+02 2.027384760446848944e+01
4.660000000000000000e+02 7.403478403833885579e+01 3.983088719188986602e+02 1.972265995807091343e+01
4.670000000000000000e+02 7.579420259646288116e+01 4.119238513615600823e+02 1.763654543401886343e+01
4.680000000000000000e+02 7.598809972478689190e+01 4.188124924405157117e+02 1.247682834776680671e+01
4.690000000000000000e+02 7.445653673691478502e+01 4.169670401097513377e+02 8.537322240590350830e+00
4.700000000000000000e+02 7.277430792795243519e+01 4.206900043028279015e+02 7.821292097764617424e+00
4.710000000000000000e+02 7.322557886542911376e+01 4.113313089940201053e+02 6.442286831461442098e+00
4.720000000000000000e+02 7.173187176170092982e+01 4.084756792208226557e+02 6.545426298918865626e+00
4.730000000000000000e+02 6.839416367652877682e+01 3.649259650661717274e+02 6.543118383298452301e+00
4.740000000000000000e+02 6.751410560113225756e+01 3.652537066353477826e+02 6.487922599211636054e+00
4.750000000000000000e+02 6.679438545793749427e+01 4.104981119397633051e+02 6.648464459292836359e+00
4.760000000000000000e+02 6.833687753663799924e+01 4.819119897122066050e+02 5.456002742146412565e+00
4.770000000000000000e+02 7.947994023652674400e+01 5.036656862022713312e+02 4.409070813776492237e+00
4.780000000000000000e+02 8.234184073359557487e+01 5.413664684924190169e+02 3.773641292940650871e+00
4.790000000000000000e+02 7.544883974375306934e+01 5.981350769380768497e+02 3.204034164047214084e+00
4.800000000000000000e+02 6.564349644651714755e+01 5.981322166598592958e+02 2.951113890799347939e+00
4.810000000000000000e+02 6.227175130038944673e+01 5.639011168428694418e+02 3.252064020824073420e+00
4.820000000000000000e+02 7.419990499976536569e+01 5.959930776531355150e+02 2.934366115359459570e+00
4.830000000000000000e+02 9.290112449963275765e+01 5.255259571543166430e+02 2.613138467546189947e+00
4.840000000000000000e+02 -1.147901387685064805e+02 4.534909362240871360e+02 2.727805756339863663e+00
4.850000000000000000e+02 -1.142030237925441867e+02 4.310667857866036456e+02 2.927208543390138917e+00
4.860000000000000000e+02 -1.158073844971912365e+02 4.252966795134325935e+02 3.293027885381152320e+00
4.870000000000000000e+02 -1.186989999802188862e+02 3.894910489019334818e+02 3.290333207362825529e+00
4.880000000000000000e+02 -1.208414617837016038e+02 3.454749551332023998e+02 3.169344801111681598e+00
4.890000000000000000e+02 -1.202501590911524261e+02 3.169825005398484450e+02 3.240487358037726917e+00
4.900000000000000000e+02 -1.175871059243390988e+02 3.167950498222631381e+02 3.108665067613916921e+00
4.910000000000000000e+02 -1.174366240047214376e+02 2.994084486084357195e+02 3.118229945832386996e+00
4.920000000000000000e+02 -1.169082511933407744e+02 2.988420418713322420e+02 3.228632968098165357e+00
4.930000000000000000e+02 -1.157058920821237820e+02 3.513825635464577317e+02 3.783402547964421547e+00
4.940000000000000000e+02 -1.168559836522511972e+02 3.615963962073889206e+02 3.902951760059349962e+00
4.950000000000000000e+02 -1.122516234625184950e+02 3.682314272232578674e+02 3.633893891020326450e+00
4.960000000000000000e+02 -1.058322593282418183e+02 3.806303774732480178e+02 3.334159813063658273e+00
4.970000000000000000e+02 -1.058116864801637433e+02 3.858189432331305966e+02 2.788975882186830013e+00
4.980000000000000000e+02 -1.106147593368978050e+02 3.698887190899877737e+02 2.240254390056572120e+00
4.990000000000000000e+02 -1.124487784022735468e+02 3.213307515042687328e+02 2.098700516479278910e+00
5.000000000000000000e+02 -1.225048450544730940e+02 3.548714359952950304e+02 2.227659486970262392e+00
5.010000000000000000e+02 -1.275293245382491705e+02 4.172557466884263135e+02 2.453688776908579339e+00
5.020000000000000000e+02 -1.196762369481451174e+02 4.093333384368032739e+02 2.495774716412386685e+00
5.030000000000000000e+02 -1.078371060456456973e+02 3.874459328678919974e+02 2.402766953048860454e+00
5.040000000000000000e+02 -1.020470545079105023e+02 3.703737740126085782e+02 2.381788234579701680e+00
5.050000000000000000e+02 -1.024237819350113057e+02 3.616773971746239908e+02 2.719264505089390216e+00
5.060000000000000000e+02 -1.009302541630948724e+02 3.404624186262729495e+02 2.958413295753286043e+00
5.070000000000000000e+02 -1.024756201382641621e+02 3.461857216354463276e+02 2.766390016762378945e+00
5.080000000000000000e+02 -1.036330922986554981e+02 3.734327915767693753e+02 2.522155503092301743e+00
5.090000000000000000e+02 -1.030243285294568807e+02 3.431967925112491002e+02 2.477770290477335990e+00
5.100000000000000000e+02 -1.038326702405655482e+02 2.993586400544801904e+02 2.419705912013930149e+00
5.110000000000000000e+02 -1.040714695334346374e+02 3.044445268377360208e+02 2.497575850124203800e+00
5.120000000000000000e+02 -9.894787162914219891e+01 3.129812159038190202e+02 2.668420725583430908e+00
5.130000000000000000e+02 -9.984293856499513709e+01 3.204132296268016376e+02 2.877277734049974445e+00
5.140000000000000000e+02 -1.061522913549787432e+02 4.292444022933867700e+02 2.752714442152191410e+00
5.150000000000000000e+02 -1.102045676461263497e+02 3.916893732645058321e+02 2.645298391053860332e+00
5.160000000000000000e+02 -1.131008015226191219e+02 2.993821350155360506e+02 2.596343865908958826e+00
5.170000000000000000e+02 -1.173310815302405103e+02 2.993602740283109256e+02 2.567653840535427001e+00
5.180000000000000000e+02 -1.204621535692361931e+02 3.699653558193082858e+02 2.311375076718169996e+00
5.190000000000000000e+02 1.704819869074565304e+02 5.981303385802517596e+02 2.540696453608135119e+00
5.200000000000000000e+02 -1.142874334651947379e+02 4.993522769513764956e+02 2.470286214794067625e+00
5.210000000000000000e+02 -1.118782369452221559e+02 4.012467265124729465e+02 2.290805144796568271e+00
5.220000000000000000e+02 -1.104844280891406356e+02 4.111509213102953026e+02 2.143008679129658756e+00
5.230000000000000000e+02 -1.071875955689790345e+02 4.687559142280961169e+02 1.974121575695256148e+00
5.240000000000000000e+02 -1.112538664582308741e+02 5.981226818847849245e+02 2.204943206642672404e+00
5.250000000000000000e+02 -1.113042271425141507e+02 5.981380494132553167e+02 2.496759826811086658e+00
5.260000000000000000e+02 -1.072240948083186538e+02 5.981350239065001233e+02 3.002101602283579140e+00
5.270000000000000000e+02 -1.135690434387827565e+02 5.695642049146595127e+02 3.156787785720115203e+00
5.280000000000000000e+02 -1.161712671466189448e+02 4.783299333464268557e+02 2.882583906458099587e+00
5.290000000000000000e+02 -1.177164612832109043e+02 4.332689421109706132e+02 2.254339560252113905e+00
5.300000000000000000e+02 5.494988380278483930e+01 2.992131491969763601e+02 2.223406068312632211e+00
5.310000000000000000e+02 -1.152539689604610658e+02 3.056166511719120535e+02 2.181823514613861370e+00
5.320000000000000000e+02 -1.127372383955892019e+02 2.992725386104910399e+02 2.257702117444043477e+00
5.330000000000000000e+02 -1.104584854531900788e+02 2.993592170272642647e+02 2.201657880503579356e+00
5.340000000000000000e+02 -1.068519037252764576e+02 2.993627630531100294e+02 2.015440112641664783e+00
5.350000000000000000e+02 -1.009319462366734115e+02 2.993550541634904221e+02 1.986232616284059560e+00
5.360000000000000000e+02 -1.030430750185914093e+02 3.242181474972457522e+02 2.555467645135316435e+00
5.370000000000000000e+02 -1.115909930179893053e+02 3.348192429109911927e+02 2.678146677855125724e+00
5.380000000000000000e+02 -1.262312930815744068e+02 3.263700667266367645e+02 2.816497398516672135e+00
5.390000000000000000e+02 -1.344363621629348131e+02 3.101823999703565846e+02 2.913398543422745401e+00
5.400000000000000000e+02 -1.339129100161021313e+02 2.994378101202514131e+02 2.896710950909361593e+00
5.410000000000000000e+02 -1.317443842253902062e+02 3.037930975693769255e+02 3.154084961568232259e+00
5.420000000000000000e+02 -1.322495382735253600e+02 3.115628992324005822e+02 3.568347596097646512e+00
5.430000000000000000e+02 -1.293617109650149644e+02 3.355445507693264062e+02 3.461712191564422891e+00
5.440000000000000000e+02 -1.182237877134594441e+02 3.454083907462286334e+02 2.968348848842778498e+00
5.450000000000000000e+02 -1.068578380431262644e+02 3.110895322213648342e+02 2.658072841300682665e+00
5.460000000000000000e+02 -1.132205805109135781e+02 2.994780720063029094e+02 2.406180543182205422e+00
5.470000000000000000e+02 -1.207649721297239296e+02 3.119777398132711141e+02 2.353677066913501204e+00
5.480000000000000000e+02 -1.253311960243363075e+02 3.520840815294797608e+02 2.447082321276119465e+00
5.490000000000000000e+02 -1.300881799206463540e+02 3.937373790210321545e+02 2.760709786328971127e+00
5.500000000000000000e+02 -1.319668503773544046e+02 3.725936521790321763e+02 3.040741207040825067e+00
5.510000000000000000e+02 -1.262577505670724776e+02 3.513178668028468223e+02 3.123586776778385143e+00
5.520000000000000000e+02 -1.231213547622635929e+02 3.143137365724701908e+02 2.880725292202650500e+00
5.530000000000000000e+02 -1.219116858446851666e+02 3.131255615853554559e+02 2.713569851079308926e+00
5.540000000000000000e+02 -1.177708017421760900e+02 3.681818907427041268e+02 2.561895496615401946e+00
5.550000000000000000e+02 -1.140478908251795787e+02 3.761552810226008319e+02 2.903202512469899688e+00
5.560000000000000000e+02 -1.097863351975652506e+02 3.790967920412276158e+02 3.256645320612892025e+00
5.570000000000000000e+02 -1.017702397806779260e+02 3.573473840503027077e+02 3.359464595193256908e+00
5.580000000000000000e+02 -9.981291273821243237e+01 3.558067842925643731e+02 3.449757978872101560e+00
5.590000000000000000e+02 -1.067585689859175346e+02 3.803922898431063118e+02 3.160743854317561219e+00
5.600000000000000000e+02 -1.052263836793524803e+02 3.558912184934670222e+02 2.897678529622393029e+00
5.610000000000000000e+02 -9.534384972298218486e+01 2.993683113905786399e+02 2.618320242850421309e+00
5.620000000000000000e+02 -9.368195003585688596e+01 2.993693868892705154e+02 2.512581007054748738e+00
5.630000000000000000e+02 -9.224472933987179601e+01 2.993786690022295716e+02 2.398477508629169197e+00
5.640000000000000000e+02 -9.676110247288397659e+01 2.993831789402661343e+02 2.365391492667206830e+00
5.650000000000000000e+02 -1.053095187499838943e+02 2.993712502349595752e+02 2.560089755054095750e+00
5.660000000000000000e+02 -1.077195826095560847e+02 2.993741369885372592e+02 2.630003855056814110e+00
5.670000000000000000e+02 -1.056475965855336767e+02 2.993742254268994998e+02 2.668775159439535916e+00
5.680000000000000000e+02 -1.053710696797505477e+02 2.993726966834494192e+02 2.641826716271742814e+00
5.690000000000000000e+02 -1.126902100017826456e+02 2.993669216723652653e+02 2.762784375580482177e+00
5.700000000000000000e+02 -1.154725957100464626e+02 2.993906463813694359e+02 2.887827803394518611e+00
5.710000000000000000e+02 -1.125109029028476755e+02 2.993709983655065798e+02 2.764430320986049239e+00
5.720000000000000000e+02 -1.126852844283678650e+02 2.993661952239649509e+02 3.143985027875669136e+00
5.730000000000000000e+02 -1.163735644431673393e+02 3.178837554985630049e+02 3.162779173703575974e+00
5.740000000000000000e+02 -1.143395923442368769e+02 3.729678476563602771e+02 3.479713413287252699e+00
5.750000000000000000e+02 -1.108135284090853929e+02 3.823103440158263311e+02 4.066360809886680805e+00
5.760000000000000000e+02 -1.122369050375183122e+02 3.691496619827155428e+02 3.845470289004166986e+00
5.770000000000000000e+02 -1.155843280972713671e+02 3.426485411794009224e+02 4.068121091770251496e+00
5.780000000000000000e+02 -1.136307687869344534e+02 3.486801235818613804e+02 4.308422846830712416e+00
5.790000000000000000e+02 -1.117698401571892788e+02 3.820958390125404662e+02 4.112457347063921631e+00
5.800000000000000000e+02 -1.166940949087829154e+02 4.006883503762978194e+02 3.424037395697537178e+00
5.810000000000000000e+02 -1.266277006828377409e+02 4.243726172141670645e+02 3.065824514854992078e+00
5.820000000000000000e+02 -1.264491584913943143e+02 4.158517786366750215e+02 2.820605324577506234e+00
5.830000000000000000e+02 -1.249464658332485101e+02 3.970371580073374389e+02 2.716319378148205121e+00
5.840000000000000000e+02 -1.151566698555763395e+02 3.631746915260453648e+02 2.561156670184101092e+00
5.850000000000000000e+02 -1.020135750607622214e+02 3.451949940760933373e+02 2.545638202296664598e+00
5.860000000000000000e+02 -9.805022668560121701e+01 3.552245007512876214e+02 2.664005804943062827e+00
5.870000000000000000e+02 -1.032117132226188261e+02 3.165378358682098678e+02 2.680161348847338587e+00
5.880000000000000000e+02 -1.026795285377947806e+02 2.993903491960813881e+02 2.818838068981021294e+00
5.890000000000000000e+02 -9.922788947904028589e+01 2.993556366049671169e+02 2.730955161169672962e+00
5.900000000000000000e+02 -9.719345727614822295e+01 3.019249996761701027e+02 2.579339563588121109e+00
5.910000000000000000e+02 -9.439391828337957691e+01 3.204067832243667340e+02 2.148615703539681121e+00
5.920000000000000000e+02 -8.509542556413728676e+01 4.216676201599469209e+02 1.822559333764422584e+00
5.930000000000000000e+02 -7.827869780854190651e+01 5.159193906224585362e+02 2.085479325986055787e+00
5.940000000000000000e+02 -8.129545426683807818e+01 4.590657867644941916e+02 2.272828822068357457e+00
5.950000000000000000e+02 -9.059159415394958614e+01 4.133509057533144642e+02 2.315705185180440218e+00
5.960000000000000000e+02 -1.009534599964682258e+02 2.994282144694005865e+02 2.631927017967923277e+00
5.970000000000000000e+02 -1.055687466930674958e+02 2.993637711805195067e+02 3.175890469333478183e+00
5.980000000000000000e+02 -1.105911167053855308e+02 2.993862935967480325e+02 3.384170869978182505e+00
5.990000000000000000e+02 -1.155049973911936689e+02 2.993641299926161992e+02 3.170181361599960557e+00
6.000000000000000000e+02 -1.179888573471286151e+02 3.238985487367673954e+02 3.099261161891984084e+00
6.010000000000000000e+02 -1.212857310966507924e+02 3.929036679289696963e+02 2.896543134693282173e+00
6.020000000000000000e+02 -1.263954963274906618e+02 4.941625193455091676e+02 2.645606203434441195e+00
6.030000000000000000e+02 -1.073971267367160891e+02 4.459882050685567947e+02 2.335710252064002290e+00
6.040000000000000000e+02 -1.083333081081981106e+02 2.994192998402265857e+02 2.270361462349089976e+00
6.050000000000000000e+02 -1.169817824391792129e+02 2.993808055237061012e+02 2.447726135809941805e+00
6.060000000000000000e+02 -1.181575551618773687e+02 3.210369813443546150e+02 2.481223999006357150e+00
6.070000000000000000e+02 -1.193737077431820666e+02 4.027894406525774116e+02 2.450062805081871797e+00
6.080000000000000000e+02 -1.169042866061513308e+02 4.343707075502414341e+02 2.365077331274488159e+00
6.090000000000000000e+02 -1.129686319089369988e+02 4.403481784028547850e+02 2.584348929531923744e+00
6.100000000000000000e+02 -1.177397799862118148e+02 4.226593433790462200e+02 2.506890356729428948e+00
6.110000000000000000e+02 -1.192868433372525772e+02 5.753583874173033337e+02 2.303696730439301898e+00
6.120000000000000000e+02 -1.166596906980383039e+02 4.934820372766487253e+02 2.061536991880476677e+00
6.130000000000000000e+02 -1.064478535784331115e+02 3.258471733224085938e+02 1.957930662659480348e+00
6.140000000000000000e+02 -1.039601806243910715e+02 2.993737895074518178e+02 1.990528788961021478e+00
6.150000000000000000e+02 -1.093821812637452950e+02 2.993605773783766608e+02 2.168767658962163836e+00
6.160000000000000000e+02 -1.037151810067977209e+02 2.993397142148477315e+02 2.448674206486199267e+00
6.170000000000000000e+02 -1.047846655595782295e+02 3.039636261357383660e+02 2.482880127534289549e+00
6.180000000000000000e+02 -1.075184478397039669e+02 2.993979966705093716e+02 2.582273124038628076e+00
6.190000000000000000e+02 -1.080971558888291781e+02 3.020016904212200188e+02 2.798698963146248886e+00
6.200000000000000000e+02 -1.090038446774644001e+02 3.012854773691959736e+02 2.964745184003755973e+00
6.210000000000000000e+02 -1.072706116252126378e+02 3.127449812603183545e+02 3.156036663216893690e+00
6.220000000000000000e+02 -1.087874361369436542e+02 3.393493814806747650e+02 3.134704481026101774e+00
6.230000000000000000e+02 -1.107517516421299888e+02 3.662325751587929403e+02 2.993123349554561052e+00
6.240000000000000000e+02 -1.123854028030358450e+02 3.952130620178222102e+02 2.694834839632051171e+00
6.250000000000000000e+02 -1.148068887051745008e+02 3.864901334688753991e+02 2.417950138312590092e+00
6.260000000000000000e+02 -1.176112573640470771e+02 5.336389956903625489e+02 2.459305809332806625e+00
6.270000000000000000e+02 -1.296191256747197542e+02 5.981340320637299328e+02 2.424136055430910819e+00
6.280000000000000000e+02 -9.815811394538161494e+01 5.981143324851873331e+02 2.210470667154142088e+00
6.290000000000000000e+02 -7.127779070378645088e+01 4.650567282411095107e+02 2.206467573883993616e+00
6.300000000000000000e+02 -7.178469349293126811e+01 3.884039531354331984e+02 2.533846663957383338e+00
6.310000000000000000e+02 -7.932697279759790376e+01 3.575715539643715601e+02 2.752444406669622534e+00
6.320000000000000000e+02 -8.994906113041814422e+01 3.249401890838048530e+02 2.628011444887887293e+00
6.330000000000000000e+02 -1.049854046883162084e+02 3.020690683991202263e+02 2.743249997130380091e+00
6.340000000000000000e+02 -1.052583649268221535e+02 3.376081717029840092e+02 2.805474056769555080e+00
6.350000000000000000e+02 -1.059945448227501288e+02 3.522139119429153311e+02 2.863023423683620283e+00
6.360000000000000000e+02 -1.099244770823573987e+02 3.274632121407117324e+02 2.896774505169464220e+00
6.370000000000000000e+02 -1.135025359273891752e+02 2.996455050463391672e+02 2.893975083504078949e+00
6.380000000000000000e+02 -1.149598780903635742e+02 2.993684912127773714e+02 2.887521774199369062e+00
6.390000000000000000e+02 -1.243430097344319023e+02 2.993739359760481307e+02 2.859991844753312140e+00
6.400000000000000000e+02 -1.322044686088959224e+02 2.993756818599341614e+02 2.460750606736044954e+00
6.410000000000000000e+02 -1.378111371746115879e+02 2.993724029628506287e+02 2.201283607113391216e+00
6.420000000000000000e+02 7.214832083961940157e+01 5.133543271581417002e+02 2.248599102388832538e+00
6.430000000000000000e+02 -1.374182302485824039e+02 2.994303557949607466e+02 2.331356575901686323e+00
6.440000000000000000e+02 -1.321304570605781521e+02 2.993538154707594572e+02 2.794493857301935780e+00
6.450000000000000000e+02 -1.293090832514710655e+02 2.994035599322217536e+02 3.069050218780316364e+00
6.460000000000000000e+02 -1.298845762849484800e+02 2.994124582593543664e+02 3.199069310814152800e+00
6.470000000000000000e+02 -1.271943421130397525e+02 3.272147789424745952e+02 3.119184302779570483e+00
6.480000000000000000e+02 -1.272323541628178560e+02 3.441376363857135061e+02 3.077173571240500394e+00
6.490000000000000000e+02 -1.260907105823558538e+02 3.485744414969242371e+02 2.971632582056869420e+00
6.500000000000000000e+02 -1.213078244297460913e+02 3.535414556493625469e+02 2.786976590122392849e+00
6.510000000000000000e+02 -1.116439912156012895e+02 5.981309843474562058e+02 2.939704117542797146e+00
6.520000000000000000e+02 -1.150233249757589675e+02 5.979396003874603593e+02 2.927953610599153489e+00
6.530000000000000000e+02 1.199749337727941310e+02 5.981250627793425565e+02 2.539127795432914336e+00
6.540000000000000000e+02 1.106132682031046244e+02 4.724267085879263277e+02 2.452883624834125253e+00
6.550000000000000000e+02 1.034864842074694025e+02 4.782269252366865544e+02 2.288367099003945970e+00
6.560000000000000000e+02 -1.120629986853729321e+02 4.391781441613558172e+02 2.188707412715269918e+00
6.570000000000000000e+02 -1.126524292564530469e+02 5.981560083852050411e+02 2.153672263722957503e+00
6.580000000000000000e+02 -1.065847289179231296e+02 3.846992438981385476e+02 2.143872321305160700e+00
6.590000000000000000e+02 -1.041946202374340800e+02 2.993822315301512731e+02 2.393957455623197728e+00
6.600000000000000000e+02 -9.976602409119975334e+01 3.244840874155574397e+02 2.437078564801354652e+00
6.610000000000000000e+02 -9.699227135213521933e+01 3.617033589414496078e+02 2.377327356833106808e+00
6.620000000000000000e+02 1.051803682807029929e+02 5.221877829825277786e+02 2.316547713788648544e+00
6.630000000000000000e+02 1.133115454796723043e+02 5.981219290231877039e+02 2.432328531594902810e+00
6.640000000000000000e+02 -1.221278640164410803e+02 5.981264787284815156e+02 2.313799733355188071e+00
6.650000000000000000e+02 -1.160774462545106331e+02 5.325649610336316755e+02 2.379411734924302024e+00
6.660000000000000000e+02 -1.125500730614086109e+02 3.919579465186362768e+02 2.457944680442921914e+00
6.670000000000000000e+02 -9.983332294552958786e+01 3.596247551992847207e+02 2.423817947515879201e+00
6.680000000000000000e+02 -9.089199368934066570e+01 3.332935788442343323e+02 2.613996557408866828e+00
6.690000000000000000e+02 -8.719338797912622852e+01 3.499805663835829250e+02 2.551026787479217184e+00
6.700000000000000000e+02 -9.060562163706300964e+01 4.093376418922848643e+02 2.423090457292045308e+00
6.710000000000000000e+02 -1.047315812393655534e+02 4.887165629161959828e+02 2.586772642219233642e+00
6.720000000000000000e+02 -1.108366391654037102e+02 4.047402048230615037e+02 2.746349086055880573e+00
6.730000000000000000e+02 -1.097503627279273957e+02 3.609244172408899090e+02 2.664470306164573810e+00
6.740000000000000000e+02 -1.106989719664164085e+02 4.280939425328937773e+02 2.522921338063733643e+00
6.750000000000000000e+02 1.276992047066067926e+02 5.981228369091332979e+02 2.295646056083104014e+00
6.760000000000000000e+02 1.197055226278909146e+02 5.981251463586198724e+02 2.550170185255617561e+00
6.770000000000000000e+02 1.064961711512671201e+02 5.981224255565405201e+02 2.718611291242433836e+00
6.780000000000000000e+02 -1.061805681894846458e+02 5.981283774581492025e+02 2.803329048870510487e+00
6.790000000000000000e+02 -1.097905342354265485e+02 5.981205058375626322e+02 3.056174383629087110e+00
6.800000000000000000e+02 -1.065078436332075285e+02 4.644998153956196347e+02 2.836305026160269804e+00
6.810000000000000000e+02 -1.045691393042853718e+02 3.454393367343309933e+02 2.687894641146562957e+00
6.820000000000000000e+02 -9.971513233248853680e+01 4.468174023153661096e+02 2.752382468922477621e+00
6.830000000000000000e+02 -1.033479265034854819e+02 5.981189818282591659e+02 2.710225298140695127e+00
6.840000000000000000e+02 -1.290126288145835360e+02 5.981307567307055706e+02 2.917196644486192980e+00
6.850000000000000000e+02 -1.219029450837906410e+02 5.981223100754018560e+02 3.199148895080075938e+00
6.860000000000000000e+02 -1.131176062403231128e+02 4.858137199063477851e+02 3.099594506182396625e+00
6.870000000000000000e+02 -1.134605868725981423e+02 4.021092366240507658e+02 2.945519977266767064e+00
6.880000000000000000e+02 -1.102287722979796030e+02 3.930862861247859996e+02 2.723042844994665312e+00
6.890000000000000000e+02 -1.120169144406301314e+02 4.925398047413885365e+02 2.601128853467857827e+00
6.900000000000000000e+02 -1.161900208488678885e+02 4.259120868063180296e+02 2.894487553812854941e+00
6.910000000000000000e+02 -1.111475677367814541e+02 4.029270789602763898e+02 2.825117747399697787e+00
6.920000000000000000e+02 -1.103076175646408785e+02 4.561145055398540080e+02 2.838757874779572976e+00
6.930000000000000000e+02 -1.153917664299005708e+02 5.981100066117177221e+02 2.726029648320250409e+00
6.940000000000000000e+02 -1.274089705040156275e+02 5.981160533104016395e+02 2.602729900345793101e+00
6.950000000000000000e+02 -1.379993898756756892e+02 5.981249772165864442e+02 2.571380043008841376e+00
6.960000000000000000e+02 -1.244168874362103878e+02 4.376273991757618091e+02 2.810324233219440249e+00
6.970000000000000000e+02 -1.225366552008127030e+02 4.204508745855914640e+02 2.594496374667674576e+00
6.980000000000000000e+02 -1.186726304095112994e+02 4.013478058963636954e+02 2.544815361421398414e+00
6.990000000000000000e+02 -1.125126148188463731e+02 3.693409368706974760e+02 2.488009619218670032e+00
7.000000000000000000e+02 -1.135050029631939168e+02 3.258310269626791751e+02 2.351518882729868309e+00
7.010000000000000000e+02 -1.149304281625506974e+02 2.989902071479866663e+02 2.355005154203436035e+00
7.020000000000000000e+02 -1.151200877555420305e+02 2.995459798403774698e+02 2.509710613371278765e+00
7.030000000000000000e+02 -1.128974073993698966e+02 3.235807827152848404e+02 2.851099999801905760e+00
7.040000000000000000e+02 -1.146196282149958279e+02 3.232972731332107514e+02 2.844366998446248296e+00
7.050000000000000000e+02 -1.190745082567598416e+02 3.015783128997936160e+02 2.824304094523581554e+00
7.060000000000000000e+02 -1.212693059784574245e+02 2.994063381593731492e+02 2.661363587080091797e+00
7.070000000000000000e+02 -1.198764151710996089e+02 2.993743623008321606e+02 2.379023552329498692e+00
7.080000000000000000e+02 -1.144666573221987704e+02 3.056985557066863635e+02 2.335857394206973581e+00
7.090000000000000000e+02 -1.154958986719017417e+02 3.386966189574121131e+02 2.499792647614278440e+00
7.100000000000000000e+02 -1.186217582334218577e+02 3.955768958908215609e+02 2.539515721604244103e+00
7.110000000000000000e+02 -1.193327048152726491e+02 3.864406034905024967e+02 2.553896276183031055e+00
7.120000000000000000e+02 -1.261147459265352069e+02 4.180975796295834925e+02 2.659539523400502592e+00
7.130000000000000000e+02 -1.336558900127826348e+02 4.221693059173069287e+02 2.718165160758605037e+00
7.140000000000000000e+02 -1.370210175285849914e+02 3.637557847659698496e+02 2.375450091191824598e+00
7.150000000000000000e+02 -1.366489102223700911e+02 3.511827221579667366e+02 2.130243721305874249e+00
7.160000000000000000e+02 -1.245866582284112383e+02 3.763114141002911310e+02 2.223224658169946188e+00
7.170000000000000000e+02 -1.181956891394873423e+02 3.898876151046010250e+02 2.546468299516044809e+00
7.180000000000000000e+02 -1.161348614569923967e+02 3.539782205046275863e+02 2.776730057871783064e+00
7.190000000000000000e+02 -1.173158456626593704e+02 3.708575277969666786e+02 2.588120287392738028e+00
7.200000000000000000e+02 -1.125397036895326153e+02 4.386640354716689103e+02 2.565488217888318712e+00
7.210000000000000000e+02 -1.145032347761302844e+02 4.503354972810228105e+02 2.545897633802840954e+00
7.220000000000000000e+02 -1.216943812877161264e+02 3.739809079299324139e+02 2.467973430809383917e+00
7.230000000000000000e+02 -1.221850624314201497e+02 3.864203195899253274e+02 2.548638967533876531e+00
7.240000000000000000e+02 -1.161637645795227627e+02 3.888499428875057333e+02 2.788309076647764506e+00
7.250000000000000000e+02 -1.131367751294387318e+02 4.091241304450065854e+02 2.830639155155008524e+00
7.260000000000000000e+02 -1.140196647108100763e+02 4.566569358647943773e+02 2.384189857967906168e+00
7.270000000000000000e+02 -1.121689013244315305e+02 3.778425455427247357e+02 2.300548911273640584e+00
7.280000000000000000e+02 -1.158883146508671445e+02 2.993754353823165388e+02 2.399081899796001949e+00
7.290000000000000000e+02 -1.170888568684724476e+02 2.993746923199739172e+02 2.480980111645871400e+00
7.300000000000000000e+02 -1.168363301399620582e+02 2.993727523783911693e+02 2.457123065249342986e+00
7.310000000000000000e+02 -1.178783788230747263e+02 2.993762828165739620e+02 3.086362203415801364e+00
7.320000000000000000e+02 -1.200829419596413032e+02 3.106983539623584534e+02 3.696478011760362836e+00
7.330000000000000000e+02 -1.167859106097697008e+02 3.521883194538065709e+02 4.250825392504206768e+00
7.340000000000000000e+02 -1.124258777953309334e+02 3.838727811780933052e+02 4.249694546342371204e+00
7.350000000000000000e+02 -1.024609759430164786e+02 4.400198492977890510e+02 3.551776785805286885e+00
7.360000000000000000e+02 -9.337428590807779472e+01 4.595097883632306548e+02 2.892514696836163246e+00
7.370000000000000000e+02 -8.583619810336929845e+01 3.453924108072386048e+02 2.652047270328104389e+00
7.380000000000000000e+02 -8.156896015009797907e+01 2.993656468084365088e+02 2.568992778408353495e+00
7.390000000000000000e+02 -8.129764069015681116e+01 2.993544576767128547e+02 2.457063860850285053e+00
7.400000000000000000e+02 -8.753424447586311885e+01 3.316278478128930942e+02 2.301523591105124389e+00
7.410000000000000000e+02 -1.033012133591261374e+02 3.673908209227616908e+02 2.455537496254744045e+00
7.420000000000000000e+02 -1.143540927480324996e+02 3.506329857135260681e+02 2.667484566892058151e+00
7.430000000000000000e+02 -1.203239991639084678e+02 3.431729399875677018e+02 2.717425427925677095e+00
7.440000000000000000e+02 -1.234510248785736906e+02 3.516702169248015366e+02 2.700346851882283961e+00
7.450000000000000000e+02 -1.192793151569769066e+02 3.748629119301116361e+02 2.721274058219356196e+00
7.460000000000000000e+02 -1.213615117823698029e+02 3.908229304492242022e+02 2.888613997979238235e+00
7.470000000000000000e+02 -1.283380073542118964e+02 3.313245768076807281e+02 2.952802302440404869e+00
7.480000000000000000e+02 -1.285467588603598017e+02 2.993639692995902806e+02 3.074731725424070916e+00
7.490000000000000000e+02 -1.245086704852148074e+02 2.993671206526783521e+02 3.187328791902644731e+00
7.500000000000000000e+02 -1.209716557072024727e+02 2.993704766969720481e+02 3.233620170330544497e+00
7.510000000000000000e+02 -1.181314934840056452e+02 2.993748715596719876e+02 3.105549989822312895e+00
7.520000000000000000e+02 -1.200080671240555574e+02 2.993749967862157746e+02 2.866573676049590347e+00
7.530000000000000000e+02 -1.174478832396885082e+02 2.994920219999309552e+02 2.434885289562009891e+00
7.540000000000000000e+02 -1.147112106681218791e+02 3.329201038831206461e+02 2.348988113999467497e+00
7.550000000000000000e+02 -1.117705862198103404e+02 3.171423575767594798e+02 2.592945379778237136e+00
7.560000000000000000e+02 -1.105344163450002668e+02 2.992991260263435720e+02 2.740099938989716044e+00
7.570000000000000000e+02 -1.102968174903470810e+02 2.993597113402549326e+02 2.597658944022247507e+00
7.580000000000000000e+02 -1.119704923286620044e+02 3.176585881077160138e+02 2.551714466063440767e+00
7.590000000000000000e+02 -1.130657439264591062e+02 3.658156201032816739e+02 2.584143822091747200e+00
7.600000000000000000e+02 -1.133862298229347942e+02 3.763329360537727553e+02 2.572689704056227100e+00
7.610000000000000000e+02 -1.051534737789260561e+02 4.548231603427725531e+02 2.539617827543189321e+00
7.620000000000000000e+02 -8.011852160996924965e+01 5.095977305578324490e+02 2.384537431238876515e+00
7.630000000000000000e+02 -6.473883188560996871e+01 4.816056993285159820e+02 2.353568715349697804e+00
7.640000000000000000e+02 -5.901884132560208940e+01 5.051996561027582402e+02 2.612243453153725525e+00
7.650000000000000000e+02 -6.842191858745208322e+01 5.689775497111123741e+02 2.802575263102291991e+00
7.660000000000000000e+02 -8.216897818562681266e+01 5.981197568851657707e+02 3.137656366541961006e+00
7.670000000000000000e+02 -9.838818746915498537e+01 5.981095794893625452e+02 2.934269458582560386e+00
7.680000000000000000e+02 -1.088551898025042561e+02 5.980404978028484493e+02 2.611012107076640110e+00
7.690000000000000000e+02 -1.131833517097118147e+02 4.333052285635308181e+02 2.434633229801402177e+00
7.700000000000000000e+02 -1.031221694180781441e+02 3.799096453447236286e+02 2.683977187830669742e+00
7.710000000000000000e+02 -9.960219868478938565e+01 3.786793927760984388e+02 3.179523978581541677e+00
7.720000000000000000e+02 -1.054294601865929621e+02 3.670527739234638602e+02 3.178099806548904116e+00
7.730000000000000000e+02 -1.092909249777888760e+02 3.415035010243045122e+02 3.091479170088837769e+00
7.740000000000000000e+02 -1.083514351078665499e+02 2.993711930680315163e+02 2.979509726577072470e+00
7.750000000000000000e+02 -1.053884843618923952e+02 2.993740627151481704e+02 2.958091290881278201e+00
7.760000000000000000e+02 -1.056268747246899835e+02 2.993737159159799148e+02 3.003943234602062251e+00
7.770000000000000000e+02 -1.028202416671663855e+02 3.028349614488201382e+02 2.802828705275914434e+00
7.780000000000000000e+02 -9.762961912714196444e+01 3.241947699095831013e+02 2.665011942554131430e+00
7.790000000000000000e+02 -9.506380984691546132e+01 3.355094185783040075e+02 2.760003027618171068e+00
7.800000000000000000e+02 -9.367843648827695802e+01 3.421957988016166610e+02 3.049129861005920095e+00
7.810000000000000000e+02 -9.281584273861714962e+01 3.610353592980990811e+02 3.292888193015051090e+00
7.820000000000000000e+02 -1.012103458368612934e+02 3.676062076945702870e+02 3.798494633470848481e+00
7.830000000000000000e+02 -1.087472360866376562e+02 3.851422220351770420e+02 4.016709384584403963e+00
7.840000000000000000e+02 -1.086771458176243925e+02 3.956305068416626796e+02 3.438924529621985915e+00
7.850000000000000000e+02 -9.916781773585347537e+01 3.716125040035523739e+02 2.947789368113820085e+00
7.860000000000000000e+02 -9.304668411812086504e+01 3.560592681802328343e+02 3.118092743759870444e+00
7.870000000000000000e+02 -8.834736627986016799e+01 3.260817567540258324e+02 3.464904953922700592e+00
7.880000000000000000e+02 -8.919589179413883073e+01 3.259236236916485154e+02 3.289378468818779933e+00
7.890000000000000000e+02 -9.202382244364962105e+01 3.261765360344314786e+02 2.839262703197108273e+00
7.900000000000000000e+02 -1.004599642811182321e+02 3.474868109347274299e+02 3.068705441413688284e+00
7.910000000000000000e+02 -1.098588513435219625e+02 3.614221078711948394e+02 3.059992814775545522e+00
7.920000000000000000e+02 -1.196966837465309226e+02 4.398586092087445536e+02 2.999535619614933868e+00
7.930000000000000000e+02 -1.187526217563406732e+02 4.468896727496557446e+02 3.023343699967770970e+00
7.940000000000000000e+02 -1.120591937022775397e+02 4.506580038669479791e+02 3.017497237309924252e+00
7.950000000000000000e+02 -1.012071259964019703e+02 4.230683519951660969e+02 2.852844104056985852e+00
7.960000000000000000e+02 -1.016049026318310098e+02 3.329648224268213994e+02 2.630634522671736697e+00
7.970000000000000000e+02 -1.092027832893454331e+02 3.128021628810116681e+02 2.801102369835945183e+00
7.980000000000000000e+02 -1.134454085063489828e+02 3.200924393293620369e+02 2.758581869230480876e+00
7.990000000000000000e+02 -1.121480028563916704e+02 3.687111671256335512e+02 2.790077334188696856e+00
8.000000000000000000e+02 -1.117686335465806025e+02 4.371757583755829728e+02 3.026786010338927468e+00
8.010000000000000000e+02 -1.148427218880089526e+02 4.770039536613838322e+02 3.279152754504001788e+00
8.020000000000000000e+02 -1.164569772862399901e+02 4.616838042852465378e+02 3.176626059186291595e+00
8.030000000000000000e+02 -1.109814185853545467e+02 3.613548642522860632e+02 3.154281481190986280e+00
8.040000000000000000e+02 -1.092196957525399483e+02 3.109073011216198665e+02 3.016905145876450423e+00
8.050000000000000000e+02 -1.117349904955010089e+02 2.993857917224592597e+02 2.956408123191174298e+00
8.060000000000000000e+02 -1.069782747068039157e+02 3.377742600531539665e+02 2.936295151236211431e+00
8.070000000000000000e+02 -1.065178573324475337e+02 2.993105456228088883e+02 3.003003261722554385e+00
8.080000000000000000e+02 -1.085541328418346012e+02 2.993644217156138438e+02 2.730411163091740701e+00
8.090000000000000000e+02 -1.096011976499543579e+02 2.993807132231150945e+02 2.332182525608681889e+00
8.100000000000000000e+02 -1.024870094937498379e+02 2.993719744084795593e+02 2.395241095088435745e+00
8.110000000000000000e+02 -1.068057600868754662e+02 3.257695454659390748e+02 2.833759316649697269e+00
8.120000000000000000e+02 -1.148394448253652058e+02 3.917701136671175277e+02 3.149808990812662746e+00
8.130000000000000000e+02 -1.233161330127100541e+02 4.371907942703102208e+02 3.450454097106218754e+00
8.140000000000000000e+02 -1.254664394150887006e+02 4.440935804230055624e+02 3.597452980521217203e+00
8.150000000000000000e+02 -1.186442314363742412e+02 3.619248471717893949e+02 3.218939641851827460e+00
8.160000000000000000e+02 -1.156379968101826705e+02 3.548264294882849299e+02 2.575264655342192732e+00
8.170000000000000000e+02 -1.092881866421178501e+02 3.556397497531622776e+02 2.359961507354258803e+00
8.180000000000000000e+02 -1.029947517965729418e+02 3.995086579783335310e+02 2.312819805743957957e+00
8.190000000000000000e+02 -1.121117690896609105e+02 4.173315280973986319e+02 2.616420522853823982e+00
8.200000000000000000e+02 -1.202142188230509277e+02 3.997747896493926874e+02 3.049057947012216108e+00
8.210000000000000000e+02 -1.197036683699308384e+02 3.719622276331402304e+02 3.413835748377125778e+00
8.220000000000000000e+02 -1.178302153838569950e+02 4.100555894543358022e+02 3.292277608069263728e+00
8.230000000000000000e+02 -1.075913085721886944e+02 5.722506406410366253e+02 2.811423369789705529e+00
8.240000000000000000e+02 -1.114908142855379651e+02 5.124664344451576881e+02 2.614824098814448217e+00
8.250000000000000000e+02 -1.164385217679068347e+02 4.218830732149523897e+02 2.657601940032675802e+00
8.260000000000000000e+02 -1.215747318411569751e+02 3.579769676222286989e+02 2.695230215284280639e+00
8.270000000000000000e+02 -1.256448262560966072e+02 2.994512730617748275e+02 2.844423964262727811e+00
8.280000000000000000e+02 -1.223964612169177713e+02 3.131844682458390139e+02 3.083107902989337568e+00
8.290000000000000000e+02 -1.173396681119456133e+02 3.295357157776986128e+02 2.801920284440515552e+00
8.300000000000000000e+02 -1.107928941487938346e+02 3.455994164321086828e+02 2.597565851172491502e+00
8.310000000000000000e+02 -1.061026997304600314e+02 3.839282584076245826e+02 2.764561414865035704e+00
8.320000000000000000e+02 -1.066964505239631791e+02 4.001634831605838940e+02 2.982016756125307033e+00
8.330000000000000000e+02 -1.038420787504726093e+02 4.734231168052161252e+02 3.025647670352100249e+00
8.340000000000000000e+02 -1.008359740898981158e+02 4.842696408971301594e+02 2.912877046225392341e+00
8.350000000000000000e+02 -9.352861126816698345e+01 3.985462047548531359e+02 2.618100082205614854e+00
8.360000000000000000e+02 -8.861981950709574107e+01 3.537422746870773267e+02 2.590651269943003765e+00
8.370000000000000000e+02 -8.619708035121236378e+01 3.699874128600072822e+02 2.591479419183491562e+00
8.380000000000000000e+02 -8.504311812130325166e+01 3.935188720477302127e+02 2.709611068361856390e+00
8.390000000000000000e+02 -1.000600164463437522e+02 3.438186578189168472e+02 2.801773438652975567e+00
8.400000000000000000e+02 -1.043940276766666955e+02 3.319175765370682711e+02 2.820772695138207276e+00
8.410000000000000000e+02 -1.114626924943502502e+02 3.292748253196925816e+02 2.623008693749218967e+00
8.420000000000000000e+02 -1.165142141986814721e+02 3.257458331379122001e+02 2.491207530445476603e+00
8.430000000000000000e+02 -1.172226659934377437e+02 3.320639180063297999e+02 2.757549844516872461e+00
8.440000000000000000e+02 -1.163557168025855617e+02 3.345090316536855539e+02 2.732292633992907671e+00
8.450000000000000000e+02 -1.206898614351238734e+02 3.701763185976719797e+02 2.909391115970412667e+00
8.460000000000000000e+02 -1.286908191782005986e+02 3.768110028305922015e+02 2.827685138039651047e+00
8.470000000000000000e+02 -1.223298328737483445e+02 4.092114205611978264e+02 2.894690018360195793e+00
8.480000000000000000e+02 -1.048453069920203404e+02 4.479876507171542244e+02 2.774867660373445677e+00
8.490000000000000000e+02 -1.044822217849192896e+02 4.203724151478130011e+02 2.690062127870123110e+00
8.500000000000000000e+02 -1.168557182665709746e+02 3.408121123186211889e+02 2.797328551909141758e+00
8.510000000000000000e+02 -1.233418436022281668e+02 3.467896706051993192e+02 2.870933378386578028e+00
8.520000000000000000e+02 -1.235153394243516374e+02 3.204288263968934416e+02 2.730606639753655696e+00
8.530000000000000000e+02 -1.197451314928720478e+02 3.179339197728853605e+02 2.537906197783611706e+00
8.540000000000000000e+02 -1.177530727817408263e+02 3.279468880956160319e+02 2.488927232710221205e+00
8.550000000000000000e+02 -1.184618694219809640e+02 3.563539592525716557e+02 2.851597317138247156e+00
8.560000000000000000e+02 -1.214818104160876260e+02 3.428342089184628776e+02 3.155762581411412970e+00
8.570000000000000000e+02 -1.220737254066996798e+02 3.233890569354483659e+02 2.855101817953471066e+00
8.580000000000000000e+02 -1.225323714812526674e+02 3.228195773313652239e+02 2.760803592872897561e+00
8.590000000000000000e+02 -1.207087897043417399e+02 3.161974147182260708e+02 2.851721321520246377e+00
8.600000000000000000e+02 -1.204230601340071161e+02 3.249434928978312200e+02 2.866130088342755844e+00
8.610000000000000000e+02 -1.177453191093817821e+02 3.303713425616764425e+02 2.805790621721989009e+00
8.620000000000000000e+02 -1.079814416343863854e+02 3.549353164195751447e+02 2.684577607504957886e+00
8.630000000000000000e+02 -1.047979035272659161e+02 3.844625850955783335e+02 2.660977669166751269e+00
8.640000000000000000e+02 -1.036595295778137000e+02 4.096029304433870379e+02 2.282058216062935685e+00
8.650000000000000000e+02 9.574054435530111107e+01 3.191965525499379623e+02 2.242252130095601981e+00
8.660000000000000000e+02 8.022314875318559757e+01 3.488419236092017286e+02 2.491379910994945046e+00
8.670000000000000000e+02 -1.057438689960978877e+02 2.993766195472309732e+02 2.676709846682757021e+00
8.680000000000000000e+02 -1.077287250182426561e+02 3.100552241885862941e+02 3.036024801551592489e+00
8.690000000000000000e+02 -1.081447094366012180e+02 3.494627773098579269e+02 3.404619934717080909e+00
8.700000000000000000e+02 -1.091800382672755774e+02 3.686609126922674591e+02 3.219268387333445336e+00
8.710000000000000000e+02 -1.121682693786397209e+02 5.981278361913181243e+02 2.896233849180050335e+00
8.720000000000000000e+02 -1.182830364971559760e+02 5.981258340889378360e+02 2.635344171070417740e+00
8.730000000000000000e+02 -1.145727739130637701e+02 4.328558882363018938e+02 2.993173399817764757e+00
8.740000000000000000e+02 -1.162715807388948832e+02 3.779413202731784622e+02 3.378306002704838829e+00
8.750000000000000000e+02 -1.215043205004045177e+02 3.706244940383976996e+02 3.431815559356196310e+00
8.760000000000000000e+02 -1.258491721997220623e+02 3.812088689863432478e+02 3.373969813214694913e+00
8.770000000000000000e+02 -1.277841615169841845e+02 3.780778943250719522e+02 3.224389656688288142e+00
8.780000000000000000e+02 -1.184774199943448991e+02 4.008175814688468108e+02 3.038398508428326039e+00
8.790000000000000000e+02 -1.148714976780712504e+02 5.981226051368761318e+02 2.997448490884190964e+00
8.800000000000000000e+02 -1.083403458559349275e+02 5.981241983058738469e+02 3.192630545769396200e+00
8.810000000000000000e+02 -9.502098125621242275e+01 5.981340183996695714e+02 3.400898964429034166e+00
8.820000000000000000e+02 -8.601687933183326606e+01 5.981246786056361771e+02 3.215378998760945795e+00
8.830000000000000000e+02 -9.422148206474341237e+01 5.313290121976426690e+02 3.217913015148423650e+00
8.840000000000000000e+02 -1.082520603898181406e+02 3.996215284017208660e+02 3.346069477885916577e+00
8.850000000000000000e+02 -1.139678015965736080e+02 3.815752515721734426e+02 3.445174319630174509e+00
8.860000000000000000e+02 -1.185658851770696316e+02 4.099623249488147962e+02 3.523494931979930467e+00
8.870000000000000000e+02 -1.201000347379184348e+02 4.039499999917359219e+02 3.813723497915220140e+00
8.880000000000000000e+02 -1.219776301323850589e+02 4.570535406870156976e+02 3.146364437212719523e+00
8.890000000000000000e+02 -1.142303599764469482e+02 5.915839144581872233e+02 2.824027844195785342e+00
8.900000000000000000e+02 -1.061639965158241381e+02 5.981207300453478410e+02 2.645352238408600787e+00
8.910000000000000000e+02 -1.236781206545478682e+02 4.335605527940003867e+02 2.670212673578617135e+00
8.920000000000000000e+02 -1.293796613696324016e+02 3.429441429853965246e+02 2.653076762682704093e+00
8.930000000000000000e+02 -1.120170405742180293e+02 4.779112794324663582e+02 2.480494329393292396e+00
8.940000000000000000e+02 -7.315873329913621603e+01 5.932176514620668968e+02 2.612655568788835758e+00
