# InfraPy Beamforming (fk) Results
# 
# Data summary:
#     CC.TAVI.01.BDF	2023-05-08T13:05:30.940000Z - 2023-05-08T13:20:30.920000Z
#     CC.TAVI.02.BDF	2023-05-08T13:05:30.940000Z - 2023-05-08T13:20:30.920000Z
#     CC.TAVI.03.BDF	2023-05-08T13:05:30.940000Z - 2023-05-08T13:20:30.920000Z
# 
#   channel_cnt: 3
#   t0: 2023-05-08T13:05:30.940000Z
#   latitude: 46.7957
#   longitude: -121.88423
# 
# Algorithm parameters:
#   freq_min: 0.5
#   freq_max: 2.5
#   back_az_min: -180.0
#   back_az_max: 180.0
#   back_az_step: 2.0
#   trace_vel_min: 300.0
#   trace_vel_max: 600.0
#   trace_vel_step: 2.5
#   method: bartlett
#   signal_start: None
#   signal_end: None
#   window_len: 10.0
#   sub_window_len: None
#   window_step: 2.0
# 
# Time (rel t0) [s]      Back Az [deg]	           Tr. Velocity [m/s]       F-stat
5.000000000000000000e+00 -1.800000000000000000e+02 3.000000000000000000e+02 5.573247941681129802e+00
7.000000000000000000e+00 -1.800000000000000000e+02 3.000000000000000000e+02 7.498673332282396409e+00
9.000000000000000000e+00 -1.800000000000000000e+02 3.000000000000000000e+02 4.220026553828633453e+00
1.100000000000000000e+01 -1.800000000000000000e+02 3.000000000000000000e+02 3.529179634865163617e+00
1.300000000000000000e+01 -1.800000000000000000e+02 3.000000000000000000e+02 4.118678491427099964e+00
1.500000000000000000e+01 -1.800000000000000000e+02 3.000000000000000000e+02 4.287674122971014690e+00
1.700000000000000000e+01 -1.800000000000000000e+02 3.000000000000000000e+02 5.798410595702183201e+00
1.900000000000000000e+01 -1.800000000000000000e+02 3.000000000000000000e+02 4.505136283151744081e+00
2.100000000000000000e+01 -1.800000000000000000e+02 3.000000000000000000e+02 4.385251407491953302e+00
2.300000000000000000e+01 -1.800000000000000000e+02 3.000000000000000000e+02 2.822883280433666542e+00
2.500000000000000000e+01 -1.800000000000000000e+02 3.000000000000000000e+02 2.172004534579291324e+00
2.700000000000000000e+01 -1.800000000000000000e+02 3.000000000000000000e+02 4.364558054891653605e+00
2.900000000000000000e+01 -1.800000000000000000e+02 3.000000000000000000e+02 5.845424381559234384e+00
3.100000000000000000e+01 -1.800000000000000000e+02 3.000000000000000000e+02 6.054969633142401442e+00
3.300000000000000000e+01 -1.800000000000000000e+02 3.000000000000000000e+02 5.288937475423521661e+00
3.500000000000000000e+01 -1.800000000000000000e+02 3.000000000000000000e+02 8.033396243355879207e+00
3.700000000000000000e+01 -1.800000000000000000e+02 3.000000000000000000e+02 5.690903562763547363e+00
3.900000000000000000e+01 -1.800000000000000000e+02 3.000000000000000000e+02 2.729172936295349849e+00
4.100000000000000000e+01 -1.800000000000000000e+02 3.000000000000000000e+02 3.798960743763575731e+00
4.300000000000000000e+01 -1.800000000000000000e+02 3.000000000000000000e+02 5.014035661503560171e+00
4.500000000000000000e+01 -1.800000000000000000e+02 3.000000000000000000e+02 5.264141963161368842e+00
4.700000000000000000e+01 -1.800000000000000000e+02 3.000000000000000000e+02 3.440834731560068693e+00
4.900000000000000000e+01 -1.800000000000000000e+02 3.000000000000000000e+02 1.944898562964989308e+00
5.100000000000000000e+01 -1.800000000000000000e+02 3.000000000000000000e+02 4.037708412107904543e+00
5.300000000000000000e+01 -1.800000000000000000e+02 3.000000000000000000e+02 4.191217654033936313e+00
5.500000000000000000e+01 -1.800000000000000000e+02 3.000000000000000000e+02 3.465484845963890059e+00
5.700000000000000000e+01 -1.800000000000000000e+02 3.000000000000000000e+02 2.866883858757932391e+00
5.900000000000000000e+01 -1.800000000000000000e+02 3.000000000000000000e+02 3.635363535522417866e+00
6.100000000000000000e+01 -1.800000000000000000e+02 3.000000000000000000e+02 3.344242822500453904e+00
6.300000000000000000e+01 -1.800000000000000000e+02 3.000000000000000000e+02 2.895528081777619001e+00
6.500000000000000000e+01 -1.800000000000000000e+02 3.000000000000000000e+02 3.042351597840650790e+00
6.700000000000000000e+01 -1.800000000000000000e+02 3.000000000000000000e+02 3.137093963717037415e+00
6.900000000000000000e+01 -1.800000000000000000e+02 3.000000000000000000e+02 3.411505617686128922e+00
7.100000000000000000e+01 -1.800000000000000000e+02 3.000000000000000000e+02 2.965029747106994407e+00
7.300000000000000000e+01 -1.800000000000000000e+02 3.000000000000000000e+02 4.101384716084735871e+00
7.500000000000000000e+01 -1.800000000000000000e+02 3.000000000000000000e+02 3.650400105678232254e+00
7.700000000000000000e+01 -1.800000000000000000e+02 3.000000000000000000e+02 3.778824926364698022e+00
7.900000000000000000e+01 -1.800000000000000000e+02 3.000000000000000000e+02 4.848912466332460092e+00
8.100000000000000000e+01 -1.800000000000000000e+02 3.000000000000000000e+02 5.639592076366922946e+00
8.300000000000000000e+01 -1.800000000000000000e+02 3.000000000000000000e+02 3.964694524586476643e+00
8.500000000000000000e+01 -1.800000000000000000e+02 3.000000000000000000e+02 3.013294571338385630e+00
8.700000000000000000e+01 -1.800000000000000000e+02 3.000000000000000000e+02 3.121306420294763573e+00
8.900000000000000000e+01 -1.800000000000000000e+02 3.000000000000000000e+02 4.759411428165572389e+00
9.100000000000000000e+01 -1.800000000000000000e+02 3.000000000000000000e+02 4.638791300591908140e+00
9.300000000000000000e+01 -1.800000000000000000e+02 3.000000000000000000e+02 3.045458577755859153e+00
9.500000000000000000e+01 -1.800000000000000000e+02 3.000000000000000000e+02 3.730959583506777033e+00
9.700000000000000000e+01 -1.800000000000000000e+02 3.000000000000000000e+02 3.868841311408909966e+00
9.900000000000000000e+01 -1.800000000000000000e+02 3.000000000000000000e+02 4.044695847718898563e+00
1.010000000000000000e+02 -1.800000000000000000e+02 3.000000000000000000e+02 3.000033457599465603e+00
1.030000000000000000e+02 -1.800000000000000000e+02 3.000000000000000000e+02 4.903003434062484622e+00
1.050000000000000000e+02 -1.800000000000000000e+02 3.000000000000000000e+02 4.377889004930604955e+00
1.070000000000000000e+02 -1.800000000000000000e+02 3.000000000000000000e+02 5.904629930639039515e+00
1.090000000000000000e+02 -1.800000000000000000e+02 3.000000000000000000e+02 6.857401489345025247e+00
1.110000000000000000e+02 -1.800000000000000000e+02 3.000000000000000000e+02 5.299488770443697483e+00
1.130000000000000000e+02 -1.800000000000000000e+02 3.000000000000000000e+02 5.043600428882503373e+00
1.150000000000000000e+02 -1.800000000000000000e+02 3.000000000000000000e+02 3.349376677445005335e+00
1.170000000000000000e+02 -1.800000000000000000e+02 3.000000000000000000e+02 4.489736764897700461e+00
1.190000000000000000e+02 -1.800000000000000000e+02 3.000000000000000000e+02 4.442882915139803046e+00
1.210000000000000000e+02 -1.800000000000000000e+02 3.000000000000000000e+02 3.519702086345439351e+00
1.230000000000000000e+02 -1.800000000000000000e+02 3.000000000000000000e+02 2.431974542424570007e+00
1.250000000000000000e+02 -1.800000000000000000e+02 3.000000000000000000e+02 2.682891762374537858e+00
1.270000000000000000e+02 -1.800000000000000000e+02 3.000000000000000000e+02 2.987931320690196291e+00
1.290000000000000000e+02 -1.800000000000000000e+02 3.000000000000000000e+02 3.267108189644848615e+00
1.310000000000000000e+02 -1.800000000000000000e+02 3.000000000000000000e+02 2.602557709268341402e+00
1.330000000000000000e+02 -1.800000000000000000e+02 3.000000000000000000e+02 2.479214568825622411e+00
1.350000000000000000e+02 -1.800000000000000000e+02 3.000000000000000000e+02 3.326550255027901137e+00
1.370000000000000000e+02 -1.800000000000000000e+02 3.000000000000000000e+02 4.987268586923035762e+00
1.390000000000000000e+02 -1.800000000000000000e+02 3.000000000000000000e+02 4.032203040233019564e+00
1.410000000000000000e+02 -1.800000000000000000e+02 3.000000000000000000e+02 2.075218240647626278e+00
1.430000000000000000e+02 -1.800000000000000000e+02 3.000000000000000000e+02 2.547346829575654947e+00
1.450000000000000000e+02 -1.800000000000000000e+02 3.000000000000000000e+02 3.962503125948946714e+00
1.470000000000000000e+02 -1.800000000000000000e+02 3.000000000000000000e+02 3.878024660509796995e+00
1.490000000000000000e+02 -1.800000000000000000e+02 3.000000000000000000e+02 2.346137840020348975e+00
1.510000000000000000e+02 -1.800000000000000000e+02 3.000000000000000000e+02 3.543963692175452707e+00
1.530000000000000000e+02 -1.800000000000000000e+02 3.000000000000000000e+02 4.078884114178795706e+00
1.550000000000000000e+02 -1.800000000000000000e+02 3.000000000000000000e+02 3.354674572131102206e+00
1.570000000000000000e+02 -1.800000000000000000e+02 3.000000000000000000e+02 3.577572877216666392e+00
1.590000000000000000e+02 -1.800000000000000000e+02 3.000000000000000000e+02 3.247865026600857963e+00
1.610000000000000000e+02 -1.800000000000000000e+02 3.000000000000000000e+02 3.495976339812303824e+00
1.630000000000000000e+02 -1.800000000000000000e+02 3.000000000000000000e+02 6.667771288362026816e+00
1.650000000000000000e+02 -1.800000000000000000e+02 3.000000000000000000e+02 5.994721904623777853e+00
1.670000000000000000e+02 -1.800000000000000000e+02 3.000000000000000000e+02 4.090053476941974075e+00
1.690000000000000000e+02 -1.800000000000000000e+02 3.000000000000000000e+02 2.902250572373997528e+00
1.710000000000000000e+02 -1.800000000000000000e+02 3.000000000000000000e+02 3.292284950534907662e+00
1.730000000000000000e+02 -1.800000000000000000e+02 3.000000000000000000e+02 4.447484926379609682e+00
1.750000000000000000e+02 -1.800000000000000000e+02 3.000000000000000000e+02 5.052638323238030971e+00
1.770000000000000000e+02 -1.800000000000000000e+02 3.000000000000000000e+02 5.733766242177327221e+00
1.790000000000000000e+02 -1.800000000000000000e+02 3.000000000000000000e+02 3.916394417576945397e+00
1.810000000000000000e+02 -1.800000000000000000e+02 3.000000000000000000e+02 3.831541934891311119e+00
1.830000000000000000e+02 -1.800000000000000000e+02 3.000000000000000000e+02 3.825856276965608149e+00
1.850000000000000000e+02 -1.800000000000000000e+02 3.000000000000000000e+02 3.658167212126211876e+00
1.870000000000000000e+02 -1.800000000000000000e+02 3.000000000000000000e+02 4.005321421434711482e+00
1.890000000000000000e+02 -1.800000000000000000e+02 3.000000000000000000e+02 5.568172703593361916e+00
1.910000000000000000e+02 -1.800000000000000000e+02 3.000000000000000000e+02 5.237358793554612646e+00
1.930000000000000000e+02 -1.800000000000000000e+02 3.000000000000000000e+02 5.336422333377169203e+00
1.950000000000000000e+02 -1.800000000000000000e+02 3.000000000000000000e+02 6.014973356857345799e+00
1.970000000000000000e+02 -1.800000000000000000e+02 3.000000000000000000e+02 2.688673994013353497e+00
1.990000000000000000e+02 -1.800000000000000000e+02 3.000000000000000000e+02 2.093462382409019717e+00
2.010000000000000000e+02 -1.800000000000000000e+02 3.000000000000000000e+02 1.235471715634767431e+00
2.030000000000000000e+02 -1.800000000000000000e+02 3.000000000000000000e+02 1.171803196974503969e+00
2.050000000000000000e+02 -1.800000000000000000e+02 3.000000000000000000e+02 2.963743561349015287e+00
2.070000000000000000e+02 -1.800000000000000000e+02 3.000000000000000000e+02 2.870216178856586975e+00
2.090000000000000000e+02 -1.800000000000000000e+02 3.000000000000000000e+02 2.554756247952681303e+00
2.110000000000000000e+02 -1.800000000000000000e+02 3.000000000000000000e+02 1.909211550572892602e+00
2.130000000000000000e+02 -1.800000000000000000e+02 3.000000000000000000e+02 3.091818056035676499e+00
2.150000000000000000e+02 -1.800000000000000000e+02 3.000000000000000000e+02 4.047812892971339949e+00
2.170000000000000000e+02 -1.800000000000000000e+02 3.000000000000000000e+02 3.759199025192206278e+00
2.190000000000000000e+02 -1.800000000000000000e+02 3.000000000000000000e+02 2.579031406673543358e+00
2.210000000000000000e+02 -1.800000000000000000e+02 3.000000000000000000e+02 2.077213852158510399e+00
2.230000000000000000e+02 -1.800000000000000000e+02 3.000000000000000000e+02 3.225893808660473372e+00
2.250000000000000000e+02 -1.800000000000000000e+02 3.000000000000000000e+02 3.404128524053061877e+00
2.270000000000000000e+02 -1.800000000000000000e+02 3.000000000000000000e+02 3.333341691269268381e+00
2.290000000000000000e+02 -1.800000000000000000e+02 3.000000000000000000e+02 2.623952485109368293e+00
2.310000000000000000e+02 -1.800000000000000000e+02 3.000000000000000000e+02 3.989486877448011448e+00
2.330000000000000000e+02 -1.800000000000000000e+02 3.000000000000000000e+02 5.028484135332133675e+00
2.350000000000000000e+02 -1.800000000000000000e+02 3.000000000000000000e+02 6.361096592886503309e+00
2.370000000000000000e+02 -1.800000000000000000e+02 3.000000000000000000e+02 4.112955237450711898e+00
2.390000000000000000e+02 -1.800000000000000000e+02 3.000000000000000000e+02 3.789079796434804415e+00
2.410000000000000000e+02 -1.800000000000000000e+02 3.000000000000000000e+02 3.486440917570054587e+00
2.430000000000000000e+02 -1.800000000000000000e+02 3.000000000000000000e+02 2.634184303163960461e+00
2.450000000000000000e+02 -1.800000000000000000e+02 3.000000000000000000e+02 3.314421072954753633e+00
2.470000000000000000e+02 -1.800000000000000000e+02 3.000000000000000000e+02 2.986438760356431743e+00
2.490000000000000000e+02 -1.800000000000000000e+02 3.000000000000000000e+02 3.764643756461274027e+00
2.510000000000000000e+02 -1.800000000000000000e+02 3.000000000000000000e+02 3.319415594732043839e+00
2.530000000000000000e+02 -1.800000000000000000e+02 3.000000000000000000e+02 4.750334454436162090e+00
2.550000000000000000e+02 -1.800000000000000000e+02 3.000000000000000000e+02 3.750447717919899837e+00
2.570000000000000000e+02 -1.800000000000000000e+02 3.000000000000000000e+02 3.097108679837778045e+00
2.590000000000000000e+02 -1.800000000000000000e+02 3.000000000000000000e+02 3.755459810335513016e+00
2.610000000000000000e+02 -1.800000000000000000e+02 3.000000000000000000e+02 2.923627898361211841e+00
2.630000000000000000e+02 -1.800000000000000000e+02 3.000000000000000000e+02 3.314981746553868014e+00
2.650000000000000000e+02 -1.800000000000000000e+02 3.000000000000000000e+02 4.399675212825289172e+00
2.670000000000000000e+02 -1.800000000000000000e+02 3.000000000000000000e+02 7.085480309514188946e+00
2.690000000000000000e+02 -1.800000000000000000e+02 3.000000000000000000e+02 5.830718059422792088e+00
2.710000000000000000e+02 -1.800000000000000000e+02 3.000000000000000000e+02 5.648940446718909492e+00
2.730000000000000000e+02 -1.800000000000000000e+02 3.000000000000000000e+02 3.547853952730734672e+00
2.750000000000000000e+02 -1.800000000000000000e+02 3.000000000000000000e+02 3.760832188604966486e+00
2.770000000000000000e+02 -1.800000000000000000e+02 3.000000000000000000e+02 2.680257226134994841e+00
2.790000000000000000e+02 -1.800000000000000000e+02 3.000000000000000000e+02 4.179758478454451698e+00
2.810000000000000000e+02 -1.800000000000000000e+02 3.000000000000000000e+02 6.013571177748731067e+00
2.830000000000000000e+02 -1.800000000000000000e+02 3.000000000000000000e+02 4.834560172973365155e+00
2.850000000000000000e+02 -1.800000000000000000e+02 3.000000000000000000e+02 6.251980677242806372e+00
2.870000000000000000e+02 -1.800000000000000000e+02 3.000000000000000000e+02 7.346356607317913401e+00
2.890000000000000000e+02 -1.800000000000000000e+02 3.000000000000000000e+02 5.917909223321373702e+00
2.910000000000000000e+02 -1.800000000000000000e+02 3.000000000000000000e+02 3.403081172901436524e+00
2.930000000000000000e+02 -1.800000000000000000e+02 3.000000000000000000e+02 3.904593556847810731e+00
2.950000000000000000e+02 -1.800000000000000000e+02 3.000000000000000000e+02 5.443604360267740638e+00
2.970000000000000000e+02 -1.800000000000000000e+02 3.000000000000000000e+02 4.185518073111540005e+00
2.990000000000000000e+02 -1.800000000000000000e+02 3.000000000000000000e+02 5.955228875474754879e+00
3.010000000000000000e+02 -1.800000000000000000e+02 3.000000000000000000e+02 6.590684596612265800e+00
3.030000000000000000e+02 -1.800000000000000000e+02 3.000000000000000000e+02 4.231932658745926723e+00
3.050000000000000000e+02 -1.800000000000000000e+02 3.000000000000000000e+02 3.958157938806276199e+00
3.070000000000000000e+02 -1.800000000000000000e+02 3.000000000000000000e+02 5.326955137380404715e+00
3.090000000000000000e+02 -1.800000000000000000e+02 3.000000000000000000e+02 5.692918983322384108e+00
3.110000000000000000e+02 -1.800000000000000000e+02 3.000000000000000000e+02 4.896118501360477104e+00
3.130000000000000000e+02 -1.800000000000000000e+02 3.000000000000000000e+02 6.783039794925591615e+00
3.150000000000000000e+02 -1.800000000000000000e+02 3.000000000000000000e+02 5.772036212839195102e+00
3.170000000000000000e+02 -1.800000000000000000e+02 3.000000000000000000e+02 4.829964290454396902e+00
3.190000000000000000e+02 -1.800000000000000000e+02 3.000000000000000000e+02 4.127250896228873422e+00
3.210000000000000000e+02 -1.800000000000000000e+02 3.000000000000000000e+02 7.522413957544469731e+00
3.230000000000000000e+02 -1.800000000000000000e+02 3.000000000000000000e+02 5.447777613346712400e+00
3.250000000000000000e+02 -1.800000000000000000e+02 3.000000000000000000e+02 7.150229131777725122e+00
3.270000000000000000e+02 -1.800000000000000000e+02 3.000000000000000000e+02 7.116334411720057318e+00
3.290000000000000000e+02 -1.800000000000000000e+02 3.000000000000000000e+02 7.408118110992018224e+00
3.310000000000000000e+02 -1.800000000000000000e+02 3.000000000000000000e+02 5.184712901879585445e+00
3.330000000000000000e+02 -1.800000000000000000e+02 3.000000000000000000e+02 3.995204306092706936e+00
3.350000000000000000e+02 -1.800000000000000000e+02 3.000000000000000000e+02 6.705705768512657095e+00
3.370000000000000000e+02 -1.800000000000000000e+02 3.000000000000000000e+02 8.156150053887479601e+00
3.390000000000000000e+02 -1.800000000000000000e+02 3.000000000000000000e+02 1.300419027235579783e+01
3.410000000000000000e+02 -1.800000000000000000e+02 3.000000000000000000e+02 8.165240910768339688e+00
3.430000000000000000e+02 -1.800000000000000000e+02 3.000000000000000000e+02 5.094032417609236418e+00
3.450000000000000000e+02 -1.800000000000000000e+02 3.000000000000000000e+02 4.834480769098508546e+00
3.470000000000000000e+02 -1.800000000000000000e+02 3.000000000000000000e+02 6.651720040624069519e+00
3.490000000000000000e+02 -1.800000000000000000e+02 3.000000000000000000e+02 8.894922493634076943e+00
3.510000000000000000e+02 -1.800000000000000000e+02 3.000000000000000000e+02 1.133330772338092629e+01
3.530000000000000000e+02 -1.800000000000000000e+02 3.000000000000000000e+02 8.593397318687191699e+00
3.550000000000000000e+02 -1.800000000000000000e+02 3.000000000000000000e+02 8.132386306684670885e+00
3.570000000000000000e+02 -1.800000000000000000e+02 3.000000000000000000e+02 5.957038582759641265e+00
3.590000000000000000e+02 -1.800000000000000000e+02 3.000000000000000000e+02 4.467133344395539218e+00
3.610000000000000000e+02 -1.800000000000000000e+02 3.000000000000000000e+02 4.595145920144884322e+00
3.630000000000000000e+02 -1.800000000000000000e+02 3.000000000000000000e+02 5.482805002033764197e+00
3.650000000000000000e+02 -1.800000000000000000e+02 3.000000000000000000e+02 5.744888019854922590e+00
3.670000000000000000e+02 -1.800000000000000000e+02 3.000000000000000000e+02 4.345953912721513213e+00
3.690000000000000000e+02 -1.800000000000000000e+02 3.000000000000000000e+02 3.647491164403031672e+00
3.710000000000000000e+02 -1.800000000000000000e+02 3.000000000000000000e+02 2.655307737841877014e+00
3.730000000000000000e+02 -1.800000000000000000e+02 3.000000000000000000e+02 3.045886245690117455e+00
3.750000000000000000e+02 -1.800000000000000000e+02 3.000000000000000000e+02 3.288782369248121284e+00
3.770000000000000000e+02 -1.800000000000000000e+02 3.000000000000000000e+02 2.912278687500563734e+00
3.790000000000000000e+02 -1.800000000000000000e+02 3.000000000000000000e+02 3.463811044539919948e+00
3.810000000000000000e+02 -1.800000000000000000e+02 3.000000000000000000e+02 3.692324870365770728e+00
3.830000000000000000e+02 -1.800000000000000000e+02 3.000000000000000000e+02 2.751565670710442113e+00
3.850000000000000000e+02 -1.800000000000000000e+02 3.000000000000000000e+02 2.434543036728219256e+00
3.870000000000000000e+02 -1.800000000000000000e+02 3.000000000000000000e+02 3.465601044940606723e+00
3.890000000000000000e+02 -1.800000000000000000e+02 3.000000000000000000e+02 5.148777848120422718e+00
3.910000000000000000e+02 -1.800000000000000000e+02 3.000000000000000000e+02 3.560242556595967667e+00
3.930000000000000000e+02 -1.800000000000000000e+02 3.000000000000000000e+02 2.912131862678527749e+00
3.950000000000000000e+02 -1.800000000000000000e+02 3.000000000000000000e+02 2.624276866463659985e+00
3.970000000000000000e+02 -1.800000000000000000e+02 3.000000000000000000e+02 3.575242889975198235e+00
3.990000000000000000e+02 -1.800000000000000000e+02 3.000000000000000000e+02 2.260077472769328910e+00
4.010000000000000000e+02 -1.800000000000000000e+02 3.000000000000000000e+02 1.681835016378913750e+00
4.030000000000000000e+02 -1.800000000000000000e+02 3.000000000000000000e+02 1.442978933375844042e+00
4.050000000000000000e+02 -1.800000000000000000e+02 3.000000000000000000e+02 2.728668310572330391e+00
4.070000000000000000e+02 -1.800000000000000000e+02 3.000000000000000000e+02 7.765015927438017052e+00
4.090000000000000000e+02 -1.800000000000000000e+02 3.000000000000000000e+02 1.204129493776143711e+01
4.110000000000000000e+02 -1.800000000000000000e+02 3.000000000000000000e+02 1.298478899936858433e+01
4.130000000000000000e+02 -1.800000000000000000e+02 3.000000000000000000e+02 1.618829298936123706e+01
4.150000000000000000e+02 -1.800000000000000000e+02 3.000000000000000000e+02 1.474830178110733492e+01
4.170000000000000000e+02 -1.800000000000000000e+02 3.000000000000000000e+02 1.513916984731366000e+01
4.190000000000000000e+02 -1.800000000000000000e+02 3.000000000000000000e+02 1.313759006090464254e+01
4.210000000000000000e+02 -1.800000000000000000e+02 3.000000000000000000e+02 1.212847439106900005e+01
4.230000000000000000e+02 -1.800000000000000000e+02 3.000000000000000000e+02 1.236483455456568414e+01
4.250000000000000000e+02 -1.800000000000000000e+02 3.000000000000000000e+02 1.249296939282739771e+01
4.270000000000000000e+02 -1.800000000000000000e+02 3.000000000000000000e+02 1.304376960539777208e+01
4.290000000000000000e+02 -1.800000000000000000e+02 3.000000000000000000e+02 1.586593436860795769e+01
4.310000000000000000e+02 -1.800000000000000000e+02 3.000000000000000000e+02 1.422003367256967721e+01
4.330000000000000000e+02 -1.800000000000000000e+02 3.000000000000000000e+02 5.216039412796094510e+00
4.350000000000000000e+02 -1.800000000000000000e+02 3.000000000000000000e+02 5.301561070849494683e+00
4.370000000000000000e+02 -1.800000000000000000e+02 3.000000000000000000e+02 6.816877372896699150e+00
4.390000000000000000e+02 -1.800000000000000000e+02 3.000000000000000000e+02 6.236737867780967726e+00
4.410000000000000000e+02 -1.800000000000000000e+02 3.000000000000000000e+02 4.459414500510498591e+00
4.430000000000000000e+02 -1.800000000000000000e+02 3.000000000000000000e+02 6.667237052440013301e+00
4.450000000000000000e+02 -1.800000000000000000e+02 3.000000000000000000e+02 1.309294683052721453e+01
4.470000000000000000e+02 -1.800000000000000000e+02 3.000000000000000000e+02 1.195299623045411863e+01
4.490000000000000000e+02 -1.800000000000000000e+02 3.000000000000000000e+02 1.186133702027321668e+01
4.510000000000000000e+02 -1.800000000000000000e+02 3.000000000000000000e+02 1.287545085362847352e+01
4.530000000000000000e+02 -1.800000000000000000e+02 3.000000000000000000e+02 1.391602310124911313e+01
4.550000000000000000e+02 -1.800000000000000000e+02 3.000000000000000000e+02 1.294033772894722922e+01
4.570000000000000000e+02 -1.800000000000000000e+02 3.000000000000000000e+02 9.837292192777155719e+00
4.590000000000000000e+02 -1.800000000000000000e+02 3.000000000000000000e+02 9.012326979234051905e+00
4.610000000000000000e+02 -1.800000000000000000e+02 3.000000000000000000e+02 6.865533121731244748e+00
4.630000000000000000e+02 -1.800000000000000000e+02 3.000000000000000000e+02 7.936128290390768392e+00
4.650000000000000000e+02 -1.800000000000000000e+02 3.000000000000000000e+02 4.755011968225444363e+00
4.670000000000000000e+02 -1.800000000000000000e+02 3.000000000000000000e+02 5.462731860680096752e+00
4.690000000000000000e+02 -1.800000000000000000e+02 3.000000000000000000e+02 5.053662380410506749e+00
4.710000000000000000e+02 -1.800000000000000000e+02 3.000000000000000000e+02 5.264217512977310776e+00
4.730000000000000000e+02 -1.800000000000000000e+02 3.000000000000000000e+02 5.303197219413822161e+00
4.750000000000000000e+02 -1.800000000000000000e+02 3.000000000000000000e+02 6.199643437463137730e+00
4.770000000000000000e+02 -1.800000000000000000e+02 3.000000000000000000e+02 5.644687024868637160e+00
4.790000000000000000e+02 -1.800000000000000000e+02 3.000000000000000000e+02 4.990314502728395496e+00
4.810000000000000000e+02 -1.800000000000000000e+02 3.000000000000000000e+02 5.121331299729280140e+00
4.830000000000000000e+02 -1.800000000000000000e+02 3.000000000000000000e+02 7.702256524785713765e+00
4.850000000000000000e+02 -1.800000000000000000e+02 3.000000000000000000e+02 8.685440362482065524e+00
4.870000000000000000e+02 -1.800000000000000000e+02 3.000000000000000000e+02 5.280161827979282130e+00
4.890000000000000000e+02 -1.800000000000000000e+02 3.000000000000000000e+02 3.671821051770031819e+00
4.910000000000000000e+02 -1.800000000000000000e+02 3.000000000000000000e+02 5.657065459463434642e+00
4.930000000000000000e+02 -1.800000000000000000e+02 3.000000000000000000e+02 3.943576482041585951e+00
4.950000000000000000e+02 -1.800000000000000000e+02 3.000000000000000000e+02 6.495386774171175048e+00
4.970000000000000000e+02 -1.800000000000000000e+02 3.000000000000000000e+02 5.837996440837459389e+00
4.990000000000000000e+02 -1.800000000000000000e+02 3.000000000000000000e+02 4.233822575997611359e+00
5.010000000000000000e+02 -1.800000000000000000e+02 3.000000000000000000e+02 4.562382310320426626e+00
5.030000000000000000e+02 -1.800000000000000000e+02 3.000000000000000000e+02 4.601488741402113725e+00
5.050000000000000000e+02 -1.800000000000000000e+02 3.000000000000000000e+02 4.657770562227251609e+00
5.070000000000000000e+02 -1.800000000000000000e+02 3.000000000000000000e+02 6.459855856157746601e+00
5.090000000000000000e+02 -1.800000000000000000e+02 3.000000000000000000e+02 4.978555528010058850e+00
5.110000000000000000e+02 -1.800000000000000000e+02 3.000000000000000000e+02 3.776622677211148194e+00
5.130000000000000000e+02 -1.800000000000000000e+02 3.000000000000000000e+02 6.365699628192992066e+00
5.150000000000000000e+02 -1.800000000000000000e+02 3.000000000000000000e+02 6.001517756654145330e+00
5.170000000000000000e+02 -1.800000000000000000e+02 3.000000000000000000e+02 5.854987160821927716e+00
5.190000000000000000e+02 -1.800000000000000000e+02 3.000000000000000000e+02 4.051762154876095146e+00
5.210000000000000000e+02 -1.800000000000000000e+02 3.000000000000000000e+02 3.112877610253748983e+00
5.230000000000000000e+02 -1.800000000000000000e+02 3.000000000000000000e+02 3.508086770361881879e+00
5.250000000000000000e+02 -1.800000000000000000e+02 3.000000000000000000e+02 2.937552914659109504e+00
5.270000000000000000e+02 -1.800000000000000000e+02 3.000000000000000000e+02 7.242717642203169603e+00
5.290000000000000000e+02 -1.800000000000000000e+02 3.000000000000000000e+02 7.219245847450345366e+00
5.310000000000000000e+02 -1.800000000000000000e+02 3.000000000000000000e+02 7.660569285955147301e+00
5.330000000000000000e+02 -1.800000000000000000e+02 3.000000000000000000e+02 4.673273526985089354e+00
5.350000000000000000e+02 -1.800000000000000000e+02 3.000000000000000000e+02 4.069910046108827117e+00
5.370000000000000000e+02 -1.800000000000000000e+02 3.000000000000000000e+02 3.456543432236395486e+00
5.390000000000000000e+02 -1.800000000000000000e+02 3.000000000000000000e+02 3.655750184611537446e+00
5.410000000000000000e+02 -1.800000000000000000e+02 3.000000000000000000e+02 3.847632356374651952e+00
5.430000000000000000e+02 -1.800000000000000000e+02 3.000000000000000000e+02 2.970628299587579235e+00
5.450000000000000000e+02 -1.800000000000000000e+02 3.000000000000000000e+02 2.417382148026103739e+00
5.470000000000000000e+02 -1.800000000000000000e+02 3.000000000000000000e+02 3.759775405692237005e+00
5.490000000000000000e+02 -1.800000000000000000e+02 3.000000000000000000e+02 6.433769552867453001e+00
5.510000000000000000e+02 -1.800000000000000000e+02 3.000000000000000000e+02 5.666009421598106499e+00
5.530000000000000000e+02 -1.800000000000000000e+02 3.000000000000000000e+02 3.969404321346169162e+00
5.550000000000000000e+02 -1.800000000000000000e+02 3.000000000000000000e+02 4.012338114786133225e+00
5.570000000000000000e+02 -1.800000000000000000e+02 3.000000000000000000e+02 5.705334705073753732e+00
5.590000000000000000e+02 -1.800000000000000000e+02 3.000000000000000000e+02 3.515866263232751532e+00
5.610000000000000000e+02 -1.800000000000000000e+02 3.000000000000000000e+02 4.037259069426783142e+00
5.630000000000000000e+02 -1.800000000000000000e+02 3.000000000000000000e+02 4.561212572957371592e+00
5.650000000000000000e+02 -1.800000000000000000e+02 3.000000000000000000e+02 3.438169185562703234e+00
5.670000000000000000e+02 -1.800000000000000000e+02 3.000000000000000000e+02 2.934082288246300685e+00
5.690000000000000000e+02 -1.800000000000000000e+02 3.000000000000000000e+02 3.650677100927298024e+00
5.710000000000000000e+02 -1.800000000000000000e+02 3.000000000000000000e+02 3.943186224195935452e+00
5.730000000000000000e+02 -1.800000000000000000e+02 3.000000000000000000e+02 4.895776772184151859e+00
5.750000000000000000e+02 -1.800000000000000000e+02 3.000000000000000000e+02 3.075067193402603927e+00
5.770000000000000000e+02 -1.800000000000000000e+02 3.000000000000000000e+02 4.172520483139152248e+00
5.790000000000000000e+02 -1.800000000000000000e+02 3.000000000000000000e+02 5.521163432574595298e+00
5.810000000000000000e+02 -1.800000000000000000e+02 3.000000000000000000e+02 5.953079590316479042e+00
5.830000000000000000e+02 -1.800000000000000000e+02 3.000000000000000000e+02 3.626601554842380448e+00
5.850000000000000000e+02 -1.800000000000000000e+02 3.000000000000000000e+02 4.297290207751998103e+00
5.870000000000000000e+02 -1.800000000000000000e+02 3.000000000000000000e+02 3.057070890610057212e+00
5.890000000000000000e+02 -1.800000000000000000e+02 3.000000000000000000e+02 3.351066150626182072e+00
5.910000000000000000e+02 -1.800000000000000000e+02 3.000000000000000000e+02 3.758590210524046960e+00
5.930000000000000000e+02 -1.800000000000000000e+02 3.000000000000000000e+02 6.509426613736946976e+00
5.950000000000000000e+02 -1.800000000000000000e+02 3.000000000000000000e+02 5.168088558506627628e+00
5.970000000000000000e+02 -1.800000000000000000e+02 3.000000000000000000e+02 4.842240493225124176e+00
5.990000000000000000e+02 -1.800000000000000000e+02 3.000000000000000000e+02 6.807895938324160845e+00
6.010000000000000000e+02 -1.800000000000000000e+02 3.000000000000000000e+02 8.669553905397680893e+00
6.030000000000000000e+02 -1.800000000000000000e+02 3.000000000000000000e+02 7.648597711554430134e+00
6.050000000000000000e+02 -1.800000000000000000e+02 3.000000000000000000e+02 7.356219921620798630e+00
6.070000000000000000e+02 -1.800000000000000000e+02 3.000000000000000000e+02 5.074512382624905449e+00
6.090000000000000000e+02 -1.800000000000000000e+02 3.000000000000000000e+02 6.153528021814741678e+00
6.110000000000000000e+02 -1.800000000000000000e+02 3.000000000000000000e+02 2.434713284240088260e+00
6.130000000000000000e+02 -1.800000000000000000e+02 3.000000000000000000e+02 2.451006070482473209e+00
6.150000000000000000e+02 -1.800000000000000000e+02 3.000000000000000000e+02 2.844730830993065229e+00
6.170000000000000000e+02 -1.800000000000000000e+02 3.000000000000000000e+02 3.982183379093232833e+00
6.190000000000000000e+02 -1.800000000000000000e+02 3.000000000000000000e+02 6.189984191858731499e+00
6.210000000000000000e+02 -1.800000000000000000e+02 3.000000000000000000e+02 7.143623645031602187e+00
6.230000000000000000e+02 -1.800000000000000000e+02 3.000000000000000000e+02 5.022837953499345254e+00
6.250000000000000000e+02 -1.800000000000000000e+02 3.000000000000000000e+02 7.049973104350667263e+00
6.270000000000000000e+02 -1.800000000000000000e+02 3.000000000000000000e+02 7.100058142565329966e+00
6.290000000000000000e+02 -1.800000000000000000e+02 3.000000000000000000e+02 2.285069311232422073e+00
6.310000000000000000e+02 -1.800000000000000000e+02 3.000000000000000000e+02 2.259393026111857772e+00
6.330000000000000000e+02 -1.800000000000000000e+02 3.000000000000000000e+02 2.651681188269387590e+00
6.350000000000000000e+02 -1.800000000000000000e+02 3.000000000000000000e+02 5.783129190799329855e+00
6.370000000000000000e+02 -1.800000000000000000e+02 3.000000000000000000e+02 4.104756035971056427e+00
6.390000000000000000e+02 -1.800000000000000000e+02 3.000000000000000000e+02 3.395791723250431104e+00
6.410000000000000000e+02 -1.800000000000000000e+02 3.000000000000000000e+02 3.225511284283908431e+00
6.430000000000000000e+02 -1.800000000000000000e+02 3.000000000000000000e+02 4.975359112936629025e+00
6.450000000000000000e+02 -1.800000000000000000e+02 3.000000000000000000e+02 6.745476499656798630e+00
6.470000000000000000e+02 -1.800000000000000000e+02 3.000000000000000000e+02 4.803986320699165091e+00
6.490000000000000000e+02 -1.800000000000000000e+02 3.000000000000000000e+02 4.266086255907542757e+00
6.510000000000000000e+02 -1.800000000000000000e+02 3.000000000000000000e+02 3.116983842702432117e+00
6.530000000000000000e+02 -1.800000000000000000e+02 3.000000000000000000e+02 4.479436288346749784e+00
6.550000000000000000e+02 -1.800000000000000000e+02 3.000000000000000000e+02 5.822041541943486997e+00
6.570000000000000000e+02 -1.800000000000000000e+02 3.000000000000000000e+02 3.362495540290476370e+00
6.590000000000000000e+02 -1.800000000000000000e+02 3.000000000000000000e+02 4.428508429986973027e+00
6.610000000000000000e+02 -1.800000000000000000e+02 3.000000000000000000e+02 4.644315209736305405e+00
6.630000000000000000e+02 -1.800000000000000000e+02 3.000000000000000000e+02 2.713915933742280906e+00
6.650000000000000000e+02 -1.800000000000000000e+02 3.000000000000000000e+02 2.918125094789698171e+00
6.670000000000000000e+02 -1.800000000000000000e+02 3.000000000000000000e+02 3.653575378437322385e+00
6.690000000000000000e+02 -1.800000000000000000e+02 3.000000000000000000e+02 4.366569071055889317e+00
6.710000000000000000e+02 -1.800000000000000000e+02 3.000000000000000000e+02 3.333687078696387474e+00
6.730000000000000000e+02 -1.800000000000000000e+02 3.000000000000000000e+02 3.624273853721503791e+00
6.750000000000000000e+02 -1.800000000000000000e+02 3.000000000000000000e+02 4.803236651749082320e+00
6.770000000000000000e+02 -1.800000000000000000e+02 3.000000000000000000e+02 2.989634453201127862e+00
6.790000000000000000e+02 -1.800000000000000000e+02 3.000000000000000000e+02 3.384968040596910477e+00
6.810000000000000000e+02 -1.800000000000000000e+02 3.000000000000000000e+02 4.402828764900378999e+00
6.830000000000000000e+02 -1.800000000000000000e+02 3.000000000000000000e+02 3.645033063331935441e+00
6.850000000000000000e+02 -1.800000000000000000e+02 3.000000000000000000e+02 3.862103848522810079e+00
6.870000000000000000e+02 -1.800000000000000000e+02 3.000000000000000000e+02 6.271751946122365418e+00
6.890000000000000000e+02 -1.800000000000000000e+02 3.000000000000000000e+02 6.647817834137731197e+00
6.910000000000000000e+02 -1.800000000000000000e+02 3.000000000000000000e+02 6.812696925253032276e+00
6.930000000000000000e+02 -1.800000000000000000e+02 3.000000000000000000e+02 3.828977665803816599e+00
6.950000000000000000e+02 -1.800000000000000000e+02 3.000000000000000000e+02 5.303000800558951511e+00
6.970000000000000000e+02 -1.800000000000000000e+02 3.000000000000000000e+02 3.985337674442067435e+00
6.990000000000000000e+02 -1.800000000000000000e+02 3.000000000000000000e+02 4.273483357994983578e+00
7.010000000000000000e+02 -1.800000000000000000e+02 3.000000000000000000e+02 3.480489776542052383e+00
7.030000000000000000e+02 -1.800000000000000000e+02 3.000000000000000000e+02 2.474774841926220326e+00
7.050000000000000000e+02 -1.800000000000000000e+02 3.000000000000000000e+02 3.638166582632410329e+00
7.070000000000000000e+02 -1.800000000000000000e+02 3.000000000000000000e+02 5.700908106158931510e+00
7.090000000000000000e+02 -1.800000000000000000e+02 3.000000000000000000e+02 5.563876428294640242e+00
7.110000000000000000e+02 -1.800000000000000000e+02 3.000000000000000000e+02 3.679116484128987619e+00
7.130000000000000000e+02 -1.800000000000000000e+02 3.000000000000000000e+02 4.376379535621417460e+00
7.150000000000000000e+02 -1.800000000000000000e+02 3.000000000000000000e+02 4.431116342678465436e+00
7.170000000000000000e+02 -1.800000000000000000e+02 3.000000000000000000e+02 4.337111921469820608e+00
7.190000000000000000e+02 -1.800000000000000000e+02 3.000000000000000000e+02 5.320290137550809817e+00
7.210000000000000000e+02 -1.800000000000000000e+02 3.000000000000000000e+02 4.716451380038604313e+00
7.230000000000000000e+02 -1.800000000000000000e+02 3.000000000000000000e+02 3.848002381082565204e+00
7.250000000000000000e+02 -1.800000000000000000e+02 3.000000000000000000e+02 3.392355608420590585e+00
7.270000000000000000e+02 -1.800000000000000000e+02 3.000000000000000000e+02 5.003350564958018332e+00
7.290000000000000000e+02 -1.800000000000000000e+02 3.000000000000000000e+02 4.049855023199687487e+00
7.310000000000000000e+02 -1.800000000000000000e+02 3.000000000000000000e+02 4.156001845001109807e+00
7.330000000000000000e+02 -1.800000000000000000e+02 3.000000000000000000e+02 4.086018078619825467e+00
7.350000000000000000e+02 -1.800000000000000000e+02 3.000000000000000000e+02 4.601615254343224493e+00
7.370000000000000000e+02 -1.800000000000000000e+02 3.000000000000000000e+02 5.473838158910874441e+00
7.390000000000000000e+02 -1.800000000000000000e+02 3.000000000000000000e+02 4.972514282294496546e+00
7.410000000000000000e+02 -1.800000000000000000e+02 3.000000000000000000e+02 5.218835198182422808e+00
7.430000000000000000e+02 -1.800000000000000000e+02 3.000000000000000000e+02 4.397090975307849092e+00
7.450000000000000000e+02 -1.800000000000000000e+02 3.000000000000000000e+02 4.293852980275966402e+00
7.470000000000000000e+02 -1.800000000000000000e+02 3.000000000000000000e+02 3.494306590627382469e+00
7.490000000000000000e+02 -1.800000000000000000e+02 3.000000000000000000e+02 4.600241846676360602e+00
7.510000000000000000e+02 -1.800000000000000000e+02 3.000000000000000000e+02 8.535239236552083497e+00
7.530000000000000000e+02 -1.800000000000000000e+02 3.000000000000000000e+02 5.788093956704323695e+00
7.550000000000000000e+02 -1.800000000000000000e+02 3.000000000000000000e+02 3.388917140135085937e+00
7.570000000000000000e+02 -1.800000000000000000e+02 3.000000000000000000e+02 3.010688190973517031e+00
7.590000000000000000e+02 -1.800000000000000000e+02 3.000000000000000000e+02 3.658531621511682541e+00
7.610000000000000000e+02 -1.800000000000000000e+02 3.000000000000000000e+02 3.569403961839748618e+00
7.630000000000000000e+02 -1.800000000000000000e+02 3.000000000000000000e+02 2.904463854162610659e+00
7.650000000000000000e+02 -1.800000000000000000e+02 3.000000000000000000e+02 3.860993773833692355e+00
7.670000000000000000e+02 -1.800000000000000000e+02 3.000000000000000000e+02 2.822370567415649401e+00
7.690000000000000000e+02 -1.800000000000000000e+02 3.000000000000000000e+02 2.206520939328910913e+00
7.710000000000000000e+02 -1.800000000000000000e+02 3.000000000000000000e+02 3.557960049938208691e+00
7.730000000000000000e+02 -1.800000000000000000e+02 3.000000000000000000e+02 3.794158890700554565e+00
7.750000000000000000e+02 -1.800000000000000000e+02 3.000000000000000000e+02 3.160134151954118842e+00
7.770000000000000000e+02 -1.800000000000000000e+02 3.000000000000000000e+02 3.946324798511888332e+00
7.790000000000000000e+02 -1.800000000000000000e+02 3.000000000000000000e+02 4.245289673527070207e+00
7.810000000000000000e+02 -1.800000000000000000e+02 3.000000000000000000e+02 3.236354399181055275e+00
7.830000000000000000e+02 -1.800000000000000000e+02 3.000000000000000000e+02 3.160540637041647116e+00
7.850000000000000000e+02 -1.800000000000000000e+02 3.000000000000000000e+02 6.476344548051178762e+00
7.870000000000000000e+02 -1.800000000000000000e+02 3.000000000000000000e+02 7.135949916363763634e+00
7.890000000000000000e+02 -1.800000000000000000e+02 3.000000000000000000e+02 7.446399267539645095e+00
7.910000000000000000e+02 -1.800000000000000000e+02 3.000000000000000000e+02 4.537774182128240241e+00
7.930000000000000000e+02 -1.800000000000000000e+02 3.000000000000000000e+02 4.360108012259241939e+00
7.950000000000000000e+02 -1.800000000000000000e+02 3.000000000000000000e+02 4.442507905407546254e+00
7.970000000000000000e+02 -1.800000000000000000e+02 3.000000000000000000e+02 6.344929262387829283e+00
7.990000000000000000e+02 -1.800000000000000000e+02 3.000000000000000000e+02 8.603974922224765010e+00
8.010000000000000000e+02 -1.800000000000000000e+02 3.000000000000000000e+02 3.709230408731153172e+00
8.030000000000000000e+02 -1.800000000000000000e+02 3.000000000000000000e+02 1.354113267275747656e+00
8.050000000000000000e+02 -1.800000000000000000e+02 3.000000000000000000e+02 1.330555992890052108e+00
8.070000000000000000e+02 -1.800000000000000000e+02 3.000000000000000000e+02 2.563705708974786557e+00
8.090000000000000000e+02 -1.800000000000000000e+02 3.000000000000000000e+02 3.242042781412753261e+00
8.110000000000000000e+02 -1.800000000000000000e+02 3.000000000000000000e+02 3.182598314760731295e+00
8.130000000000000000e+02 -1.800000000000000000e+02 3.000000000000000000e+02 3.306020776006962869e+00
8.150000000000000000e+02 -1.800000000000000000e+02 3.000000000000000000e+02 3.340586292630829846e+00
8.170000000000000000e+02 -1.800000000000000000e+02 3.000000000000000000e+02 3.190866198831343148e+00
8.190000000000000000e+02 -1.800000000000000000e+02 3.000000000000000000e+02 3.862951776747144628e+00
8.210000000000000000e+02 -1.800000000000000000e+02 3.000000000000000000e+02 5.231670301761337072e+00
8.230000000000000000e+02 -1.800000000000000000e+02 3.000000000000000000e+02 4.680495273702278247e+00
8.250000000000000000e+02 -1.800000000000000000e+02 3.000000000000000000e+02 4.217560698913075612e+00
8.270000000000000000e+02 -1.800000000000000000e+02 3.000000000000000000e+02 4.771852299769522077e+00
8.290000000000000000e+02 -1.800000000000000000e+02 3.000000000000000000e+02 5.909851308291933059e+00
8.310000000000000000e+02 -1.800000000000000000e+02 3.000000000000000000e+02 4.555181787684596806e+00
8.330000000000000000e+02 -1.800000000000000000e+02 3.000000000000000000e+02 4.914981889225803258e+00
8.350000000000000000e+02 -1.800000000000000000e+02 3.000000000000000000e+02 4.508276410472655371e+00
8.370000000000000000e+02 -1.800000000000000000e+02 3.000000000000000000e+02 3.465028736440367574e+00
8.390000000000000000e+02 -1.800000000000000000e+02 3.000000000000000000e+02 5.127669802720603798e+00
8.410000000000000000e+02 -1.800000000000000000e+02 3.000000000000000000e+02 6.336664232599908075e+00
8.430000000000000000e+02 -1.800000000000000000e+02 3.000000000000000000e+02 2.917041881657196800e+00
8.450000000000000000e+02 -1.800000000000000000e+02 3.000000000000000000e+02 4.292266290411665075e+00
8.470000000000000000e+02 -1.800000000000000000e+02 3.000000000000000000e+02 3.160440660444661543e+00
8.490000000000000000e+02 -1.800000000000000000e+02 3.000000000000000000e+02 6.095938067603931643e+00
8.510000000000000000e+02 -1.800000000000000000e+02 3.000000000000000000e+02 6.643007371370658554e+00
8.530000000000000000e+02 -1.800000000000000000e+02 3.000000000000000000e+02 4.935013710358180816e+00
8.550000000000000000e+02 -1.800000000000000000e+02 3.000000000000000000e+02 3.674325224137154233e+00
8.570000000000000000e+02 -1.800000000000000000e+02 3.000000000000000000e+02 3.097788838226883890e+00
8.590000000000000000e+02 -1.800000000000000000e+02 3.000000000000000000e+02 2.861258838109881353e+00
8.610000000000000000e+02 -1.800000000000000000e+02 3.000000000000000000e+02 4.603844338832643324e+00
8.630000000000000000e+02 -1.800000000000000000e+02 3.000000000000000000e+02 3.734550526638052315e+00
8.650000000000000000e+02 -1.800000000000000000e+02 3.000000000000000000e+02 3.573354898406892133e+00
8.670000000000000000e+02 -1.800000000000000000e+02 3.000000000000000000e+02 3.248128613444554613e+00
8.690000000000000000e+02 -1.800000000000000000e+02 3.000000000000000000e+02 3.700705911686979821e+00
8.710000000000000000e+02 -1.800000000000000000e+02 3.000000000000000000e+02 5.182346920457092665e+00
8.730000000000000000e+02 -1.800000000000000000e+02 3.000000000000000000e+02 4.739434909472064916e+00
8.750000000000000000e+02 -1.800000000000000000e+02 3.000000000000000000e+02 3.861512936801214657e+00
8.770000000000000000e+02 -1.800000000000000000e+02 3.000000000000000000e+02 3.546782212837839676e+00
8.790000000000000000e+02 -1.800000000000000000e+02 3.000000000000000000e+02 2.348140808705623694e+00
8.810000000000000000e+02 -1.800000000000000000e+02 3.000000000000000000e+02 3.834246826595292479e+00
8.830000000000000000e+02 -1.800000000000000000e+02 3.000000000000000000e+02 3.879220574314229619e+00
8.850000000000000000e+02 -1.800000000000000000e+02 3.000000000000000000e+02 1.811273378169507398e+00
8.870000000000000000e+02 -1.800000000000000000e+02 3.000000000000000000e+02 1.795999832692051656e+00
8.890000000000000000e+02 -1.800000000000000000e+02 3.000000000000000000e+02 2.836189185861971662e+00
8.910000000000000000e+02 -1.800000000000000000e+02 3.000000000000000000e+02 3.675607929211368585e+00
8.930000000000000000e+02 -1.800000000000000000e+02 3.000000000000000000e+02 3.540310669693064405e+00
