# InfraPy Beamforming (fk) Results
# 
# Data summary:
#     CC.TAVI.01.BDF	2023-05-08T13:05:30.940000Z - 2023-05-08T13:20:30.920000Z
#     CC.TAVI.02.BDF	2023-05-08T13:05:30.940000Z - 2023-05-08T13:20:30.920000Z
#     CC.TAVI.03.BDF	2023-05-08T13:05:30.940000Z - 2023-05-08T13:20:30.920000Z
# 
#   channel_cnt: 3
#   t0: 2023-05-08T13:05:30.940000Z
#   latitude: 46.795975
#   longitude: -121.884018
# 
# Algorithm parameters:
#   freq_min: 0.3
#   freq_max: 1.6
#   back_az_min: -180.0
#   back_az_max: 180.0
#   back_az_step: 2.0
#   trace_vel_min: 300.0
#   trace_vel_max: 600.0
#   trace_vel_step: 2.5
#   method: bartlett
#   signal_start: None
#   signal_end: None
#   window_len: 10.0
#   sub_window_len: None
#   window_step: 2.0
# 
# Time (rel t0) [s]      Back Az [deg]	           Tr. Velocity [m/s]       F-stat
5.000000000000000000e+00 9.285757659776602679e+01 4.656826729129769546e+02 1.167971077801148283e+01
7.000000000000000000e+00 9.635368322264891106e+01 4.537556376076082074e+02 3.174379071206358560e+01
9.000000000000000000e+00 1.081361577418007585e+02 4.807244009285597031e+02 1.703862729775936913e+01
1.100000000000000000e+01 1.106855439651521209e+02 4.191468955961352663e+02 1.461875726424126043e+01
1.300000000000000000e+01 8.396596615640561367e+01 5.981255759582004430e+02 1.965980969654104626e+01
1.500000000000000000e+01 3.246206526833452699e+01 5.426627368659043213e+02 1.085435791838359343e+01
1.700000000000000000e+01 1.014758620336757815e+02 5.981244128114038858e+02 1.006791245299277371e+01
1.900000000000000000e+01 1.214040174732266451e+02 2.993331928048037298e+02 8.711538156932162380e+00
2.100000000000000000e+01 1.208933460486936724e+02 2.993770343678856989e+02 1.258399115952056135e+01
2.300000000000000000e+01 1.056332615400153543e+02 2.993763572503399928e+02 5.431114695213880239e+00
2.500000000000000000e+01 1.090043414594670708e+02 2.993729655373936680e+02 3.029894292460521665e+00
2.700000000000000000e+01 1.077920658818911903e+02 4.188882275370788193e+02 8.745719308118797386e+00
2.900000000000000000e+01 1.079570885595422851e+02 2.993751318995715565e+02 1.359321333126087872e+01
3.100000000000000000e+01 1.087425270124858088e+02 4.697362206446583741e+02 1.113636956973759240e+01
3.300000000000000000e+01 7.675016374078730053e+01 5.981179769761216676e+02 1.309176301900108541e+01
3.500000000000000000e+01 1.030489292752501314e+02 5.981262690332293914e+02 2.381852214112236865e+01
3.700000000000000000e+01 1.173894278579083448e+02 5.980679984276264349e+02 5.145896055992200502e+01
3.900000000000000000e+01 1.074326536038035300e+02 5.063399724328319849e+02 1.355884578487999370e+01
4.100000000000000000e+01 1.057637908613806701e+02 5.636807811139032083e+02 1.264758200961964185e+01
4.300000000000000000e+01 1.095871796836702572e+02 5.981242051391394625e+02 1.382232283556532515e+01
4.500000000000000000e+01 1.210585307302368534e+02 5.970847251123949491e+02 1.196188319033744563e+01
4.700000000000000000e+01 1.258060431824656860e+02 5.981238247416878266e+02 7.871971290970673607e+00
4.900000000000000000e+01 9.373482385623992741e+01 3.747979544426793268e+02 1.076106979480640113e+01
5.100000000000000000e+01 9.989472776481892424e+01 4.379996143856114372e+02 1.417945874574527210e+01
5.300000000000000000e+01 1.267939900400689908e+02 4.696478222852460362e+02 8.132288727744970913e+00
5.500000000000000000e+01 1.265538057532879463e+02 4.396386590349668495e+02 8.400543112766154508e+00
5.700000000000000000e+01 -1.759770282316893599e+02 4.353827865206833394e+02 9.466227871842486152e+00
5.900000000000000000e+01 1.252831065412717919e+02 4.910485423662740345e+02 8.121381784288432826e+00
6.100000000000000000e+01 1.217278306461193154e+02 2.993185958659253174e+02 6.612461974238796003e+00
6.300000000000000000e+01 1.330997330125902636e+02 4.049966967215332829e+02 6.815392523243448686e+00
6.500000000000000000e+01 -4.645078560843035831e+01 5.981226684645903333e+02 7.892646760633424741e+00
6.700000000000000000e+01 1.197671902263867452e+02 5.981231870278760425e+02 5.137495453317154848e+00
6.900000000000000000e+01 1.173246298882398264e+02 4.539353829699698508e+02 7.670574816080127256e+00
7.100000000000000000e+01 1.107802866344059396e+02 5.981237677489292537e+02 9.105797395877900158e+00
7.300000000000000000e+01 -6.634760428722482573e+01 5.978965435597857550e+02 1.040438054458445016e+01
7.500000000000000000e+01 7.932847377730945482e+01 5.981320017660461872e+02 9.638812565046354308e+00
7.700000000000000000e+01 9.601020634132717646e+01 5.689110617022696488e+02 1.069345489670693006e+01
7.900000000000000000e+01 -3.155034191478219796e+01 5.981302411107284343e+02 8.027123343820585788e+00
8.100000000000000000e+01 -5.591123803121453761e+01 5.981250695050592867e+02 1.126706594529055927e+01
8.300000000000000000e+01 1.052963187183592169e+02 3.817192447189304971e+02 7.268204960766198930e+00
8.500000000000000000e+01 -5.126812712596179722e+01 5.981438054479647235e+02 5.137997832694786382e+00
8.700000000000000000e+01 -7.151874529969667549e+01 5.981263763761522796e+02 5.368696653881948500e+00
8.900000000000000000e+01 1.562083247146616145e+02 5.981259231864517005e+02 9.067536822904239457e+00
9.100000000000000000e+01 1.299141907220081862e+02 5.981242858012403758e+02 1.308963843358294277e+01
9.300000000000000000e+01 8.418107307188340371e+01 5.981240547383488320e+02 7.143782948085022788e+00
9.500000000000000000e+01 9.665147821849984666e+01 5.258469030331448266e+02 1.318919901396490246e+01
9.700000000000000000e+01 9.225302216978869296e+01 5.981246457073633565e+02 9.772480780873303630e+00
9.900000000000000000e+01 8.912862556841263029e+01 5.981383487032154562e+02 6.311295816029869776e+00
1.010000000000000000e+02 5.701924740224816901e+01 5.981470494007385241e+02 4.772402080954648795e+00
1.030000000000000000e+02 1.428020898547899264e+02 4.661620033488081276e+02 1.243289797528907847e+01
1.050000000000000000e+02 1.243811055226652371e+02 4.342852750626655052e+02 1.816743472307848251e+01
1.070000000000000000e+02 1.217826437098438248e+02 5.668904443643544937e+02 2.765035351459680157e+01
1.090000000000000000e+02 1.222991933886434026e+02 5.981266908916037437e+02 1.699791794219417085e+01
1.110000000000000000e+02 9.070584749490492982e+01 5.472991362793693497e+02 1.591476467348876156e+01
1.130000000000000000e+02 1.094399625697555791e+02 4.971081543756752126e+02 4.884357311152287906e+01
1.150000000000000000e+02 1.144436978768459738e+02 5.870121425348165758e+02 1.367961418743016822e+01
1.170000000000000000e+02 1.062795647877608047e+02 2.993746910569468582e+02 2.047880176905758631e+01
1.190000000000000000e+02 1.031063176937795731e+02 2.993730688354565928e+02 1.200412001328082390e+01
1.210000000000000000e+02 1.345695125692383556e+02 2.993955522924676984e+02 1.649053047730046018e+01
1.230000000000000000e+02 1.483709902142160786e+02 3.792331260579132390e+02 5.814385881912530252e+00
1.250000000000000000e+02 1.235769361412188232e+02 4.232951167852899061e+02 5.951439785583983344e+00
1.270000000000000000e+02 9.156237802681340554e+01 4.928752187089525023e+02 8.554134069281298380e+00
1.290000000000000000e+02 -7.381326491428474412e+01 5.981254489356654176e+02 7.355427892306419579e+00
1.310000000000000000e+02 9.923044111706791170e+01 3.188855988258660545e+02 4.677758925715661320e+00
1.330000000000000000e+02 1.182672929412280922e+02 3.461500669070271101e+02 6.094763591496191957e+00
1.350000000000000000e+02 1.141120008522181877e+02 3.784800641550278328e+02 1.055464559238422240e+01
1.370000000000000000e+02 1.190273135603055579e+02 5.981146603130346193e+02 7.593617006961118854e+00
1.390000000000000000e+02 -1.630300315515788441e+02 2.993334376811099560e+02 3.952482460898168348e+00
1.410000000000000000e+02 -1.642396658952307860e+02 2.993752795293625013e+02 2.358854292812827769e+00
1.430000000000000000e+02 -1.737806836477248282e+02 2.993746088728879613e+02 3.713649176305590771e+00
1.450000000000000000e+02 1.376911045426397209e+02 5.981213888271371388e+02 6.294816661089821075e+00
1.470000000000000000e+02 1.118529553977298860e+02 3.882945751654245328e+02 2.660850043534370712e+00
1.490000000000000000e+02 1.187169235725636440e+02 2.994006726340231239e+02 2.282219442471344006e+00
1.510000000000000000e+02 -8.232956369178704392e+01 5.981261045177550386e+02 3.370188901519919789e+00
1.530000000000000000e+02 7.992461393808459036e+01 4.744948042568660753e+02 8.217849567550844725e+00
1.550000000000000000e+02 8.556175725639045027e+01 3.298702380577001350e+02 6.509582897418024316e+00
1.570000000000000000e+02 9.345409593426111883e+01 2.993817856222693194e+02 1.283472254180065519e+01
1.590000000000000000e+02 1.201196729312591032e+02 4.592561724304296149e+02 8.626728251514123258e+00
1.610000000000000000e+02 1.094263731898155925e+02 5.981058617374367259e+02 5.247764671867431119e+00
1.630000000000000000e+02 1.144972547699768910e+02 3.379342063770269533e+02 1.977066402698298120e+01
1.650000000000000000e+02 1.064208916764192168e+02 4.227739253379959905e+02 1.495537507601510363e+01
1.670000000000000000e+02 8.949134011549577394e+01 5.155946886930597657e+02 1.694338508132907251e+01
1.690000000000000000e+02 7.101134101527691200e+01 4.155787814685111243e+02 6.677762871739011175e+00
1.710000000000000000e+02 -3.231876401137150623e+01 5.862266826065664418e+02 3.736589143350480313e+00
1.730000000000000000e+02 1.403028589980221739e+02 5.342470013526225330e+02 6.898919884310908301e+00
1.750000000000000000e+02 1.333303174277104404e+02 5.981177161478798325e+02 1.048351371434123180e+01
1.770000000000000000e+02 1.027623279221474206e+02 5.981248363484230595e+02 1.053269126529018429e+01
1.790000000000000000e+02 -1.150875370844947980e+02 5.981215042665064630e+02 6.352835071401536027e+00
1.810000000000000000e+02 -1.020894961563658825e+02 4.751388853206983640e+02 6.850925551201090258e+00
1.830000000000000000e+02 1.735800646733297583e+02 5.981226886779011238e+02 1.006055969956776330e+01
1.850000000000000000e+02 1.184190337080484454e+02 4.732067914403406803e+02 5.741427634556358406e+00
1.870000000000000000e+02 1.337013545703613318e+02 4.177365177382246770e+02 5.493175719871401519e+00
1.890000000000000000e+02 1.154040115717669721e+02 4.578036704204509419e+02 1.315241977687350605e+01
1.910000000000000000e+02 1.107414396112652497e+02 5.609027806739914013e+02 2.769476063328499293e+01
1.930000000000000000e+02 1.168185852539438656e+02 5.981298004011231342e+02 1.157511605913961539e+01
1.950000000000000000e+02 8.271633460698114959e+01 5.981158057345201087e+02 1.248665009934935810e+01
1.970000000000000000e+02 9.896055565208214944e+01 2.993583793797731119e+02 6.966915328233223015e+00
1.990000000000000000e+02 1.023485675693837038e+02 2.993696096636106176e+02 5.193504794332288732e+00
2.010000000000000000e+02 1.064560901314288799e+02 2.993770181121632845e+02 1.296735488540392334e+00
2.030000000000000000e+02 -1.089886000402743917e+02 2.993713281306210661e+02 8.560563953787801994e-01
2.050000000000000000e+02 -1.206691281167440337e+02 4.487412280922895320e+02 2.894378719717106918e+00
2.070000000000000000e+02 1.760678667181480535e+02 5.981272570019064005e+02 5.911216607944440149e+00
2.090000000000000000e+02 1.508189783105348738e+02 4.368902666753323842e+02 4.505846891342948801e+00
2.110000000000000000e+02 1.212013032305649887e+02 2.993615291158008063e+02 2.006584840345086551e+00
2.130000000000000000e+02 1.230491930824947815e+02 5.791497020515031409e+02 4.830978402592973175e+00
2.150000000000000000e+02 1.501288413297085071e+02 5.164357336638075822e+02 8.309990047255677581e+00
2.170000000000000000e+02 -1.552040145309620698e+02 5.810103581651294462e+02 7.541144601879586240e+00
2.190000000000000000e+02 -1.140189665927893543e+02 4.107909524829688621e+02 2.878072970001069653e+00
2.210000000000000000e+02 -1.664953453710926965e+02 2.993262667597598465e+02 2.156846982789356826e+00
2.230000000000000000e+02 -1.591529048307563698e+02 3.231779373948191392e+02 3.976646429651849335e+00
2.250000000000000000e+02 -1.198209427776686198e+02 3.592202707937062769e+02 4.202466741808673412e+00
2.270000000000000000e+02 1.274931066084961060e+02 5.981117201594657899e+02 6.611789649852709339e+00
2.290000000000000000e+02 1.150246730024628619e+02 5.981314190586134600e+02 4.708690918053847874e+00
2.310000000000000000e+02 1.142135208343679267e+02 3.912591895752633491e+02 8.366231692355748706e+00
2.330000000000000000e+02 1.087820390906764061e+02 3.039322846205585620e+02 6.573847421963010085e+00
2.350000000000000000e+02 1.303136300095653723e+02 2.993877946270125676e+02 1.257287860100296228e+01
2.370000000000000000e+02 1.194983197549225906e+02 5.981219442829246873e+02 9.715362145417282491e+00
2.390000000000000000e+02 1.084725443722974205e+02 5.981250247943542036e+02 1.132766240840835081e+01
2.410000000000000000e+02 1.519686461923959087e+02 4.758204060446344670e+02 7.963427719192911702e+00
2.430000000000000000e+02 1.626337442446321973e+02 4.500432545210279613e+02 6.052483671455751058e+00
2.450000000000000000e+02 -6.792620230684191540e+01 5.981251974309351453e+02 6.811405555118906996e+00
2.470000000000000000e+02 1.184356364695916710e+02 4.407236237511893364e+02 4.715258668174954870e+00
2.490000000000000000e+02 1.115076503141415287e+02 3.124293107865262300e+02 6.987717304868840351e+00
2.510000000000000000e+02 1.354943850648414525e+02 3.968021388769350324e+02 4.069428940898164981e+00
2.530000000000000000e+02 -1.804750260296196700e+02 5.981230714634293690e+02 6.447153217220343180e+00
2.550000000000000000e+02 1.175307098382930207e+02 4.258600436466729775e+02 9.324264200074797060e+00
2.570000000000000000e+02 9.731438935613707031e+01 2.993573077411633676e+02 7.767771179058680531e+00
2.590000000000000000e+02 1.230174228528835130e+02 4.178090226269366099e+02 1.005066692735288569e+01
2.610000000000000000e+02 1.370447038363028014e+02 4.177278439828198771e+02 5.984903834250200561e+00
2.630000000000000000e+02 1.179038877943610544e+02 3.844555183679175911e+02 4.588916098596333093e+00
2.650000000000000000e+02 8.194906958738262404e+01 2.993768305639028995e+02 4.388241652296349216e+00
2.670000000000000000e+02 1.045817518375470030e+02 5.069102357025265633e+02 8.379689777801358375e+00
2.690000000000000000e+02 1.207450792880137840e+02 5.981396952683836616e+02 1.298054581264165819e+01
2.710000000000000000e+02 1.519595892707634732e+02 5.981245363137364848e+02 1.042914278365844893e+01
2.730000000000000000e+02 1.280899034723431100e+02 5.981255958940682831e+02 6.362667822272363161e+00
2.750000000000000000e+02 -8.640490044360534228e+01 4.571512079999495199e+02 6.262318229130146463e+00
2.770000000000000000e+02 1.647913264256189052e+02 5.981314709958763842e+02 4.963715926411708779e+00
2.790000000000000000e+02 9.870169944519341243e+01 3.735710907771070310e+02 1.178784419992721766e+01
2.810000000000000000e+02 9.428343037879665189e+01 5.981235514075867741e+02 2.033695927966240902e+01
2.830000000000000000e+02 7.321356012782973721e+01 5.981286753368309519e+02 1.161645545697123971e+01
2.850000000000000000e+02 9.487987548575453900e+01 5.981185698919005063e+02 1.878816178763713651e+01
2.870000000000000000e+02 8.648708821887260001e+01 4.890667732635509992e+02 3.451082799815345936e+01
2.890000000000000000e+02 9.086769583607886602e+01 5.048203223486370916e+02 1.281157614122555266e+01
2.910000000000000000e+02 8.189536078991562817e+01 2.993746617784570958e+02 3.620126847234401257e+00
2.930000000000000000e+02 1.072530322311276478e+02 5.981199510539681796e+02 5.948135454190421001e+00
2.950000000000000000e+02 9.672348479579375180e+01 5.420065654226823426e+02 1.197620496983351757e+01
2.970000000000000000e+02 9.800035721554405654e+01 3.180411074426723417e+02 1.479179849268257918e+01
2.990000000000000000e+02 9.595048806039439171e+01 3.511362732963921189e+02 1.413159924349913865e+01
3.010000000000000000e+02 9.296851843600275345e+01 5.981201970012315314e+02 1.042168165102554056e+01
3.030000000000000000e+02 1.262652288188795353e+02 3.574938226702754491e+02 1.124983086873250571e+01
3.050000000000000000e+02 1.090129185183986067e+02 5.981214419028170823e+02 1.409114707938496025e+01
3.070000000000000000e+02 1.114930588413287751e+02 5.984564212210665346e+02 8.843947040010098348e+00
3.090000000000000000e+02 1.153885663904750487e+02 3.972592691891305208e+02 6.160927479771924453e+00
3.110000000000000000e+02 4.450429287687798308e+01 5.981206104813616093e+02 8.317798409616132815e+00
3.130000000000000000e+02 5.380114212044799160e+01 5.981263136061663772e+02 1.159484116507262996e+01
3.150000000000000000e+02 1.119715517028370613e+02 5.981249614434785826e+02 6.163529399070213799e+00
3.170000000000000000e+02 1.235033307030129635e+02 5.981227275655909352e+02 8.572708078593574754e+00
3.190000000000000000e+02 9.946974083317631710e+01 5.981254204417334677e+02 1.949279780108020788e+01
3.210000000000000000e+02 5.531054985228334431e+01 5.981374884285762619e+02 1.868513826715204829e+01
3.230000000000000000e+02 8.148128373799404756e+01 2.994263811834655371e+02 6.353615441335307423e+00
3.250000000000000000e+02 1.113038539039538222e+02 2.994017704840881038e+02 1.015764049771569155e+01
3.270000000000000000e+02 9.417129337987556426e+01 4.487288062021683004e+02 7.114284387207689520e+00
3.290000000000000000e+02 -1.459271216255764614e+01 4.526725833265829237e+02 6.871121003495317403e+00
3.310000000000000000e+02 -2.790986522014943816e+01 5.981265224380691734e+02 5.541597033168545572e+00
3.330000000000000000e+02 -4.861200401219490175e+01 5.981240543022772727e+02 6.244865042320246751e+00
3.350000000000000000e+02 -1.761716453347343858e+01 4.632545653149857685e+02 1.034724828744551672e+01
3.370000000000000000e+02 -3.335500125972111363e+01 5.827541953819751370e+02 2.715123834036639039e+01
3.390000000000000000e+02 -4.321274305489892242e+01 5.981304606656887017e+02 2.052918824833773215e+01
3.410000000000000000e+02 6.552325020316523307e+01 5.981274195660743089e+02 1.228808241361712739e+01
3.430000000000000000e+02 6.403048044932191374e+01 5.981246906369192402e+02 1.249198083980648555e+01
3.450000000000000000e+02 5.727562467623263842e+01 5.982287497188606267e+02 7.837774755061897913e+00
3.470000000000000000e+02 1.113630215684508755e+02 5.981231457219763570e+02 1.114411120172109904e+01
3.490000000000000000e+02 9.944876510329497421e+01 5.573451324344068780e+02 1.023059390446824324e+01
3.510000000000000000e+02 8.950358915626253520e+01 5.888284176746207095e+02 1.842380807257485742e+01
3.530000000000000000e+02 1.030948827099423823e+02 5.394406776278648294e+02 2.681940386039822499e+01
3.550000000000000000e+02 8.467523362484047311e+01 5.981129602037568702e+02 1.577113611149749772e+01
3.570000000000000000e+02 1.476739151996283965e+02 5.981231482823326360e+02 8.550372212052963050e+00
3.590000000000000000e+02 1.558956547567020721e+02 4.473672771743030694e+02 9.838013442395178387e+00
3.610000000000000000e+02 1.310691846061592685e+02 5.980546165161571253e+02 1.093312459863427577e+01
3.630000000000000000e+02 1.401973526688969400e+02 4.013648095208546920e+02 8.098664913185869452e+00
3.650000000000000000e+02 1.100817776681423368e+02 4.214908969682367115e+02 1.145289011317294658e+01
3.670000000000000000e+02 1.186634653681814910e+02 3.528426451679598586e+02 1.114391546097157715e+01
3.690000000000000000e+02 9.865372364950987105e+01 3.414847884135069194e+02 1.872803140713746473e+01
3.710000000000000000e+02 9.182039534767778832e+01 2.993851838023963410e+02 6.799773273327970990e+00
3.730000000000000000e+02 1.116836752405465631e+02 5.981203367200361072e+02 4.998735759320641847e+00
3.750000000000000000e+02 1.609956743995500403e+02 5.981251138483291925e+02 6.807179753464566829e+00
3.770000000000000000e+02 1.713549767590862132e+02 5.981220747157634605e+02 7.367310768895999118e+00
3.790000000000000000e+02 1.350803156952501922e+02 4.743130530482956146e+02 8.026326132172940220e+00
3.810000000000000000e+02 8.761514924389163639e+01 5.981240024902077721e+02 6.972412198733878519e+00
3.830000000000000000e+02 1.488599548655783451e+02 4.507161680587501564e+02 5.440174305676096722e+00
3.850000000000000000e+02 1.320717746607963363e+02 2.993789237170926185e+02 2.957366131066421655e+00
3.870000000000000000e+02 1.302320926011852862e+02 5.981258865931457649e+02 4.670929559794685382e+00
3.890000000000000000e+02 1.259316815719247131e+02 5.981247842324652311e+02 6.128412918110293539e+00
3.910000000000000000e+02 -1.752275317997747095e+02 5.981270023858709237e+02 8.850833620930712797e+00
3.930000000000000000e+02 -4.516957144980482752e+01 5.981280321631251127e+02 6.242351994926640835e+00
3.950000000000000000e+02 1.509417165229615421e+02 4.284959704753479173e+02 4.943261110179443030e+00
3.970000000000000000e+02 1.580088449595405962e+02 5.184182840977554179e+02 6.195737352771562456e+00
3.990000000000000000e+02 8.480878712648031126e+01 3.611044571696422167e+02 3.178722857357796361e+00
4.010000000000000000e+02 7.469139145358825260e+01 2.993730611601502574e+02 2.910086062898544323e+00
4.030000000000000000e+02 9.438838984459142978e+01 2.993753196599998887e+02 2.443603685863388275e+00
4.050000000000000000e+02 8.888938276626387847e+01 2.993755432603626332e+02 4.862845688105354114e+00
4.070000000000000000e+02 8.114665442752577462e+01 4.489240634747590661e+02 1.346841699473942633e+01
4.090000000000000000e+02 6.998733664126194753e+01 4.930323719036047692e+02 2.137412898003709927e+02
4.110000000000000000e+02 6.896563324291497565e+01 5.035892974386663923e+02 3.504434089967988939e+02
4.130000000000000000e+02 6.739213367868751448e+01 5.098524397296832831e+02 6.143947715678773420e+02
4.150000000000000000e+02 6.925202946226571044e+01 4.932089829697695791e+02 7.128142556856070087e+02
4.170000000000000000e+02 6.718737718775497569e+01 4.986028208710340550e+02 5.652818277859321370e+02
4.190000000000000000e+02 6.760428370117431029e+01 4.705023860453222824e+02 6.634280724583999245e+02
4.210000000000000000e+02 6.557293503892049102e+01 5.055878330249081500e+02 3.650275755552340229e+02
4.230000000000000000e+02 6.732908339644481543e+01 4.790543098161865032e+02 1.603227906464031776e+02
4.250000000000000000e+02 6.743585363832283974e+01 4.183750213209321487e+02 8.084322404820748886e+01
4.270000000000000000e+02 6.602520460369578359e+01 5.646538310296941745e+02 5.378051497864673536e+01
4.290000000000000000e+02 7.007058178733980469e+01 3.879653085995637980e+02 9.392964477812890323e+01
4.310000000000000000e+02 6.955301823859022647e+01 4.276786219728818992e+02 8.118574781514983840e+01
4.330000000000000000e+02 6.741400310683252428e+01 4.461378417795961582e+02 1.600128871380085371e+01
4.350000000000000000e+02 7.266859866313956218e+01 3.975308673891287867e+02 2.260500379714735786e+01
4.370000000000000000e+02 7.353784217914278543e+01 5.981600603727335965e+02 2.504530386145529874e+01
4.390000000000000000e+02 6.742571883559273260e+01 5.981443933408826297e+02 1.117204900248090382e+01
4.410000000000000000e+02 5.041308282709780286e+01 5.981177423335233243e+02 8.731106897178200654e+00
4.430000000000000000e+02 3.631880121793426497e+01 5.980439399731737922e+02 1.205496507348244961e+01
4.450000000000000000e+02 -8.698830611123869971e+01 5.981296033503414264e+02 4.212791842324013913e+01
4.470000000000000000e+02 -8.706881466896851407e+01 5.981209762554891540e+02 3.308318860116888516e+01
4.490000000000000000e+02 1.131989218573264679e+02 5.981228004266616836e+02 1.985170887470204804e+01
4.510000000000000000e+02 6.682895818549147293e+01 4.095892385365619930e+02 3.807913120985821820e+01
4.530000000000000000e+02 6.872291583271272941e+01 5.025748462092385012e+02 1.291886668796831259e+02
4.550000000000000000e+02 7.318714990740643600e+01 4.662490164533364805e+02 1.333962472805498010e+02
4.570000000000000000e+02 7.193907096926155020e+01 5.981294073719900553e+02 2.303678062909147570e+02
4.590000000000000000e+02 7.118206816259581160e+01 5.982205616338743539e+02 3.744713928902924067e+02
4.610000000000000000e+02 7.344607096935706636e+01 5.981333602683231447e+02 1.897986387886321324e+02
4.630000000000000000e+02 8.270487415777473927e+01 5.981197407903846397e+02 3.841572771143646037e+01
4.650000000000000000e+02 -4.922467647095989207e+01 5.981280218537283417e+02 1.097252746201403895e+01
4.670000000000000000e+02 -1.093998653602598239e+02 3.763999815826966255e+02 1.142863475567988907e+01
4.690000000000000000e+02 -8.719474544204402378e+01 3.650539266361093951e+02 1.051682781947802781e+01
4.710000000000000000e+02 -3.482817917883219394e+01 5.981228060097707839e+02 7.129357430499276838e+00
4.730000000000000000e+02 9.239543902906424933e+01 5.981234933237959694e+02 3.101162378249586027e+01
4.750000000000000000e+02 8.519060996305991296e+01 5.981276871350709143e+02 2.686496747671691665e+01
4.770000000000000000e+02 8.389171433862254901e+01 5.981260570307224498e+02 2.033567782151964565e+01
4.790000000000000000e+02 1.166966509933040328e+02 3.915074679459470985e+02 2.344324252259700714e+01
4.810000000000000000e+02 1.405496436059953851e+02 5.755007311179525686e+02 2.365399890695006135e+01
4.830000000000000000e+02 1.226106671667278931e+02 5.817132080508397394e+02 2.400308288224904985e+01
4.850000000000000000e+02 9.929308138816038820e+01 5.981271648839475574e+02 1.198652547153515258e+01
4.870000000000000000e+02 1.711812568309825053e+02 5.981244228910702532e+02 7.444956428651166469e+00
4.890000000000000000e+02 -1.785366149172971291e+02 2.993734216063813847e+02 9.552647892071714608e+00
4.910000000000000000e+02 1.762794912188850276e+02 4.443664425947584959e+02 1.105274416242037105e+01
4.930000000000000000e+02 1.378882629064085279e+02 5.981223728068960099e+02 8.326924207380475451e+00
4.950000000000000000e+02 8.735199786446092673e+01 5.692137648444104343e+02 1.484053479490715688e+01
4.970000000000000000e+02 1.053496293669813184e+02 4.575002587272957157e+02 1.138666684175609234e+01
4.990000000000000000e+02 1.123962426378037378e+02 4.282004503686037538e+02 1.220149631784196131e+01
5.010000000000000000e+02 9.865840378245691511e+01 5.362644228800238579e+02 1.934585349764018503e+01
5.030000000000000000e+02 1.095495525570615456e+02 5.981235413552841464e+02 1.980332246966634813e+01
5.050000000000000000e+02 1.332548271679694096e+02 5.981000710920490064e+02 1.021286311399470392e+01
5.070000000000000000e+02 -9.095032028960321213e+01 5.981274670964938878e+02 1.221885100558157689e+01
5.090000000000000000e+02 1.256814383412917664e+02 3.641423998026485265e+02 1.108802806951392839e+01
5.110000000000000000e+02 1.317850404051912392e+02 3.049943679686654150e+02 6.614222994107219478e+00
5.130000000000000000e+02 1.270942986041000324e+02 5.981141221773588086e+02 8.867845222854846554e+00
5.150000000000000000e+02 1.185368127186703759e+02 5.981324084149410965e+02 1.826718146160219902e+01
5.170000000000000000e+02 1.280616283908213404e+02 4.764797073324880898e+02 1.825743326791592835e+01
5.190000000000000000e+02 1.306809131120313623e+02 4.212817768422135600e+02 1.978281766096992556e+01
5.210000000000000000e+02 1.078581698415718648e+02 3.072635512873114294e+02 1.326389222978528792e+01
5.230000000000000000e+02 1.038144983441022049e+02 4.134117479450847554e+02 8.691652829691426163e+00
5.250000000000000000e+02 9.745674115864109410e+01 3.913486811251880226e+02 6.532113820598850040e+00
5.270000000000000000e+02 1.000414611696927381e+02 5.218000752545358409e+02 1.988707971116125961e+01
5.290000000000000000e+02 -6.761425654061375212e+01 5.981256723369936026e+02 1.383213834312969048e+01
5.310000000000000000e+02 -4.536506990047440269e+01 5.981308389907376295e+02 1.741668854849847037e+01
5.330000000000000000e+02 8.783099276486740337e+01 3.590624302915254020e+02 1.099548954830865988e+01
5.350000000000000000e+02 8.255975746542748084e+01 3.663453450269872178e+02 9.762908705151112088e+00
5.370000000000000000e+02 1.175037957514278446e+02 5.684803108580179014e+02 1.117949513552450114e+01
5.390000000000000000e+02 1.257857460709646773e+02 3.934507234434115048e+02 1.328872541163230814e+01
5.410000000000000000e+02 1.168595896099336642e+02 5.981183456030514662e+02 1.434177887601556733e+01
5.430000000000000000e+02 9.605103001867512091e+01 5.981221183633110741e+02 8.383524121841432475e+00
5.450000000000000000e+02 -8.963309238882121122e+01 3.011166699561273958e+02 5.950412830719448820e+00
5.470000000000000000e+02 1.097121600993861819e+02 5.981232200847210834e+02 8.813256324097334726e+00
5.490000000000000000e+02 1.035348623718755050e+02 5.981314416773434459e+02 3.303449347794035162e+01
5.510000000000000000e+02 1.099583636588480147e+02 5.981253842202968372e+02 1.996200255116163547e+01
5.530000000000000000e+02 9.568012305658976402e+01 5.981274851013497482e+02 4.848800968766024511e+00
5.550000000000000000e+02 1.315530674807915830e+02 4.608380220733481565e+02 8.410356080883344632e+00
5.570000000000000000e+02 -1.786794950322452564e+02 4.937447915169748853e+02 1.133928690466216516e+01
5.590000000000000000e+02 1.175085767281614437e+02 5.981235256477777966e+02 4.356273894978452077e+00
5.610000000000000000e+02 9.864333321648503272e+01 5.980950769198808530e+02 7.137691697508006250e+00
5.630000000000000000e+02 1.148422353879796418e+02 4.829942542832704362e+02 1.218179870019737976e+01
5.650000000000000000e+02 1.202515480246305657e+02 5.981469169452044525e+02 8.522755525017814193e+00
5.670000000000000000e+02 1.061259796559051551e+02 4.230764942343830057e+02 8.442978493910505478e+00
5.690000000000000000e+02 1.154299991087062267e+02 3.284293463158750797e+02 1.832059226094113313e+01
5.710000000000000000e+02 1.103328920914401152e+02 2.987982939770317898e+02 1.632741175941577794e+01
5.730000000000000000e+02 8.529689009388754073e+01 5.981290733470896157e+02 2.042848670831738289e+01
5.750000000000000000e+02 1.670033391200803123e+02 5.981294347022653710e+02 7.375260190292872942e+00
5.770000000000000000e+02 9.646665629088415983e+01 5.218786226574807188e+02 6.394137918474486426e+00
5.790000000000000000e+02 8.905219977973726486e+01 5.981501715720352195e+02 1.018274117784329391e+01
5.810000000000000000e+02 1.101178854177600783e+02 4.120461689059308128e+02 1.172060810769811035e+01
5.830000000000000000e+02 1.252229362359895646e+02 4.446693756533366582e+02 2.069505595844395529e+01
5.850000000000000000e+02 1.173303805490872094e+02 4.060456575317326724e+02 2.308010252329996348e+01
5.870000000000000000e+02 1.515456899452009338e+02 5.663882451806229028e+02 7.602563081565478775e+00
5.890000000000000000e+02 1.397285838526639736e+02 4.125783148823477404e+02 9.097193028541251891e+00
5.910000000000000000e+02 1.340725077100015312e+02 4.714656198923165107e+02 8.003104576899470857e+00
5.930000000000000000e+02 1.204482555583842753e+02 4.127499522656192426e+02 1.644474318429314508e+01
5.950000000000000000e+02 1.426832282272945065e+02 5.987265471694271355e+02 9.676889684254753377e+00
5.970000000000000000e+02 -1.072256521904081552e+02 5.981196781911228300e+02 6.749546962994734223e+00
5.990000000000000000e+02 1.068106372421316763e+02 5.981206362282516693e+02 7.063359095114638997e+00
6.010000000000000000e+02 9.502817692410140182e+01 5.302204026922225921e+02 1.218654374992117795e+01
6.030000000000000000e+02 1.163254667825656838e+02 3.589302291915654450e+02 1.737925548198925796e+01
6.050000000000000000e+02 1.159792399354398498e+02 3.298974547148422971e+02 1.628472903236582070e+01
6.070000000000000000e+02 1.165975401138623369e+02 3.027347116845131154e+02 8.180299932184285083e+00
6.090000000000000000e+02 1.450148108787498984e+02 4.801470415887328613e+02 1.180300411135423566e+01
6.110000000000000000e+02 1.330773174358606923e+02 4.314444849772771136e+02 5.313078413715079940e+00
6.130000000000000000e+02 1.053773132618718336e+02 4.877603130671456597e+02 7.456812899303077558e+00
6.150000000000000000e+02 1.360123073794253514e+02 4.286304852666838201e+02 1.155660237731874851e+01
6.170000000000000000e+02 1.450532477645849951e+02 5.981150099214826241e+02 1.556450220404297013e+01
6.190000000000000000e+02 1.328336728167989520e+02 5.981300228276262487e+02 1.812883374201326347e+01
6.210000000000000000e+02 1.215905609228376392e+02 5.981213474027985058e+02 1.928010270557240347e+01
6.230000000000000000e+02 9.590345887568510364e+01 2.993782811737163456e+02 6.966455931712365768e+00
6.250000000000000000e+02 9.665974475981120406e+01 5.981220479256544422e+02 1.166392482653509077e+01
6.270000000000000000e+02 -5.348775046104897513e+01 5.981259200755362144e+02 1.167359400144132131e+01
6.290000000000000000e+02 -5.814367427060307847e+01 5.276506041890589813e+02 9.532603247164489702e+00
6.310000000000000000e+02 -2.423651069235554800e+01 5.981212632753811249e+02 5.379606708880500854e+00
6.330000000000000000e+02 1.043187166344191041e+02 3.295746712879353026e+02 4.389686803652640634e+00
6.350000000000000000e+02 1.012677927819525223e+02 4.975164358933210451e+02 1.006016846346016180e+01
6.370000000000000000e+02 1.097810867853674495e+02 4.507879001169376920e+02 8.985371681716276981e+00
6.390000000000000000e+02 1.157763252998581009e+02 3.751950795255874027e+02 6.379171874944908893e+00
6.410000000000000000e+02 1.054338492904959850e+02 3.932635703113677437e+02 5.866989367202565475e+00
6.430000000000000000e+02 8.260869090826695071e+01 5.981013966918749247e+02 9.256198076520449902e+00
6.450000000000000000e+02 7.310685954481151327e+01 5.981370514159417553e+02 7.015464111417240467e+00
6.470000000000000000e+02 9.551643406448590667e+01 4.017270476614131098e+02 1.023766464936348264e+01
6.490000000000000000e+02 1.127717977540300609e+02 5.981315626141335997e+02 7.389676938152105912e+00
6.510000000000000000e+02 9.882938899768194574e+01 3.295420852027949081e+02 6.380036789558397814e+00
6.530000000000000000e+02 1.124562620218005691e+02 4.788708871072016677e+02 7.523759722032433928e+00
6.550000000000000000e+02 8.316843486525185369e+01 5.031222143627469450e+02 1.755260075818761223e+01
6.570000000000000000e+02 9.801617616008233824e+01 4.256809703173720436e+02 8.378999815168400644e+00
6.590000000000000000e+02 1.053889669348142490e+02 5.317592992863974359e+02 1.126309657537500541e+01
6.610000000000000000e+02 9.445910182837394586e+01 5.014284439858012661e+02 9.204542589499848049e+00
6.630000000000000000e+02 1.087807707510365276e+02 3.716679784111938147e+02 9.053776601579249572e+00
6.650000000000000000e+02 1.313365333362999081e+02 2.993601884009215723e+02 1.739194365785089147e+01
6.670000000000000000e+02 1.216120532826541876e+02 3.182614550464101626e+02 2.113146473033156525e+01
6.690000000000000000e+02 1.029585279120273924e+02 4.032883075951927481e+02 5.171818953029640653e+01
6.710000000000000000e+02 1.416012504278293420e+02 5.981211973359562535e+02 1.435764983846357268e+01
6.730000000000000000e+02 1.122443080744218236e+02 3.720807375558968602e+02 1.466025190231912667e+01
6.750000000000000000e+02 1.228769349154078867e+02 4.885102629594753125e+02 2.455691658867290528e+01
6.770000000000000000e+02 9.753687163236996582e+01 5.457720281497064434e+02 6.383459308353347517e+00
6.790000000000000000e+02 1.651417693773093163e+02 5.272840697476020750e+02 1.263720904333764494e+01
6.810000000000000000e+02 1.524323844617908890e+02 5.164667710371497833e+02 1.212219830839653945e+01
6.830000000000000000e+02 1.139705173989578810e+02 4.672762223034245039e+02 7.844938189023799247e+00
6.850000000000000000e+02 1.309021338541797377e+02 2.994010429938587663e+02 1.403429718949873717e+01
6.870000000000000000e+02 1.240843023756348202e+02 4.458333014562424523e+02 1.372277278554950186e+01
6.890000000000000000e+02 1.372458966629014014e+02 5.981124910735911726e+02 1.122354264587226780e+01
6.910000000000000000e+02 1.116173377461453953e+02 3.756734732962047474e+02 1.383881454022391644e+01
6.930000000000000000e+02 1.012486319644546597e+02 3.318343636931589913e+02 7.760790692978109639e+00
6.950000000000000000e+02 1.114244443176380770e+02 5.981253303821089276e+02 1.676905320991915005e+01
6.970000000000000000e+02 9.376466995612868516e+01 5.981312125391424388e+02 1.018661580863409810e+01
6.990000000000000000e+02 7.774917735599674984e+01 5.981511714261126826e+02 9.514301171756498476e+00
7.010000000000000000e+02 8.660595949220191869e+01 5.981203622791567796e+02 6.555034770761183793e+00
7.030000000000000000e+02 1.084536925271388554e+02 2.993791693947713384e+02 4.830825666866791046e+00
7.050000000000000000e+02 1.163981402393041975e+02 2.993796691781880099e+02 9.873433468796863011e+00
7.070000000000000000e+02 1.032469278518548350e+02 5.330483888111016313e+02 3.569437706020673318e+01
7.090000000000000000e+02 1.039609241924691077e+02 5.782656864446621512e+02 2.551879261554012501e+01
7.110000000000000000e+02 1.219878012591082665e+02 2.993748793893741436e+02 2.709022943619741852e+01
7.130000000000000000e+02 1.189637436879283428e+02 3.321372634053294632e+02 2.223496417187632090e+01
7.150000000000000000e+02 1.313488129164435065e+02 5.077977179898551867e+02 1.728245916624396727e+01
7.170000000000000000e+02 1.320327965732426776e+02 4.094916734773022426e+02 1.705280672639671380e+01
7.190000000000000000e+02 9.875905433844090453e+01 5.322775431131861978e+02 1.153133630883237792e+01
7.210000000000000000e+02 9.678037658632096907e+01 5.981239377793799576e+02 7.396734161311348643e+00
7.230000000000000000e+02 1.310519897124069928e+02 4.095349473183144937e+02 5.327318933202580986e+00
7.250000000000000000e+02 -1.370198762707612445e+02 3.024376044440012379e+02 4.311130318001141326e+00
7.270000000000000000e+02 1.652618426055936141e+02 5.980988628415946096e+02 8.821712009092166795e+00
7.290000000000000000e+02 1.183974577632196770e+02 4.548498585758098329e+02 1.366696488938223730e+01
7.310000000000000000e+02 1.047801356675751805e+02 3.143403987253063292e+02 8.123580720739532524e+00
7.330000000000000000e+02 1.228977047812162482e+02 3.605079288906412671e+02 5.452107459038447956e+00
7.350000000000000000e+02 1.704903151055242745e+02 4.065975387538891823e+02 7.714548349101711722e+00
7.370000000000000000e+02 1.381898476984027013e+02 4.921514575373798834e+02 1.971713637874866976e+01
7.390000000000000000e+02 8.450342384904382698e+01 5.981218731787729439e+02 1.304796935218559639e+01
7.410000000000000000e+02 8.019256854978962679e+01 4.402742229461919123e+02 8.374696446493855362e+00
7.430000000000000000e+02 7.956837251519802123e+01 2.993896644391368795e+02 1.203978729125361546e+01
7.450000000000000000e+02 9.222247220570362458e+01 5.981264009469113034e+02 8.644823372791321958e+00
7.470000000000000000e+02 -1.459391559482096170e+02 5.981247069480347136e+02 7.673132050895738132e+00
7.490000000000000000e+02 8.767652521791185904e+01 5.980316079745715570e+02 8.041474563172585022e+00
7.510000000000000000e+02 1.213670368062461904e+02 5.609105349597900840e+02 1.798620573984888082e+01
7.530000000000000000e+02 1.336601197458165302e+02 5.253379112120062473e+02 1.390994863151709282e+01
7.550000000000000000e+02 1.097255282238134271e+02 3.545455862648532275e+02 6.267206829457475870e+00
7.570000000000000000e+02 7.473509326765010030e+01 5.981175557950476787e+02 7.458307822116972297e+00
7.590000000000000000e+02 1.055568475434878621e+02 5.981071227845517342e+02 6.754855532720654310e+00
7.610000000000000000e+02 1.180959052812050913e+02 4.755403965223462137e+02 5.359185891459864237e+00
7.630000000000000000e+02 1.442890107511535120e+02 2.993800349809939121e+02 6.130429749023920571e+00
7.650000000000000000e+02 1.474620776604949128e+02 5.981148744450758841e+02 9.084557693285539415e+00
7.670000000000000000e+02 1.332636879288100431e+02 2.993193765521769478e+02 8.439694146654437290e+00
7.690000000000000000e+02 1.303081362062471840e+02 2.993813874050416075e+02 4.823361128776388895e+00
7.710000000000000000e+02 -1.247377271058455648e+02 3.134041063901930784e+02 5.241365082442977830e+00
7.730000000000000000e+02 -8.564814793400955750e+01 3.041056295188787431e+02 9.766412988900823322e+00
7.750000000000000000e+02 -8.693368277462143112e+01 3.246148888610924246e+02 5.796105225213220358e+00
7.770000000000000000e+02 5.754210546130016013e+01 5.981267003757327529e+02 4.679430509995571086e+00
7.790000000000000000e+02 5.471663865384488190e+01 4.286140790662543623e+02 3.889468626594433598e+00
7.810000000000000000e+02 8.356832364190077556e+01 2.994210469113092472e+02 4.269958051103830421e+00
7.830000000000000000e+02 9.413574905329282672e+01 4.960682394785417273e+02 6.567838667071885794e+00
7.850000000000000000e+02 1.260876043933732973e+02 5.981254691610588452e+02 1.557624843045931939e+01
7.870000000000000000e+02 1.222252231481925406e+02 5.332913641022150841e+02 1.906678056592541637e+01
7.890000000000000000e+02 1.515447015009739857e+02 5.981197511796626713e+02 1.702422454439383870e+01
7.910000000000000000e+02 -1.436550569998561002e+02 5.981194855812552760e+02 7.498573040863121264e+00
7.930000000000000000e+02 1.077232694402258915e+02 5.206822046455534974e+02 7.124156611442522546e+00
7.950000000000000000e+02 9.326036896024515954e+01 3.496945587673652085e+02 5.092851772649023445e+00
7.970000000000000000e+02 1.380070522356589038e+02 5.981252301484221334e+02 1.288157210766468452e+01
7.990000000000000000e+02 1.160707309419161959e+02 5.820934216146679319e+02 1.589458501449063732e+01
8.010000000000000000e+02 9.143468930939447148e+01 2.993889708181783362e+02 7.888433459871851738e+00
8.030000000000000000e+02 8.039166226690267081e+01 2.993639694736050387e+02 4.844791580045752610e+00
8.050000000000000000e+02 1.027364219836744610e+02 2.993725726730363021e+02 3.394658438168096204e+00
8.070000000000000000e+02 1.193327070233036551e+02 3.447715609308252169e+02 6.190551395112304789e+00
8.090000000000000000e+02 8.814756996755664886e+01 4.855552041878628984e+02 5.443500074405016598e+00
8.110000000000000000e+02 6.310325973943837141e+01 2.993808013877465442e+02 5.072481269770491963e+00
8.130000000000000000e+02 8.652034768354724292e+01 2.993714720973404155e+02 6.443406517147535872e+00
8.150000000000000000e+02 1.115478588793851600e+02 2.993178223973505396e+02 1.353677465436401306e+01
8.170000000000000000e+02 1.126449236234580269e+02 4.109497939334050329e+02 7.178563482191981926e+00
8.190000000000000000e+02 4.763011761520744614e+01 5.981346550627338274e+02 7.471611000074051212e+00
8.210000000000000000e+02 1.111657584654349478e+02 5.981156773251104823e+02 2.575546231250628182e+01
8.230000000000000000e+02 1.155658765927568083e+02 3.421513251290884341e+02 2.224422413722719583e+01
8.250000000000000000e+02 1.363233817001192563e+02 5.040675899260329516e+02 1.011695936686414221e+01
8.270000000000000000e+02 1.291055504662851376e+02 5.981199847863352943e+02 9.733517199170339751e+00
8.290000000000000000e+02 -1.210279845100088636e+02 5.981327176206514196e+02 8.056282151501580557e+00
8.310000000000000000e+02 1.547780646231101400e+02 5.981496682818143427e+02 7.783822711638792136e+00
8.330000000000000000e+02 1.194687123807631366e+02 3.963305003049291031e+02 9.183236449706379645e+00
8.350000000000000000e+02 -6.147792383187275789e+01 5.981266368190599678e+02 1.009515124118861351e+01
8.370000000000000000e+02 -9.104944454361098849e+01 5.981226076421249900e+02 9.155791833481940145e+00
8.390000000000000000e+02 1.430032066856581423e+02 5.981491721314746428e+02 1.714373211320152635e+01
8.410000000000000000e+02 1.511848603509388056e+02 5.981015616641429915e+02 2.346143844502400810e+01
8.430000000000000000e+02 1.751720851494335705e+02 4.662871932433062057e+02 5.362441550966532411e+00
8.450000000000000000e+02 8.199841333704259227e+01 5.981250053337247437e+02 8.079175318039798270e+00
8.470000000000000000e+02 7.185811666733681591e+01 5.981262386291467692e+02 4.354453548020594589e+00
8.490000000000000000e+02 1.670475669887392769e+02 5.077254761741960465e+02 7.609677906064997721e+00
8.510000000000000000e+02 9.082721277190306353e+01 4.294425011506252758e+02 9.771232366119463109e+00
8.530000000000000000e+02 5.295770039047981470e+01 4.554563131574249155e+02 5.964945853220663174e+00
8.550000000000000000e+02 -1.314065886348899141e+02 3.037456928376565202e+02 4.748580200086206737e+00
8.570000000000000000e+02 -5.314190621054903829e+01 5.982111296021798807e+02 4.670491475633959055e+00
8.590000000000000000e+02 5.589751116089597360e+01 2.993774400825017210e+02 3.164009692202269353e+00
8.610000000000000000e+02 5.240695955522549809e+01 5.917673943851133345e+02 6.811614138909422245e+00
8.630000000000000000e+02 1.227233601521702013e+02 3.161611635765210622e+02 6.227765655866237537e+00
8.650000000000000000e+02 1.371782899840792425e+02 3.270219917576961279e+02 7.559710859452446030e+00
8.670000000000000000e+02 1.230633471634603637e+02 2.993701816879067792e+02 6.618939873077993141e+00
8.690000000000000000e+02 7.111234302924241035e+01 2.993857764152991763e+02 8.424461960658119253e+00
8.710000000000000000e+02 7.713879494827571648e+01 3.233578661603617093e+02 1.198038113757496070e+01
8.730000000000000000e+02 1.009040699258362963e+02 3.428185700225955088e+02 9.150564117806775144e+00
8.750000000000000000e+02 -1.740778039505929939e+02 5.687485560076456750e+02 6.629444046947709168e+00
8.770000000000000000e+02 -1.092032240541514767e+02 5.981178766720360045e+02 4.653683070785924691e+00
8.790000000000000000e+02 -8.142607725803193830e+01 5.981259823734736756e+02 3.850965347921575077e+00
8.810000000000000000e+02 8.093885161589868460e+01 5.980956874637917053e+02 5.524975704995538806e+00
8.830000000000000000e+02 1.333271296334891645e+02 5.981142029328739227e+02 8.135823693032744330e+00
8.850000000000000000e+02 1.131430464558306710e+02 2.993646687581312449e+02 3.154609560011501834e+00
8.870000000000000000e+02 9.523144871202966044e+01 2.993754635717756400e+02 4.569654123725097605e+00
8.890000000000000000e+02 9.040344599635467659e+01 2.993735649488426134e+02 7.693027754502375082e+00
8.910000000000000000e+02 1.343176652610828512e+02 5.625957661128612699e+02 5.942209885757306687e+00
8.930000000000000000e+02 -6.710466005208726870e+01 2.993614096354190792e+02 6.367662287588741421e+00
