# InfraPy Beamforming (fk) Results
# 
# Data summary:
#     CC.ARAT.01.BDF	2023-08-15T23:20:00.000000Z - 2023-08-15T23:40:00.000000Z
#     CC.ARAT.02.BDF	2023-08-15T23:20:00.000000Z - 2023-08-15T23:40:00.000000Z
#     CC.ARAT.03.BDF	2023-08-15T23:20:00.000000Z - 2023-08-15T23:40:00.000000Z
# 
#   channel_cnt: 3
#   t0: 2023-08-15T23:20:00.000000Z
#   latitude: 46.788986
#   longitude: -121.852905
# 
# Algorithm parameters:
#   freq_min: 5.0
#   freq_max: 20.0
#   back_az_min: -180.0
#   back_az_max: 180.0
#   back_az_step: 2.0
#   trace_vel_min: 300.0
#   trace_vel_max: 600.0
#   trace_vel_step: 2.5
#   method: bartlett
#   signal_start: None
#   signal_end: None
#   window_len: 10.0
#   sub_window_len: None
#   window_step: 2.0
# 
# Time (rel t0) [s]      Back Az [deg]	           Tr. Velocity [m/s]       F-stat
5.000000000000000000e+00 2.708246397555475582e+01 2.993809167773092668e+02 1.598625171514943100e+00
7.000000000000000000e+00 2.716444854562341860e+01 2.993989253357050870e+02 1.638371127667375804e+00
9.000000000000000000e+00 2.870938975779014868e+01 2.992823279994169638e+02 1.629246564780781448e+00
1.100000000000000000e+01 2.654065534651006075e+01 3.074708181568893792e+02 1.842101140434984075e+00
1.300000000000000000e+01 1.396251497628347522e+02 4.099821770666016505e+02 2.290352853102159525e+00
1.500000000000000000e+01 1.353575299634505313e+02 4.013476475923694125e+02 2.216745266631197531e+00
1.700000000000000000e+01 1.322275766313033785e+02 3.969140501348380212e+02 1.814125884365617836e+00
1.900000000000000000e+01 1.319137999171834394e+02 3.983643659503288745e+02 1.847125628764729521e+00
2.100000000000000000e+01 1.353089321911394620e+02 3.983166659286811750e+02 1.684743285014558056e+00
2.300000000000000000e+01 5.625711785235285589e+01 3.250369868286928181e+02 1.574862762045216691e+00
2.500000000000000000e+01 1.285858123660011643e+02 3.943403957486177092e+02 1.640354148877107399e+00
2.700000000000000000e+01 1.318539180242080135e+02 3.751674619651773241e+02 1.613703835350955407e+00
2.900000000000000000e+01 -9.624102627004151600e+01 4.221660935921444207e+02 1.523557102948486675e+00
3.100000000000000000e+01 2.524470363733346190e+01 3.130259315000319589e+02 1.663153742564009274e+00
3.300000000000000000e+01 2.768156464436063757e+01 3.053106532236183739e+02 1.611094389981134523e+00
3.500000000000000000e+01 1.317658619264946935e+02 3.773979034564051744e+02 2.065837435937925459e+00
3.700000000000000000e+01 1.371871957424871766e+02 3.882390142649463769e+02 2.003105585160988689e+00
3.900000000000000000e+01 1.401842110922871143e+02 3.941116031614553208e+02 1.550841031471941855e+00
4.100000000000000000e+01 1.144115444674832460e+01 4.389123259194010416e+02 1.514891602440865626e+00
4.300000000000000000e+01 6.376702481733764927e+01 4.029049520386712970e+02 1.659755733465354988e+00
4.500000000000000000e+01 6.653822730455510737e+01 4.045727143075611707e+02 1.544961620738728891e+00
4.700000000000000000e+01 6.462206896073878681e+01 4.136359381822895216e+02 1.728377703932241660e+00
4.900000000000000000e+01 4.935089707971670236e+00 2.994098700158774022e+02 1.411210112537889305e+00
5.100000000000000000e+01 3.174385522695929396e+01 2.993756948310702342e+02 1.588164351500498617e+00
5.300000000000000000e+01 1.374596447953145173e+02 3.755608934143681950e+02 1.484781417415645732e+00
5.500000000000000000e+01 3.466274425941968218e+01 3.153460632232615808e+02 1.540723828008310203e+00
5.700000000000000000e+01 3.374693738899508588e+01 3.294114999472123486e+02 1.612579179535159390e+00
5.900000000000000000e+01 5.750113356408290599e+01 3.458210538591733894e+02 1.464578441042111878e+00
6.100000000000000000e+01 5.657851745564258295e+01 3.455830244033761005e+02 1.448011022155223371e+00
6.300000000000000000e+01 3.903754636164276093e+01 3.099541199543365906e+02 1.472842690358259432e+00
6.500000000000000000e+01 1.346152186612498269e+02 3.462532133382312622e+02 1.583113071506595526e+00
6.700000000000000000e+01 5.430990462023166288e+01 3.310747902283780491e+02 1.658889836207684709e+00
6.900000000000000000e+01 5.391767408925097271e+01 3.310720743385523406e+02 1.577699677459187599e+00
7.100000000000000000e+01 5.323427798484364359e+01 3.294409034654443076e+02 1.627238115614906722e+00
7.300000000000000000e+01 5.599629288913193648e+01 3.257200875214704752e+02 1.653381662538996322e+00
7.500000000000000000e+01 5.455811135293814118e+01 3.106416096004484757e+02 1.563726504686839824e+00
7.700000000000000000e+01 -8.162155882508196569e+00 2.993920996633565892e+02 1.750376278048064060e+00
7.900000000000000000e+01 5.802874645910534213e+01 3.110702294444693052e+02 1.641287557029857958e+00
8.100000000000000000e+01 5.400850864327919254e+01 3.200631236991048922e+02 1.783196019785261432e+00
8.300000000000000000e+01 -1.746955264855183998e+01 3.022700826393896136e+02 1.481827460009813580e+00
8.500000000000000000e+01 3.857925080856540490e+01 3.547405311531806547e+02 1.337501116459162365e+00
8.700000000000000000e+01 2.726280451182877229e+01 3.349984500486047523e+02 1.428924445961695655e+00
8.900000000000000000e+01 2.430431681452943593e+01 3.515061681808003868e+02 1.580550794355241040e+00
9.100000000000000000e+01 5.576126684398888500e+01 3.166765454934284776e+02 1.642843956891973933e+00
9.300000000000000000e+01 5.166518693704192344e+01 3.051123891314288130e+02 2.166609941388726757e+00
9.500000000000000000e+01 4.985748341316440246e+01 3.111052568235670606e+02 1.841048648034862456e+00
9.700000000000000000e+01 5.216399342358966607e+01 3.309402092598103877e+02 1.868396512153920996e+00
9.900000000000000000e+01 5.112133187266800860e+01 3.259689191566750992e+02 1.882234689434566732e+00
1.010000000000000000e+02 5.053865329170054821e+01 3.261985376813133257e+02 1.957551231935706459e+00
1.030000000000000000e+02 4.037401708115194054e+01 2.994879743403000134e+02 1.693973237410114852e+00
1.050000000000000000e+02 3.154632270341906519e+01 3.196723162659653212e+02 1.751533804373241798e+00
1.070000000000000000e+02 5.239731742211117904e+01 3.304339346443186969e+02 2.007194948786040989e+00
1.090000000000000000e+02 5.090776177988327333e+01 3.311372967499171978e+02 1.855763635798513445e+00
1.110000000000000000e+02 5.185324737699512099e+01 3.128161567171371189e+02 1.643203420915060331e+00
1.130000000000000000e+02 2.434698689057534082e+01 3.270466752695388095e+02 1.761340741101639518e+00
1.150000000000000000e+02 1.765884174055408096e+01 3.484964097722178735e+02 1.850800439870871283e+00
1.170000000000000000e+02 1.236733587347590770e+02 3.900501492107248964e+02 1.761564174181689424e+00
1.190000000000000000e+02 1.299959527353505564e+02 3.638154515234612063e+02 1.890612637978830612e+00
1.210000000000000000e+02 4.255976977541337192e+01 2.994683651894232526e+02 2.047779853981018139e+00
1.230000000000000000e+02 4.419791205662134814e+01 2.993961822262041892e+02 2.035150490640968979e+00
1.250000000000000000e+02 4.667645766105857774e+01 2.994928997127165076e+02 1.839859782660768328e+00
1.270000000000000000e+02 1.325870490630549909e+02 3.471554562517803788e+02 1.526965918819379597e+00
1.290000000000000000e+02 3.306462400530461565e+01 3.107108553517995801e+02 1.693529486607318946e+00
1.310000000000000000e+02 3.764676205155469546e+01 2.998055040793425405e+02 1.663951023633818638e+00
1.330000000000000000e+02 3.919986152108755562e+01 3.034975650039824018e+02 1.530781794239312932e+00
1.350000000000000000e+02 3.581326182722543194e+01 2.990364003403348647e+02 1.624369734078198846e+00
1.370000000000000000e+02 2.171263703170181003e+01 3.323207324220142596e+02 1.640988323616258127e+00
1.390000000000000000e+02 5.286975312380553760e+01 3.189192043140787405e+02 1.796044229195038033e+00
1.410000000000000000e+02 5.142344704704628811e+01 3.152407610814722148e+02 1.711316434868632053e+00
1.430000000000000000e+02 5.217251558462892547e+01 2.993467212619837028e+02 1.670400736515333273e+00
1.450000000000000000e+02 5.288981648540070779e+01 3.037472715142108655e+02 1.682168895858528579e+00
1.470000000000000000e+02 5.336099247687901936e+01 2.992843998955734719e+02 1.560900684087015433e+00
1.490000000000000000e+02 5.535579075931384097e+01 3.111645468223159696e+02 1.593730485935373586e+00
1.510000000000000000e+02 4.979495152901379385e+01 3.056855198334191641e+02 1.629154821423011823e+00
1.530000000000000000e+02 4.915625571151640116e+01 3.126092341572651776e+02 1.658125048351094977e+00
1.550000000000000000e+02 4.785089346245885622e+01 3.076497329638543761e+02 1.655306276336787619e+00
1.570000000000000000e+02 8.484062310459048462e+00 3.347536885602571601e+02 1.819680528306487410e+00
1.590000000000000000e+02 9.670405396513885421e+00 3.431148775351923064e+02 1.881261013984330654e+00
1.610000000000000000e+02 1.527151711439707604e+01 3.296858895084496908e+02 1.684446454281582461e+00
1.630000000000000000e+02 2.053656542469676083e+01 3.415641100328297739e+02 1.779369311399107145e+00
1.650000000000000000e+02 1.564897445447654434e+01 3.449945938519477409e+02 1.703402807473333835e+00
1.670000000000000000e+02 1.020458023595169017e+01 3.280724186348654712e+02 1.617471927493270512e+00
1.690000000000000000e+02 1.085829415429521028e+01 3.400240000879334161e+02 1.687664727776280182e+00
1.710000000000000000e+02 2.207451747623627014e+01 3.498689843484631297e+02 1.825603898177797779e+00
1.730000000000000000e+02 -1.309449239979231550e+01 2.994148771535058700e+02 1.482373357172285466e+00
1.750000000000000000e+02 1.160269561314121312e+01 3.499912964271234728e+02 1.569957931410748575e+00
1.770000000000000000e+02 1.389332330737314614e+01 3.475440688707046206e+02 2.158867564801284722e+00
1.790000000000000000e+02 1.732532864117445115e+01 3.542069330353755845e+02 2.039837599811911595e+00
1.810000000000000000e+02 1.807132754413652975e+01 3.325583426863227601e+02 1.824569501246815051e+00
1.830000000000000000e+02 2.445555802129168299e+01 3.241448578408746357e+02 1.796072585996636883e+00
1.850000000000000000e+02 2.215809859440495444e+01 3.299270156683876394e+02 1.815464138283890527e+00
1.870000000000000000e+02 5.032529108372596482e+01 3.076988445643561363e+02 1.783060941998609206e+00
1.890000000000000000e+02 4.876721023686999956e+01 3.174847185024179907e+02 1.819499324149469244e+00
1.910000000000000000e+02 1.081731633343895460e+01 3.512596446659987350e+02 1.791534393646316614e+00
1.930000000000000000e+02 8.711282797024539448e+00 3.675226899442312742e+02 1.824892116181104029e+00
1.950000000000000000e+02 1.139210992960731339e+01 3.786250368065386738e+02 2.138561680923284580e+00
1.970000000000000000e+02 1.471642132012058646e+01 3.691444618950306449e+02 1.885269934557805671e+00
1.990000000000000000e+02 1.311502550786487653e+01 3.778138200729164282e+02 1.786653513296369900e+00
2.010000000000000000e+02 5.426647701529083889e+01 3.125477060003603356e+02 2.029595599572022735e+00
2.030000000000000000e+02 5.471016777711231782e+01 3.046892314038217364e+02 2.411106757399632983e+00
2.050000000000000000e+02 5.574218260943452208e+01 3.077253264316839818e+02 2.397959247935492311e+00
2.070000000000000000e+02 5.307118612097085020e+01 3.184950762608284549e+02 2.322342333891944222e+00
2.090000000000000000e+02 5.241481998653799934e+01 3.232752613738941250e+02 2.555435972568127045e+00
2.110000000000000000e+02 5.268476893242961268e+01 3.231595077799247520e+02 2.446607236138800268e+00
2.130000000000000000e+02 5.193437247630412656e+01 3.225532125373497934e+02 2.049040250896017046e+00
2.150000000000000000e+02 5.513729051184417784e+01 3.224120475009763140e+02 2.105454067291367970e+00
2.170000000000000000e+02 5.369698686244721131e+01 3.152811975297945537e+02 2.339656687946870317e+00
2.190000000000000000e+02 5.250186732405703793e+01 3.174393507388510329e+02 2.918736977134126498e+00
2.210000000000000000e+02 5.204757211986839138e+01 3.188289217703042482e+02 2.476448917620758916e+00
2.230000000000000000e+02 5.323634342647048356e+01 3.252551950749435150e+02 2.777639786225590157e+00
2.250000000000000000e+02 5.276959757733276035e+01 3.189436146464796025e+02 3.149611155988313094e+00
2.270000000000000000e+02 5.152236734182177713e+01 3.199363942729740415e+02 2.896208387538694584e+00
2.290000000000000000e+02 5.236991302449196439e+01 3.259394846301422035e+02 3.673065810901102068e+00
2.310000000000000000e+02 5.267097527915676380e+01 3.273564569728133620e+02 3.935222340887965853e+00
2.330000000000000000e+02 5.320837387171545885e+01 3.231902482434233548e+02 3.445890071024168222e+00
2.350000000000000000e+02 5.286636311873455440e+01 3.197006820864733072e+02 3.135047210274681806e+00
2.370000000000000000e+02 5.223868502605428432e+01 3.111495023410237195e+02 2.836523169980673220e+00
2.390000000000000000e+02 5.277133532393391135e+01 3.144555993983195776e+02 3.239500716912880662e+00
2.410000000000000000e+02 5.271535329120430902e+01 3.208381323009775201e+02 3.318308046076456908e+00
2.430000000000000000e+02 5.286505232230094009e+01 3.156235606406880834e+02 2.373363340165204338e+00
2.450000000000000000e+02 5.519989620769681693e+01 3.195419023650766803e+02 2.354356145821677515e+00
2.470000000000000000e+02 5.657439301833308321e+01 3.238745914637671035e+02 2.310001633594202630e+00
2.490000000000000000e+02 -1.423784835937950000e+01 3.197848095489600269e+02 2.206628298391039245e+00
2.510000000000000000e+02 5.478625083358063108e+01 3.165150743999787437e+02 2.152453195830263954e+00
2.530000000000000000e+02 1.108477673454986672e+02 3.702788391597836153e+02 2.079618134016204323e+00
2.550000000000000000e+02 5.300759009256586296e+01 3.287688714866514488e+02 1.800395209871561653e+00
2.570000000000000000e+02 5.097180303072392604e+01 3.164640267527636297e+02 1.859593025512098263e+00
2.590000000000000000e+02 5.021645440390021520e+01 3.179386835024259312e+02 2.330780616631344060e+00
2.610000000000000000e+02 5.210775146990987139e+01 3.241272569125205223e+02 2.336110319826024462e+00
2.630000000000000000e+02 5.051485977718942877e+01 3.199602383278457296e+02 2.449303743452787341e+00
2.650000000000000000e+02 5.243346881878137111e+01 3.195399678893664372e+02 2.874449114510590153e+00
2.670000000000000000e+02 5.273188710511249155e+01 3.211969190406908297e+02 3.153744493077303979e+00
2.690000000000000000e+02 5.220687048168636579e+01 3.086250394516039819e+02 2.957000677465671856e+00
2.710000000000000000e+02 5.215045576393222149e+01 3.139241706701391195e+02 2.673242817723419762e+00
2.730000000000000000e+02 5.298307942449357455e+01 3.245824726633466639e+02 2.843569858770493841e+00
2.750000000000000000e+02 5.285665022330680785e+01 3.213805079147455785e+02 3.608153307793933617e+00
2.770000000000000000e+02 5.301916577239816775e+01 3.130634904917419021e+02 3.585442858996784832e+00
2.790000000000000000e+02 5.299432837223773873e+01 3.173640893070472657e+02 2.950057167774384759e+00
2.810000000000000000e+02 5.319538654084168883e+01 3.276560284678607786e+02 3.111807514071702307e+00
2.830000000000000000e+02 5.380070835411777352e+01 3.214551536563089940e+02 3.669379846988871652e+00
2.850000000000000000e+02 5.409176166028743893e+01 3.217305103695909452e+02 4.904761442465910726e+00
2.870000000000000000e+02 5.334354004712810138e+01 3.250527213289382189e+02 5.410456809839169878e+00
2.890000000000000000e+02 5.345985402948800669e+01 3.248579900981632704e+02 5.342027030564303836e+00
2.910000000000000000e+02 5.334943461202676929e+01 3.269449328937632799e+02 5.160343685109499035e+00
2.930000000000000000e+02 5.290911257191745420e+01 3.295507359487186818e+02 6.222599904759173128e+00
2.950000000000000000e+02 5.244625189611063831e+01 3.273624030418121151e+02 5.896709292144008963e+00
2.970000000000000000e+02 5.247451642325682997e+01 3.243175235351648098e+02 4.410473988762870334e+00
2.990000000000000000e+02 5.386409770450993761e+01 3.230517507089371065e+02 5.582934522370929464e+00
3.010000000000000000e+02 5.339911922923575105e+01 3.241718921036170400e+02 4.910389744150815972e+00
3.030000000000000000e+02 5.234885145279888263e+01 3.259764435888815228e+02 4.578628850459424804e+00
3.050000000000000000e+02 5.223839471555579905e+01 3.276930346347322143e+02 5.249129018933688329e+00
3.070000000000000000e+02 5.199722109662652514e+01 3.239427541771754022e+02 6.009527595129935840e+00
3.090000000000000000e+02 5.176935490385466210e+01 3.196763673545857500e+02 6.265623493643108333e+00
3.110000000000000000e+02 5.091437791416282010e+01 3.235189016134362987e+02 6.900296547801658242e+00
3.130000000000000000e+02 5.143931154360503655e+01 3.250131161493277432e+02 6.420381186288645736e+00
3.150000000000000000e+02 5.225298694462102844e+01 3.201094041495978786e+02 7.517452197192483254e+00
3.170000000000000000e+02 5.169924844917292717e+01 3.199398822326459140e+02 7.387695333616507654e+00
3.190000000000000000e+02 5.151115347854324966e+01 3.185447732877756835e+02 9.488116437183657936e+00
3.210000000000000000e+02 5.133998010162743242e+01 3.216543118090584699e+02 1.071530615312278023e+01
3.230000000000000000e+02 5.187646283650606449e+01 3.242507213171432454e+02 9.620911131276809414e+00
3.250000000000000000e+02 5.222714448085203998e+01 3.196805296722674825e+02 9.438384959885821601e+00
3.270000000000000000e+02 5.202721250557473098e+01 3.182569415672975310e+02 1.111540693366594290e+01
3.290000000000000000e+02 5.187239466151690692e+01 3.209863997720837006e+02 1.121101783809234576e+01
3.310000000000000000e+02 5.140590515035967911e+01 3.216095593925082312e+02 1.036487437612999507e+01
3.330000000000000000e+02 5.218902675498932808e+01 3.203656234730989922e+02 9.900165833283869787e+00
3.350000000000000000e+02 5.216855123296031138e+01 3.201228968010478866e+02 1.296609384911697838e+01
3.370000000000000000e+02 5.234363041173654807e+01 3.189401440689528613e+02 1.233186353365324095e+01
3.390000000000000000e+02 5.270278670352256967e+01 3.198840905856526433e+02 1.282272976935391284e+01
3.410000000000000000e+02 5.201194547710807115e+01 3.211358788961599089e+02 1.076499374209169346e+01
3.430000000000000000e+02 5.266460003772784404e+01 3.221319430812825999e+02 9.877892479722570229e+00
3.450000000000000000e+02 5.201486023227165134e+01 3.209375423827069653e+02 1.256437416590929779e+01
3.470000000000000000e+02 5.271210154330807285e+01 3.198955332331107684e+02 1.114270801035425151e+01
3.490000000000000000e+02 5.286830733555431294e+01 3.224502393593645024e+02 1.115669537016209922e+01
3.510000000000000000e+02 5.342538708245884749e+01 3.210105027910009881e+02 1.157536475487976446e+01
3.530000000000000000e+02 5.344196034951934138e+01 3.237941337048283117e+02 1.122105229582159502e+01
3.550000000000000000e+02 5.299830887393616052e+01 3.238099989698442300e+02 9.512866675381189907e+00
3.570000000000000000e+02 5.298402033769369979e+01 3.207854456313035030e+02 8.701994630106112183e+00
3.590000000000000000e+02 5.349734545388075446e+01 3.195996539592563863e+02 1.098392377628581507e+01
3.610000000000000000e+02 5.352947528698513935e+01 3.223869124660701573e+02 1.579531855819543118e+01
3.630000000000000000e+02 5.344099837233824246e+01 3.215322096620603247e+02 1.758983550667267792e+01
3.650000000000000000e+02 5.327200306391551976e+01 3.207178067246430828e+02 1.887847336138288057e+01
3.670000000000000000e+02 5.312214259749929113e+01 3.216470354773875897e+02 1.786876053028283096e+01
3.690000000000000000e+02 5.345375499920001516e+01 3.246409367423229924e+02 1.356636134444829089e+01
3.710000000000000000e+02 5.354142391823120306e+01 3.228909474197612326e+02 1.615044361395882078e+01
3.730000000000000000e+02 5.343301449296706096e+01 3.222922097003861950e+02 1.631655863513563176e+01
3.750000000000000000e+02 5.341532991053769308e+01 3.213672677614666213e+02 1.801159184230791510e+01
3.770000000000000000e+02 5.372925619634477812e+01 3.216044174074230000e+02 1.621099976797012943e+01
3.790000000000000000e+02 5.351606048625171752e+01 3.233247957469693574e+02 1.403562872548670626e+01
3.810000000000000000e+02 5.335864945915645308e+01 3.241610326544959548e+02 1.855986393028049264e+01
3.830000000000000000e+02 5.361602835221218299e+01 3.236697553015445123e+02 1.713905217043113893e+01
3.850000000000000000e+02 5.364201461392021031e+01 3.245779024264101054e+02 1.657349543462242991e+01
3.870000000000000000e+02 5.362408336250467755e+01 3.217671369508600492e+02 1.778673573525403739e+01
3.890000000000000000e+02 5.362631122616997459e+01 3.223778062367859434e+02 1.975292898879228076e+01
3.910000000000000000e+02 5.348942312197438298e+01 3.205440836244002867e+02 1.182015524541426466e+01
3.930000000000000000e+02 5.329458696199246504e+01 3.215988015902862571e+02 1.005429831315135303e+01
3.950000000000000000e+02 5.340768782085131505e+01 3.232997951508894516e+02 1.079883066934301716e+01
3.970000000000000000e+02 5.356844289512002888e+01 3.225083527346084793e+02 1.196298363057907999e+01
3.990000000000000000e+02 5.395542745614744007e+01 3.230554969466047623e+02 1.294198223863940456e+01
4.010000000000000000e+02 5.451267783908334508e+01 3.208221307652923997e+02 1.432985614927759066e+01
4.030000000000000000e+02 5.426792009835345709e+01 3.221663978959497285e+02 1.412819287465180551e+01
4.050000000000000000e+02 5.508708103140495638e+01 3.236745795534531567e+02 1.544021932976449740e+01
4.070000000000000000e+02 5.500463968602577580e+01 3.229126373377594632e+02 1.695598058132181052e+01
4.090000000000000000e+02 5.504811745583879912e+01 3.209055520000222828e+02 1.487645928347573054e+01
4.110000000000000000e+02 5.480239472792425914e+01 3.222322378126355602e+02 1.575196312926132158e+01
4.130000000000000000e+02 5.470504567513916072e+01 3.235602726767419313e+02 1.321515134012198267e+01
4.150000000000000000e+02 5.456330314352005217e+01 3.252570083392316747e+02 1.606939066253080384e+01
4.170000000000000000e+02 5.466693535784725100e+01 3.242821801201802714e+02 1.566985486943300465e+01
4.190000000000000000e+02 5.441750169973024498e+01 3.249499878611893564e+02 1.815318107399885506e+01
4.210000000000000000e+02 5.410343600412097231e+01 3.218218571942305175e+02 2.038140411444467404e+01
4.230000000000000000e+02 5.350648816860865509e+01 3.232552079793987332e+02 1.878649659830634988e+01
4.250000000000000000e+02 5.386659781019447024e+01 3.232088832218506695e+02 1.991052571860305065e+01
4.270000000000000000e+02 5.387400566871720287e+01 3.237108377660626957e+02 2.641856841223837193e+01
4.290000000000000000e+02 5.387500882476660991e+01 3.251417760036246136e+02 2.182621787953140569e+01
4.310000000000000000e+02 5.385007754199739338e+01 3.244260836061719715e+02 1.681259366142270650e+01
4.330000000000000000e+02 5.444606259890278466e+01 3.221590523837884348e+02 1.547471170875825131e+01
4.350000000000000000e+02 5.355532478794778939e+01 3.234177144273046451e+02 1.217692137143017739e+01
4.370000000000000000e+02 5.378835893808591351e+01 3.230697449698320725e+02 1.314075623662883174e+01
4.390000000000000000e+02 5.377077286054851868e+01 3.238818916559593504e+02 1.420200705978887790e+01
4.410000000000000000e+02 5.357616468930984155e+01 3.229578159996523254e+02 1.466238493002614440e+01
4.430000000000000000e+02 5.334848187413435738e+01 3.251768568287578205e+02 1.234531736022022486e+01
4.450000000000000000e+02 5.333105172957319695e+01 3.265306821409790246e+02 1.091787212665309070e+01
4.470000000000000000e+02 5.364344450211461179e+01 3.215290770869884227e+02 9.919635789176233232e+00
4.490000000000000000e+02 5.332503298824827453e+01 3.195074039693916461e+02 1.235598550173679477e+01
4.510000000000000000e+02 5.345808500459482815e+01 3.211218821282059253e+02 1.081929816866093219e+01
4.530000000000000000e+02 5.348228013653440627e+01 3.206676066367439830e+02 1.129118237883500520e+01
4.550000000000000000e+02 5.336719612043066263e+01 3.216701699718196892e+02 1.381534131359595285e+01
4.570000000000000000e+02 5.343055002525491659e+01 3.225326812601689994e+02 1.264048064437116992e+01
4.590000000000000000e+02 5.380115287627275222e+01 3.243105057507992797e+02 1.306816120861518726e+01
4.610000000000000000e+02 5.367692485473297381e+01 3.223764171862134162e+02 1.387766912796107377e+01
4.630000000000000000e+02 5.395819903909357862e+01 3.235663066299503043e+02 1.753780239327112866e+01
4.650000000000000000e+02 5.379491864566455916e+01 3.233338640923799403e+02 1.295644151354356133e+01
4.670000000000000000e+02 5.324895477158327850e+01 3.244871341884002049e+02 1.299325386236720448e+01
4.690000000000000000e+02 5.306553196041016918e+01 3.239368422084780264e+02 1.284373742426156717e+01
4.710000000000000000e+02 5.250142129567817761e+01 3.223716031974600469e+02 1.405195544176762468e+01
4.730000000000000000e+02 5.257000683435044408e+01 3.204883064253862699e+02 1.741871331927259448e+01
4.750000000000000000e+02 5.314377783794583365e+01 3.224822511618299359e+02 1.671267192621910525e+01
4.770000000000000000e+02 5.309186785101245931e+01 3.241669849887944110e+02 1.485682855630796695e+01
4.790000000000000000e+02 5.281928583267031030e+01 3.225808240738314225e+02 1.366419765508825712e+01
4.810000000000000000e+02 5.360947285951245078e+01 3.227526438972829510e+02 1.528075631455438099e+01
4.830000000000000000e+02 5.347840624448347313e+01 3.243376548076239487e+02 1.403371756872392773e+01
4.850000000000000000e+02 5.332424555912921704e+01 3.258920125339563469e+02 1.071749160970638570e+01
4.870000000000000000e+02 5.338871288477741928e+01 3.222059549979477424e+02 9.754179186696520176e+00
4.890000000000000000e+02 5.239253794494017313e+01 3.227787332071471837e+02 9.183549997816399468e+00
4.910000000000000000e+02 5.199724239466984699e+01 3.241857460793224277e+02 9.188189244660099675e+00
4.930000000000000000e+02 5.253791338238642084e+01 3.256976586319424882e+02 1.118241508088515346e+01
4.950000000000000000e+02 5.244630432250065155e+01 3.226601203576624357e+02 1.127787419944971070e+01
4.970000000000000000e+02 5.299493187684911533e+01 3.223087065632934127e+02 1.106231889602168827e+01
4.990000000000000000e+02 5.240946812717600523e+01 3.221246472890662744e+02 9.990000172162051939e+00
5.010000000000000000e+02 5.280764824545357783e+01 3.240465899951994970e+02 8.774045642266390388e+00
5.030000000000000000e+02 5.274894245393918624e+01 3.269076375151556135e+02 8.504850890932498686e+00
5.050000000000000000e+02 5.279816133078374918e+01 3.247367744483210572e+02 9.065591766815730423e+00
5.070000000000000000e+02 5.230137732430968356e+01 3.251816479929418620e+02 9.662686095006158382e+00
5.090000000000000000e+02 5.172356265623171367e+01 3.248355146734360233e+02 9.249554627005139196e+00
5.110000000000000000e+02 5.236030021849132510e+01 3.248885436536883162e+02 8.301252943892169611e+00
5.130000000000000000e+02 5.212764993391400026e+01 3.211398758051745972e+02 1.025713232291881738e+01
5.150000000000000000e+02 5.217897021235119581e+01 3.220686905987042223e+02 1.390899241545623433e+01
5.170000000000000000e+02 5.240466103665610831e+01 3.233105649365162435e+02 9.521814987289754839e+00
5.190000000000000000e+02 5.220108715799065635e+01 3.238939296654942837e+02 9.929232191810443808e+00
5.210000000000000000e+02 5.222871872452279973e+01 3.223581840054101804e+02 8.956610877630815537e+00
5.230000000000000000e+02 5.286577203797116908e+01 3.260106131903782511e+02 7.812398282303683494e+00
5.250000000000000000e+02 5.291979969777520409e+01 3.251782890920548539e+02 8.174132616042465216e+00
5.270000000000000000e+02 5.344247867180243361e+01 3.218501473309121934e+02 7.356359580152472155e+00
5.290000000000000000e+02 5.343779882610207466e+01 3.210317654059484198e+02 7.732170639245669719e+00
5.310000000000000000e+02 5.305474745361665612e+01 3.222799512849207417e+02 7.501275869945688513e+00
5.330000000000000000e+02 5.370324303873088923e+01 3.190855913106512958e+02 8.331781010172417012e+00
5.350000000000000000e+02 5.369103571527301000e+01 3.201831929643883541e+02 7.139426121910352308e+00
5.370000000000000000e+02 5.396207461870981348e+01 3.209151798234308330e+02 8.632355874498891524e+00
5.390000000000000000e+02 5.392662948680293056e+01 3.208208992560616934e+02 8.949897530153757330e+00
5.410000000000000000e+02 5.310415934758082557e+01 3.241153646704800622e+02 9.214201434033661542e+00
5.430000000000000000e+02 5.279625844839668503e+01 3.220913858253624085e+02 7.903475397166104699e+00
5.450000000000000000e+02 5.315031336552944907e+01 3.228714879121702097e+02 8.188441337560272260e+00
5.470000000000000000e+02 5.290753404840005203e+01 3.227081126878447321e+02 8.844623202680647722e+00
5.490000000000000000e+02 5.321740632675993510e+01 3.222011715057381593e+02 7.283884157223947220e+00
5.510000000000000000e+02 5.266506053735658810e+01 3.196948961362733144e+02 5.430931243564868893e+00
5.530000000000000000e+02 5.253986338391327138e+01 3.202577039349098982e+02 5.223376676443585609e+00
5.550000000000000000e+02 5.281630619102756441e+01 3.203846823324824982e+02 6.334739879611584357e+00
5.570000000000000000e+02 5.398073789019696989e+01 3.230159687340012056e+02 6.178231064490995905e+00
5.590000000000000000e+02 5.452660256422815621e+01 3.221483800792946113e+02 5.867160589438780605e+00
5.610000000000000000e+02 5.450280274097558220e+01 3.247538543321771272e+02 8.612709099458408346e+00
5.630000000000000000e+02 5.392642884134165371e+01 3.243370749041612271e+02 7.748222928621967931e+00
5.650000000000000000e+02 5.471634681914532194e+01 3.199028408920096922e+02 5.510187400856889184e+00
5.670000000000000000e+02 5.442600965417008752e+01 3.174483430516962699e+02 6.376563653211342775e+00
5.690000000000000000e+02 5.468874752465318778e+01 3.193389138729028787e+02 6.732082727008648071e+00
5.710000000000000000e+02 5.458469696318832121e+01 3.201593614961770413e+02 8.182591769381712510e+00
5.730000000000000000e+02 5.495023046003907297e+01 3.197745479187762498e+02 8.089905950370873455e+00
5.750000000000000000e+02 5.475272414954925182e+01 3.191946782855303582e+02 6.342451939893821056e+00
5.770000000000000000e+02 5.532937680830919192e+01 3.180446077622893313e+02 5.319653874957729123e+00
5.790000000000000000e+02 5.505538043665264070e+01 3.205501977160665774e+02 5.075063216395320431e+00
5.810000000000000000e+02 5.540199253669140234e+01 3.156930131542435447e+02 5.225204936218762697e+00
5.830000000000000000e+02 5.499427802430579248e+01 3.145339645110917104e+02 4.865197399125324118e+00
5.850000000000000000e+02 5.460929206700433269e+01 3.176830270350083083e+02 3.905480721627959895e+00
5.870000000000000000e+02 5.444739112024669936e+01 3.173135558326889054e+02 4.465839622425464839e+00
5.890000000000000000e+02 5.383160416712544105e+01 3.232900751632891456e+02 5.175685189752154969e+00
5.910000000000000000e+02 5.350808281612516026e+01 3.190264713801990979e+02 5.164293962973506957e+00
5.930000000000000000e+02 5.488374569998723729e+01 3.203241298455577635e+02 4.323155253596902448e+00
5.950000000000000000e+02 5.511081596054371801e+01 3.180766624860709157e+02 3.900931612508525603e+00
5.970000000000000000e+02 5.334525154138184178e+01 3.172657282258188616e+02 3.360986395291778894e+00
5.990000000000000000e+02 5.102112778679011029e+01 3.262451455217592411e+02 4.134842885458910544e+00
6.010000000000000000e+02 5.015649955357418577e+01 3.294478848134949658e+02 4.326608042408940591e+00
6.030000000000000000e+02 5.002589423153786186e+01 3.244986397804394187e+02 3.422450031313427843e+00
6.050000000000000000e+02 5.011594713788591093e+01 3.228250857970765537e+02 4.080412784514267699e+00
6.070000000000000000e+02 5.056377506699217150e+01 3.269159270013225864e+02 3.492705251915062981e+00
6.090000000000000000e+02 5.018697932610020729e+01 3.251044649595709188e+02 3.330952374711627861e+00
6.110000000000000000e+02 5.052755066979624132e+01 3.224205787993954004e+02 3.431865717101046265e+00
6.130000000000000000e+02 5.164789305015042942e+01 3.240008606062045828e+02 3.398557822367276327e+00
6.150000000000000000e+02 5.233152282296038749e+01 3.334400029200334075e+02 3.560589534581075633e+00
6.170000000000000000e+02 5.243301982866862687e+01 3.344318331344545072e+02 3.648249299958227443e+00
6.190000000000000000e+02 5.102986425790946612e+01 3.305203330108000159e+02 2.795717325855957114e+00
6.210000000000000000e+02 5.103091888709304413e+01 3.263088178809897499e+02 2.657117475876885404e+00
6.230000000000000000e+02 5.018681223483107345e+01 3.287994682024261692e+02 2.681434976507875323e+00
6.250000000000000000e+02 4.871218759892881423e+01 3.323372851583067700e+02 2.386010592854036716e+00
6.270000000000000000e+02 4.879041271495536591e+01 3.375077308084641459e+02 2.439685164649106675e+00
6.290000000000000000e+02 4.954444977775255410e+01 3.264723301441678700e+02 2.210195337531005499e+00
6.310000000000000000e+02 5.651975030889431650e+01 3.020438621507274206e+02 2.585806763155228616e+00
6.330000000000000000e+02 5.496846934725066802e+01 3.107032600946529897e+02 2.816295557083846823e+00
6.350000000000000000e+02 5.073534716399115752e+01 3.242951494433644370e+02 3.088083669220924143e+00
6.370000000000000000e+02 5.011592839949547340e+01 3.265004663032937060e+02 3.872810917583075607e+00
6.390000000000000000e+02 5.075030679953898982e+01 3.272394446806678161e+02 3.824743233542295062e+00
6.410000000000000000e+02 5.218449463791966991e+01 3.217573613985259158e+02 3.525093430915203108e+00
6.430000000000000000e+02 5.154930596873057169e+01 3.257963652945092576e+02 2.990226806758501166e+00
6.450000000000000000e+02 5.133913321187723255e+01 3.281866043131927313e+02 3.044332339257923792e+00
6.470000000000000000e+02 5.082432211184891457e+01 3.295101077148501076e+02 3.420256328999434547e+00
6.490000000000000000e+02 5.154697242837864479e+01 3.263614365739849745e+02 3.300084755908209377e+00
6.510000000000000000e+02 5.240508441296110220e+01 3.238190428699026597e+02 3.336445787954867459e+00
6.530000000000000000e+02 5.436660894974296099e+01 3.175549050267580924e+02 3.891261160711966927e+00
6.550000000000000000e+02 5.564312729102903887e+01 3.148928404188361014e+02 3.491285956037226690e+00
6.570000000000000000e+02 5.624144601538366572e+01 3.106118742018337571e+02 3.045663811240655772e+00
6.590000000000000000e+02 5.465708536780054771e+01 3.162392655490710922e+02 3.191990144275928198e+00
6.610000000000000000e+02 5.172793339770886689e+01 3.204782971707367096e+02 3.530887138886703802e+00
6.630000000000000000e+02 5.331319475290992926e+01 3.207217960931179164e+02 3.237925826265592999e+00
6.650000000000000000e+02 5.357587263664099453e+01 3.224763939538910336e+02 2.902522288729297184e+00
6.670000000000000000e+02 5.271170480671563041e+01 3.216507954069745097e+02 2.481486854633461636e+00
6.690000000000000000e+02 4.966203817657500252e+01 3.306960694531561558e+02 2.544788104099274140e+00
6.710000000000000000e+02 4.744443826183547941e+01 3.357969554917076493e+02 2.522419573169669249e+00
6.730000000000000000e+02 4.952044717108800853e+01 3.248220961594496998e+02 2.446052138215113469e+00
6.750000000000000000e+02 4.729312085982507341e+01 3.298341450166687991e+02 2.699493862320881732e+00
6.770000000000000000e+02 4.006032845372924101e+01 3.343437021839783938e+02 2.784347949183518356e+00
6.790000000000000000e+02 3.980584829971759575e+01 3.296591341142923852e+02 3.063176080542669766e+00
6.810000000000000000e+02 3.752537270281413839e+01 3.305394771697164060e+02 3.296377161091788466e+00
6.830000000000000000e+02 3.726741846947836478e+01 3.334503250539345345e+02 2.807769637766380111e+00
6.850000000000000000e+02 3.487879076633106479e+01 3.318072587270341955e+02 2.389430675182463215e+00
6.870000000000000000e+02 3.629250989394998328e+01 3.343459122440983151e+02 3.434476299374983554e+00
6.890000000000000000e+02 3.676061603961353086e+01 3.284709840619839838e+02 2.886869157661134278e+00
6.910000000000000000e+02 3.853570849071617488e+01 3.289482493264819709e+02 3.033536515925909782e+00
6.930000000000000000e+02 3.610891728112596866e+01 3.269801275616505336e+02 2.809906968912610825e+00
6.950000000000000000e+02 4.608797097693622646e+01 3.276959124765708111e+02 2.689173680556200097e+00
6.970000000000000000e+02 4.482143938769419123e+01 3.280814194702967939e+02 2.645071482101579274e+00
6.990000000000000000e+02 3.558777642183566314e+01 3.276920107366555612e+02 2.954431319834863956e+00
7.010000000000000000e+02 3.360607536806131890e+01 3.284814839227783523e+02 2.897648217008373273e+00
7.030000000000000000e+02 3.695433517238013366e+01 3.318017520318924767e+02 2.524639127588707677e+00
7.050000000000000000e+02 4.193489938517017634e+01 3.367718294747650134e+02 2.701380081129947097e+00
7.070000000000000000e+02 4.105239150831728523e+01 3.309110129872688049e+02 3.035956921079528303e+00
7.090000000000000000e+02 4.055592629526118031e+01 3.301323988401095448e+02 2.800263335237444196e+00
7.110000000000000000e+02 4.800526491356001202e+01 3.271315402902519622e+02 2.554778445194199055e+00
7.130000000000000000e+02 4.623670068679200540e+01 3.289352920108860872e+02 2.609130146586582821e+00
7.150000000000000000e+02 4.220272492006785825e+01 3.230996756714388312e+02 3.314667037688169060e+00
7.170000000000000000e+02 3.997161470147663209e+01 3.227364512017830975e+02 2.906997026619527524e+00
7.190000000000000000e+02 4.750413915591734337e+01 3.243614813724472583e+02 2.582052490797266842e+00
7.210000000000000000e+02 5.070145117002359569e+01 3.179255840255253815e+02 2.563625297454830143e+00
7.230000000000000000e+02 2.706709664429531514e+01 3.283021385468058497e+02 2.242549206329444100e+00
7.250000000000000000e+02 4.879004919019459408e+01 3.220561116648331677e+02 2.292065883176797492e+00
7.270000000000000000e+02 5.341341006707778405e+01 3.081756779095982210e+02 2.234910138435421967e+00
7.290000000000000000e+02 5.435211342366964260e+01 3.095043319499291670e+02 2.329912076830094492e+00
7.310000000000000000e+02 5.461339464638613350e+01 3.086910051431405009e+02 2.163336493049085263e+00
7.330000000000000000e+02 2.515732052204801406e+01 3.336460357347502850e+02 2.740678717715559376e+00
7.350000000000000000e+02 2.480601283838050719e+01 3.348321249466965810e+02 2.669548102031108705e+00
7.370000000000000000e+02 2.397830793980008934e+01 3.310994430180462587e+02 2.584994255348650238e+00
7.390000000000000000e+02 2.417865280003315576e+01 3.282735842812933242e+02 2.735780333977158030e+00
7.410000000000000000e+02 5.362081904004084265e+01 3.060017498434322079e+02 2.192242390652239248e+00
7.430000000000000000e+02 5.432984421507548234e+01 2.993499277381363868e+02 2.431968221956194220e+00
7.450000000000000000e+02 5.322402828193008162e+01 3.089899924046554247e+02 2.543582677879755227e+00
7.470000000000000000e+02 5.438127245876560778e+01 2.993387179623859424e+02 2.386067931957420729e+00
7.490000000000000000e+02 1.970624452833226670e+01 3.403438772108471539e+02 2.635064141343779198e+00
7.510000000000000000e+02 2.075843752197921432e+01 3.382652602805249558e+02 2.938134495932882562e+00
7.530000000000000000e+02 2.204463006076875331e+01 3.365099322587460051e+02 2.946604310218137623e+00
7.550000000000000000e+02 2.158485634100250650e+01 3.361612482552066012e+02 3.042733794357640242e+00
7.570000000000000000e+02 2.155737049296179464e+01 3.403292549869317440e+02 3.088018494204631814e+00
7.590000000000000000e+02 1.924483101447281541e+01 3.338826757552071172e+02 2.936349633242933521e+00
7.610000000000000000e+02 1.857664405497974869e+01 3.281904945160637794e+02 2.732868182959452774e+00
7.630000000000000000e+02 2.259596992018015271e+01 3.253405912297390046e+02 3.248139217006651425e+00
7.650000000000000000e+02 2.335376249911446678e+01 3.263281380484339707e+02 3.783570304169863174e+00
7.670000000000000000e+02 2.254408745096951705e+01 3.261435876522709236e+02 4.714196750277559467e+00
7.690000000000000000e+02 2.137396354604096516e+01 3.286262071051759790e+02 4.039486275100825807e+00
7.710000000000000000e+02 2.175461268316427521e+01 3.287028522354562483e+02 3.861799120754956238e+00
7.730000000000000000e+02 2.221279186127579663e+01 3.303849650070080770e+02 4.207528493414123716e+00
7.750000000000000000e+02 2.275099339748833316e+01 3.241530891641442622e+02 4.539656128014586400e+00
7.770000000000000000e+02 2.153968802053019616e+01 3.195169605174619392e+02 4.415748529499712305e+00
7.790000000000000000e+02 2.046248350674268934e+01 3.255125421445426923e+02 4.391902729835802432e+00
7.810000000000000000e+02 2.090690845540402165e+01 3.214489832196618977e+02 4.914919865802991339e+00
7.830000000000000000e+02 2.111446881415530541e+01 3.227920068466635257e+02 5.201886345274251866e+00
7.850000000000000000e+02 1.970376699895043160e+01 3.251296197964026078e+02 5.101388478239718083e+00
7.870000000000000000e+02 2.138311406580819352e+01 3.238162086899311021e+02 4.989922009314174289e+00
7.890000000000000000e+02 2.041137909644226056e+01 3.267055026311026609e+02 5.109317273490858291e+00
7.910000000000000000e+02 2.051943608850085354e+01 3.288035876228076404e+02 4.668993067187109602e+00
7.930000000000000000e+02 2.020028484198442698e+01 3.263958016632588510e+02 4.215507502500175363e+00
7.950000000000000000e+02 1.946063659862790729e+01 3.334919583247686887e+02 4.096187060245953582e+00
7.970000000000000000e+02 1.843742961329414598e+01 3.318453034225308897e+02 4.152157147562892447e+00
7.990000000000000000e+02 1.773168673699124298e+01 3.324785954556763272e+02 3.562644266801143100e+00
8.010000000000000000e+02 1.633656052407846460e+01 3.345733539971421351e+02 3.195374730486251647e+00
8.030000000000000000e+02 1.553276113501799038e+01 3.360417239001866960e+02 3.074313972610214218e+00
8.050000000000000000e+02 1.572795404628588933e+01 3.315819577016748667e+02 2.727999149953360902e+00
8.070000000000000000e+02 1.692558301485092542e+01 3.455623723216141343e+02 2.661753621984206841e+00
8.090000000000000000e+02 1.877632102399286396e+01 3.362924227786843403e+02 2.750393473438358161e+00
8.110000000000000000e+02 1.995434318019914599e+01 3.392180465307982900e+02 2.650897857939721103e+00
8.130000000000000000e+02 1.995840015582715665e+01 3.438950563379222558e+02 2.570953580003618733e+00
8.150000000000000000e+02 1.926338815929642223e+01 3.288486643689176958e+02 2.561713690301424151e+00
8.170000000000000000e+02 1.828179615093981170e+01 3.361283153462557038e+02 2.161046835817454603e+00
8.190000000000000000e+02 1.922044081212607836e+01 3.408063832093843644e+02 1.951803824839390078e+00
8.210000000000000000e+02 1.795388201615152113e+01 3.345979029439085366e+02 2.448524380578247950e+00
8.230000000000000000e+02 1.978090155733047695e+01 3.364566894560197738e+02 2.925851878366338976e+00
8.250000000000000000e+02 1.880167323847011573e+01 3.308902282793565632e+02 3.124689136241041165e+00
8.270000000000000000e+02 2.286288415386136208e+01 3.444359810629689491e+02 2.416815236381256948e+00
8.290000000000000000e+02 2.649036881157396550e+01 3.468085897050718813e+02 2.248052686949320034e+00
8.310000000000000000e+02 2.461458853452187867e+01 3.555087457243439530e+02 2.092785524906707995e+00
8.330000000000000000e+02 9.496465111295515626e+00 3.456154303039368187e+02 2.208230182777831896e+00
8.350000000000000000e+02 -3.530052564124054326e-01 3.501862194687038254e+02 2.154362546507547993e+00
8.370000000000000000e+02 -2.478252494262453698e-01 3.479779715122177208e+02 2.357016675814030737e+00
8.390000000000000000e+02 3.982911647613907480e+00 3.515129388968877606e+02 3.367867761150162398e+00
8.410000000000000000e+02 5.979537739747895486e+00 3.564087170072937170e+02 4.678981390218964975e+00
8.430000000000000000e+02 8.447339486183981450e+00 3.539708252866320777e+02 3.242170109866480576e+00
8.450000000000000000e+02 1.513964926105060727e+01 3.499684093905527220e+02 2.863703528868315473e+00
8.470000000000000000e+02 1.853200058714327270e+01 3.416099941246390586e+02 2.487315850818725860e+00
8.490000000000000000e+02 2.018162818364519140e+01 3.386503883009672791e+02 2.693813663957293603e+00
8.510000000000000000e+02 2.042433531254235035e+01 3.335428058455863152e+02 2.951808857194881064e+00
8.530000000000000000e+02 2.115233888115273331e+01 3.456391285439952412e+02 3.158791337654517140e+00
8.550000000000000000e+02 2.434016427240973357e+01 3.539892485405480897e+02 2.843977651144838248e+00
8.570000000000000000e+02 3.287394429030210574e+01 3.509980917269430165e+02 2.462069280673616412e+00
8.590000000000000000e+02 4.611301753140896409e+01 3.276676551432747146e+02 2.215774926472175999e+00
8.610000000000000000e+02 1.432676857039633944e+01 3.553551577294721255e+02 2.461644526203442762e+00
8.630000000000000000e+02 1.399889494528949996e+01 3.530751622758770623e+02 2.353844128330452090e+00
8.650000000000000000e+02 8.685221619694150519e+00 3.595048579140243987e+02 2.287644551724210551e+00
8.670000000000000000e+02 5.160187196845350854e+01 3.387610789087542003e+02 2.195264032211586613e+00
8.690000000000000000e+02 1.268947262121758079e+01 3.698056540173786857e+02 2.122178987832871844e+00
8.710000000000000000e+02 5.208226078100652501e+01 3.355107690344557341e+02 2.088171883479251978e+00
8.730000000000000000e+02 5.876279777421037664e+01 3.385178278477600315e+02 2.305464084878837472e+00
8.750000000000000000e+02 1.536898588810609745e+01 4.167735605763087960e+02 2.596308137179698772e+00
8.770000000000000000e+02 6.148167180687140387e+01 3.387289751683771328e+02 2.062035484020571463e+00
8.790000000000000000e+02 6.444468757674273718e+01 3.365178635806785223e+02 2.122332887772540921e+00
8.810000000000000000e+02 1.815350996313149778e+01 4.276181871012969395e+02 2.228606441074450828e+00
8.830000000000000000e+02 1.659185423578461993e+01 4.151555646070107173e+02 2.025409460243849491e+00
8.850000000000000000e+02 1.595877516710790545e+01 4.316093811626635670e+02 1.816021062707356082e+00
8.870000000000000000e+02 1.710463149541166317e+01 3.923163638913916316e+02 1.743642565115378629e+00
8.890000000000000000e+02 1.770078086017354835e+01 3.863065544834967113e+02 1.647034086862997349e+00
8.910000000000000000e+02 7.858167595341421929e+01 3.602153038573453046e+02 1.853036493990634526e+00
8.930000000000000000e+02 8.247744910614682112e+01 3.591367193877011914e+02 1.636015289110556603e+00
8.950000000000000000e+02 1.590939355822827963e+02 5.047574147400299580e+02 1.731221224275085291e+00
8.970000000000000000e+02 1.579807692793401088e+02 4.756254163495727312e+02 1.880691032637442417e+00
8.990000000000000000e+02 1.636852593161123792e+01 3.243170683646510497e+02 1.871920955838162648e+00
9.010000000000000000e+02 5.124398694182613667e+01 2.992964094228561294e+02 2.238291641754774464e+00
9.030000000000000000e+02 1.773886561502345671e+01 3.225122121292956194e+02 2.017478142101146066e+00
9.050000000000000000e+02 1.616583636121347922e+01 3.111572126518872210e+02 1.758932197459661229e+00
9.070000000000000000e+02 5.256966162366538953e+01 2.994086925885155210e+02 2.249191439276483795e+00
9.090000000000000000e+02 5.226974931289024795e+01 2.993817821144444906e+02 2.476007801326362667e+00
9.110000000000000000e+02 5.297478564594802464e+01 2.994195998880407501e+02 2.748041216085213456e+00
9.130000000000000000e+02 5.167209031244747308e+01 2.993559165578006969e+02 2.614813146420772227e+00
9.150000000000000000e+02 5.126468956942243693e+01 2.993323292635384405e+02 2.049764460295310897e+00
9.170000000000000000e+02 5.196188017225675537e+01 2.993671995263822510e+02 2.064285490645991317e+00
9.190000000000000000e+02 5.409803841110943523e+01 3.038687435489571271e+02 2.292864355219952799e+00
9.210000000000000000e+02 5.394148522254681666e+01 3.089393812128186596e+02 2.454777240301442287e+00
9.230000000000000000e+02 5.211432058129609146e+01 2.993933731233426556e+02 2.476207808139198718e+00
9.250000000000000000e+02 5.098769240726608842e+01 2.991557904839024218e+02 2.351987104616279023e+00
9.270000000000000000e+02 4.751378558843583733e+01 3.022532355654550997e+02 2.197838361986771627e+00
9.290000000000000000e+02 1.766286652931920287e+01 3.276046727392185289e+02 2.126974546609334826e+00
9.310000000000000000e+02 2.114660469944946897e+01 3.378028947158026654e+02 1.973112869037025874e+00
9.330000000000000000e+02 5.095820086939611571e+01 3.079985620143028200e+02 1.939354875523624289e+00
9.350000000000000000e+02 5.156400235334100302e+01 3.136527002778742599e+02 1.952809052157005176e+00
9.370000000000000000e+02 5.257473582050643301e+01 3.000022621843464208e+02 1.786632651739525901e+00
9.390000000000000000e+02 5.342519518444216686e+01 3.008821800535849889e+02 1.959597940265202176e+00
9.410000000000000000e+02 5.128676775203012994e+01 3.040063413203843652e+02 2.087220507557136617e+00
9.430000000000000000e+02 5.209803886173252607e+01 3.019742766141930019e+02 1.943050764833285982e+00
9.450000000000000000e+02 5.245400210577552258e+01 2.994325340868467720e+02 2.181702851551130529e+00
9.470000000000000000e+02 5.287224210131488888e+01 3.061214434807929479e+02 2.540785641312884202e+00
9.490000000000000000e+02 5.195880300270675178e+01 2.992855329032742588e+02 2.575654300606338154e+00
9.510000000000000000e+02 5.098967399560351055e+01 3.042273075442033701e+02 2.525796756844528090e+00
9.530000000000000000e+02 5.189811703998509529e+01 2.992958111559552776e+02 1.996669767398160378e+00
9.550000000000000000e+02 1.576078150845251535e+01 3.419549142062236342e+02 2.062839011909042508e+00
9.570000000000000000e+02 1.702519469921389828e+01 3.525938091693781757e+02 1.886740594062823240e+00
9.590000000000000000e+02 5.574934030019802833e+01 3.129300591828858842e+02 2.034849831486551519e+00
9.610000000000000000e+02 5.455866767708954512e+01 3.060204712376815337e+02 2.526114558849086755e+00
9.630000000000000000e+02 5.321555436852726473e+01 3.014937195424777201e+02 2.724017809535363543e+00
9.650000000000000000e+02 5.286305522222384923e+01 3.000239740658662981e+02 2.539420709165792100e+00
9.670000000000000000e+02 5.269308959630509293e+01 2.995080518747812448e+02 2.460716019848951053e+00
9.690000000000000000e+02 5.461718036440326784e+01 3.035591327245019215e+02 2.344558647507922089e+00
9.710000000000000000e+02 5.430353242240862954e+01 3.035111495066659586e+02 2.136425438915761088e+00
9.730000000000000000e+02 1.442653466795181672e+01 3.483839153913195901e+02 2.172383431233206430e+00
9.750000000000000000e+02 5.390852305394505350e+01 3.063092189083874928e+02 2.014283299980546449e+00
9.770000000000000000e+02 5.196658318016881850e+01 3.046463809884867260e+02 2.189823515072490512e+00
9.790000000000000000e+02 5.327103713089918102e+01 3.036206049989324356e+02 2.366905158315502522e+00
9.810000000000000000e+02 5.243903861830100510e+01 3.017026386006965026e+02 2.157444325877015956e+00
9.830000000000000000e+02 5.458648867843289310e+01 3.149612966573091626e+02 1.890725439345136039e+00
9.850000000000000000e+02 1.126117462016832178e+02 3.781791323673925831e+02 1.875578355170472111e+00
9.870000000000000000e+02 5.569022905434442094e+01 3.155586356276411379e+02 2.153194866762250914e+00
9.890000000000000000e+02 5.537356654361087038e+01 3.082817207443684993e+02 2.149033350845526158e+00
9.910000000000000000e+02 5.011445709037998597e+01 3.147075465797095717e+02 1.980751558512647170e+00
9.930000000000000000e+02 5.015217689489904274e+01 3.194881463212817039e+02 2.265757432925325165e+00
9.950000000000000000e+02 5.160829215902505496e+01 3.194814139521310494e+02 2.274260176296476921e+00
9.970000000000000000e+02 5.326349691373656725e+01 3.223118710098598854e+02 2.399604650717551468e+00
9.990000000000000000e+02 5.203220041149160124e+01 3.197842940626176755e+02 2.461056685975720804e+00
1.001000000000000000e+03 5.167102503201145680e+01 3.227205884093754094e+02 2.557885560293084559e+00
1.003000000000000000e+03 5.171499470667371412e+01 3.216180264552265839e+02 2.442459390059132041e+00
1.005000000000000000e+03 5.165404909316423243e+01 3.193781773972816040e+02 2.303197958211728569e+00
1.007000000000000000e+03 4.984034679868747020e+01 3.199663042962586701e+02 2.347299850339357619e+00
1.009000000000000000e+03 4.946564032816169743e+01 3.220451912436491853e+02 2.559244950622557191e+00
1.011000000000000000e+03 5.039032034097287749e+01 3.282364066347527682e+02 2.538842681870607798e+00
1.013000000000000000e+03 5.276537124691325431e+01 3.233639393772878634e+02 2.310447824452849463e+00
1.015000000000000000e+03 5.438375833380972324e+01 3.214624890288967549e+02 2.311612644463221233e+00
1.017000000000000000e+03 5.522655242444196233e+01 3.189987279835887648e+02 2.397389772535323260e+00
1.019000000000000000e+03 5.456804609726953004e+01 3.225905368471707675e+02 2.546756702614036971e+00
1.021000000000000000e+03 5.436989529269197874e+01 3.252489490831077319e+02 2.447544870836474207e+00
1.023000000000000000e+03 5.459068229590724286e+01 3.227253176808037551e+02 2.599029025805548621e+00
1.025000000000000000e+03 5.462241207093730111e+01 3.298704922900086558e+02 2.146867593725064527e+00
1.027000000000000000e+03 1.149429419002053123e+02 3.790579814911723133e+02 2.069324643952832776e+00
1.029000000000000000e+03 1.149914341396847988e+02 3.693512490332388438e+02 2.290586749778275699e+00
1.031000000000000000e+03 1.157022966579153405e+02 3.803217083927420958e+02 2.046560456643237824e+00
1.033000000000000000e+03 1.132204576340495663e+02 3.925032769740928984e+02 1.843601418952223181e+00
1.035000000000000000e+03 5.471918786126652634e+01 3.070182129483005156e+02 2.029299244200479801e+00
1.037000000000000000e+03 1.162301289086724836e+02 3.710137278550696465e+02 1.888965969964559122e+00
1.039000000000000000e+03 1.184835313629146611e+02 3.813751569797705088e+02 1.711338110729971218e+00
1.041000000000000000e+03 5.154960063342744547e+01 3.329292584513818838e+02 1.985633720515950884e+00
1.043000000000000000e+03 5.174447959273403086e+01 3.315289833260499108e+02 1.985856155892636643e+00
1.045000000000000000e+03 1.051733544157573341e+01 3.718828263939305998e+02 2.041834810280868773e+00
1.047000000000000000e+03 1.607866528452683852e+01 3.897424919469218594e+02 2.023518093570402243e+00
1.049000000000000000e+03 5.749944351564462153e+01 3.365502610874301013e+02 2.107753114938615724e+00
1.051000000000000000e+03 5.622356534531270000e+01 3.238533027637923851e+02 2.135930680230782919e+00
1.053000000000000000e+03 2.193790434385829968e+01 3.853198192369923731e+02 2.034365170669267808e+00
1.055000000000000000e+03 2.201121890125437730e+01 3.917619256086890118e+02 1.856897501859604782e+00
1.057000000000000000e+03 2.084378431075530358e+01 3.705962009342893566e+02 1.974077454091691441e+00
1.059000000000000000e+03 2.169339352697656409e+01 3.587999054602640285e+02 2.053498112338571602e+00
1.061000000000000000e+03 2.002201660192950428e+01 3.474578356197679909e+02 1.940192047810010090e+00
1.063000000000000000e+03 4.917774283890486942e+01 3.121749267985554752e+02 1.895916583479852591e+00
1.065000000000000000e+03 4.902853281439868738e+01 3.069946407680462244e+02 1.787169243753994774e+00
1.067000000000000000e+03 5.509102853058620042e+01 3.203800593137877399e+02 1.819611793064491501e+00
1.069000000000000000e+03 5.386326976610404671e+01 3.178928488543404001e+02 2.095771182272679223e+00
1.071000000000000000e+03 5.192709353932374938e+01 3.158849659202584803e+02 1.787217452204284518e+00
1.073000000000000000e+03 5.443468115676351715e+01 3.228611482835429456e+02 1.793929897251119732e+00
1.075000000000000000e+03 5.751758741325853208e+01 3.268199534408096270e+02 2.011849516812349581e+00
1.077000000000000000e+03 5.901651831778733737e+01 3.231999725610607470e+02 2.436851767279336833e+00
1.079000000000000000e+03 5.776464774711313765e+01 3.137618330091493135e+02 2.372239423104064215e+00
1.081000000000000000e+03 1.634890921022167376e+01 3.491689112633209220e+02 2.099075494230493888e+00
1.083000000000000000e+03 1.498076685308248379e+01 3.515258875841361146e+02 1.860234797693950615e+00
1.085000000000000000e+03 5.761345457140433979e+01 3.205249639439387010e+02 2.034581537623105785e+00
1.087000000000000000e+03 5.772541166799243229e+01 3.232098281893706826e+02 2.238722106053852468e+00
1.089000000000000000e+03 5.587106055687464590e+01 3.298822858752793650e+02 1.935557487105466823e+00
1.091000000000000000e+03 5.245515235591543046e+01 3.133761827161803808e+02 1.871509357522212147e+00
1.093000000000000000e+03 5.419027572283887650e+01 3.091203723762257596e+02 2.285096589818593760e+00
1.095000000000000000e+03 5.427659169033267972e+01 3.126614554263761647e+02 2.245851330146383606e+00
1.097000000000000000e+03 5.373632954834801012e+01 3.177390740042805533e+02 2.142330150257612420e+00
1.099000000000000000e+03 5.449314994976424487e+01 3.160697156130655117e+02 3.482182993294917761e+00
1.101000000000000000e+03 5.474961087623250933e+01 3.207973802080589962e+02 4.576499645758989487e+00
1.103000000000000000e+03 5.300441102830524898e+01 3.197084979013216639e+02 3.025506331025478612e+00
1.105000000000000000e+03 5.153071467677595763e+01 3.159379962329974205e+02 2.267872896765414037e+00
1.107000000000000000e+03 5.063545246104908415e+01 3.148165752963798809e+02 2.175821107365356166e+00
1.109000000000000000e+03 5.169474059998417204e+01 3.205621553921840814e+02 2.253074180373898283e+00
1.111000000000000000e+03 5.145356506271182440e+01 3.377358822289409090e+02 2.040860121610219124e+00
1.113000000000000000e+03 5.221822405797943389e+01 3.374210654081538792e+02 1.990776352217454859e+00
1.115000000000000000e+03 5.265794390344431264e+01 3.281914455922397451e+02 2.336790678003422439e+00
1.117000000000000000e+03 5.243658219011120281e+01 3.227076625421464655e+02 2.278261953105543913e+00
1.119000000000000000e+03 1.229545225392574270e+00 3.436891384966555734e+02 2.072477789679889604e+00
1.121000000000000000e+03 4.617772016125854151e+01 3.277665546126740992e+02 2.064020704436419162e+00
1.123000000000000000e+03 4.887982407552675568e+01 3.114788294765128853e+02 1.865888842069667541e+00
1.125000000000000000e+03 4.398265768011666665e+01 3.216082573980646657e+02 1.712334086969093061e+00
1.127000000000000000e+03 5.265100100764352220e+01 3.061313281733793019e+02 1.832237533025481868e+00
1.129000000000000000e+03 5.437824046546947443e+01 3.034066063389524288e+02 1.794550945770647221e+00
1.131000000000000000e+03 1.184364820949867436e+01 3.415418981573471910e+02 1.945397983240405138e+00
1.133000000000000000e+03 1.095271537170413190e+01 3.348975392980251513e+02 2.194033046342454885e+00
1.135000000000000000e+03 5.008608190907821012e+01 3.143371381719883288e+02 2.037211269922137191e+00
1.137000000000000000e+03 4.459807826078700188e+00 3.261383266160595440e+02 2.003966023923364759e+00
1.139000000000000000e+03 5.051399240316841599e+01 3.055844544558776192e+02 2.146089328793828077e+00
1.141000000000000000e+03 5.308250297059743872e+01 3.093867514001364611e+02 2.105265126776471263e+00
1.143000000000000000e+03 1.077799890562891072e+01 3.358379851546533814e+02 1.944162554189051484e+00
1.145000000000000000e+03 5.373276835577227217e+01 3.150868071003582713e+02 2.045387347872868133e+00
1.147000000000000000e+03 5.269034747695462784e+01 3.216546562595415253e+02 1.918754735551563506e+00
1.149000000000000000e+03 -1.147073886563459100e+00 3.301662470032161991e+02 2.009747696948060103e+00
1.151000000000000000e+03 1.590514877176995912e+00 3.390473751348114888e+02 1.945279825885787517e+00
1.153000000000000000e+03 4.980344226859446621e+01 3.266943028086757295e+02 2.163483884155101844e+00
1.155000000000000000e+03 2.881672464223239971e-01 3.344845066857599818e+02 2.020039265580958698e+00
1.157000000000000000e+03 2.278249968686162585e+00 3.493070322060131048e+02 2.041634951211598548e+00
1.159000000000000000e+03 2.639778535138422200e+00 3.365817731116493405e+02 1.997405508094000970e+00
1.161000000000000000e+03 4.790209740256641879e+01 3.340073726162920025e+02 1.765370211342613072e+00
1.163000000000000000e+03 -2.005249727310984831e+00 3.360830857194394525e+02 1.749658257021676322e+00
1.165000000000000000e+03 8.252153906411634487e-01 3.373530658487076721e+02 1.774134909567310014e+00
1.167000000000000000e+03 5.120064203326348462e+01 3.047367079644357091e+02 1.928672484355690608e+00
1.169000000000000000e+03 -1.461574235587624226e+00 3.142843028975886455e+02 1.829170465333382900e+00
1.171000000000000000e+03 5.332089679395277670e+01 3.231905242086577346e+02 1.749882126136586225e+00
1.173000000000000000e+03 4.912038271611544360e+01 3.316649580002903690e+02 1.940716328875568442e+00
1.175000000000000000e+03 5.930440711794252806e+00 3.446495457661700357e+02 2.225223215465077065e+00
1.177000000000000000e+03 4.892021334802532095e+01 3.349146587276218838e+02 2.223154101099169999e+00
1.179000000000000000e+03 4.715200742197357187e+01 3.396686711132412597e+02 2.075041844687193215e+00
1.181000000000000000e+03 -5.733788347110318817e+00 3.245093514231530776e+02 1.840337354636035316e+00
1.183000000000000000e+03 7.846652793887864519e+00 3.494877596497441914e+02 1.927045530106438198e+00
1.185000000000000000e+03 -8.117669091924867075e+00 3.184416833828177005e+02 1.897157416379622097e+00
1.187000000000000000e+03 -7.875240788410007298e+00 3.206715956512710477e+02 1.814716065912001852e+00
1.189000000000000000e+03 1.075663581928451151e+01 3.375089480935258166e+02 2.187133895751004697e+00
1.191000000000000000e+03 1.232664826886641407e+01 3.351445341259905604e+02 1.719040732688564388e+00
1.193000000000000000e+03 -7.384484707095750444e+00 3.113987433639964024e+02 1.738375520776669347e+00
