# InfraPy Beamforming (fk) Results
# 
# Data summary:
#     CC.TAVI.01.BDF	2023-08-15T23:20:00.000000Z - 2023-08-15T23:40:00.000000Z
#     CC.TAVI.02.BDF	2023-08-15T23:20:00.000000Z - 2023-08-15T23:40:00.000000Z
#     CC.TAVI.03.BDF	2023-08-15T23:20:00.000000Z - 2023-08-15T23:40:00.000000Z
# 
#   channel_cnt: 3
#   t0: 2023-08-15T23:20:00.000000Z
#   latitude: 46.795975
#   longitude: -121.884018
# 
# Algorithm parameters:
#   freq_min: 2.5
#   freq_max: 9.0
#   back_az_min: -180.0
#   back_az_max: 180.0
#   back_az_step: 2.0
#   trace_vel_min: 300.0
#   trace_vel_max: 600.0
#   trace_vel_step: 2.5
#   method: bartlett
#   signal_start: None
#   signal_end: None
#   window_len: 10.0
#   sub_window_len: None
#   window_step: 2.0
# 
# Time (rel t0) [s]      Back Az [deg]	           Tr. Velocity [m/s]       F-stat
5.000000000000000000e+00 7.746154270185579094e+01 3.404745513110516981e+02 2.799568671783080553e+00
7.000000000000000000e+00 8.231512964608958782e+01 3.406048660144575138e+02 3.526211941629691093e+00
9.000000000000000000e+00 7.818190077819639328e+01 3.512048491834896140e+02 2.847865632063738772e+00
1.100000000000000000e+01 7.423456757759173286e+01 3.470149980455107084e+02 2.925994557754397540e+00
1.300000000000000000e+01 7.959810105929265944e+01 3.591920674101466489e+02 2.813475365379872972e+00
1.500000000000000000e+01 7.914787299161061185e+01 3.498266286020761413e+02 3.346300632884766202e+00
1.700000000000000000e+01 7.582787920233717216e+01 3.420370461182592408e+02 3.953336836776834673e+00
1.900000000000000000e+01 8.021860797749471317e+01 3.585139022044500052e+02 2.746596977871938350e+00
2.100000000000000000e+01 8.265433296337408819e+01 3.457840027654640949e+02 2.447531205262691412e+00
2.300000000000000000e+01 7.548385880104470402e+01 3.351080506052911687e+02 2.655359318310944072e+00
2.500000000000000000e+01 7.559609654248565391e+01 3.496435474773369378e+02 2.832034747970918698e+00
2.700000000000000000e+01 7.170899544140266357e+01 3.494821268313032192e+02 2.611362834024993695e+00
2.900000000000000000e+01 7.312859970348200989e+01 3.629976340534843189e+02 2.452024140232386351e+00
3.100000000000000000e+01 7.807989945852797575e+01 3.414571800046257977e+02 3.044624299014020874e+00
3.300000000000000000e+01 7.742372139069537695e+01 3.193292115460721448e+02 2.619442170701294703e+00
3.500000000000000000e+01 7.291404523602284371e+01 3.170598650565184471e+02 2.797523712251715811e+00
3.700000000000000000e+01 7.347494021512908091e+01 3.279623355797875774e+02 2.287208681268796173e+00
3.900000000000000000e+01 7.614421425117555486e+01 3.305570147062851447e+02 1.873796201263925543e+00
4.100000000000000000e+01 7.567808702707479540e+01 3.520251163314890164e+02 2.742116614183169876e+00
4.300000000000000000e+01 7.528600629404951405e+01 3.609123291552276100e+02 2.589295689321249760e+00
4.500000000000000000e+01 1.785160705843178732e+02 3.141223744609547452e+02 2.058512275770133737e+00
4.700000000000000000e+01 8.252738521202536504e+01 3.721214466904685878e+02 2.723403850173200080e+00
4.900000000000000000e+01 7.772055897822821180e+01 3.689171613880051268e+02 2.891409271308579942e+00
5.100000000000000000e+01 7.674470745116830983e+01 3.667451513774436762e+02 3.160531008440719436e+00
5.300000000000000000e+01 7.338251321690127327e+01 3.787617098774686610e+02 3.305009141911132264e+00
5.500000000000000000e+01 7.438418434609354790e+01 3.482927423746051545e+02 3.329521157647094221e+00
5.700000000000000000e+01 7.564244058652278113e+01 3.312295375433769777e+02 3.311905859807004582e+00
5.900000000000000000e+01 7.899113860366593087e+01 3.436099914189044853e+02 2.953278411199230291e+00
6.100000000000000000e+01 7.595775382200709203e+01 3.518730844024656790e+02 2.339536834733044746e+00
6.300000000000000000e+01 7.943316161555260635e+01 3.532183853388372086e+02 3.042216718267379161e+00
6.500000000000000000e+01 7.543980239064777038e+01 3.493846815991420840e+02 3.795447018296722597e+00
6.700000000000000000e+01 7.172505748825503247e+01 3.365614525943135504e+02 2.915844596849882731e+00
6.900000000000000000e+01 7.039648755309001160e+01 3.533278720782962523e+02 2.605991455286117198e+00
7.100000000000000000e+01 7.332190268694597535e+01 3.549312873611287387e+02 3.221462795996246520e+00
7.300000000000000000e+01 7.651359372760539657e+01 3.449210478956971997e+02 2.265003546876816820e+00
7.500000000000000000e+01 8.209354463261998092e+01 3.663497507513644109e+02 2.359457825001238795e+00
7.700000000000000000e+01 7.736135679205411009e+01 3.574578690092013744e+02 2.929535158548511653e+00
7.900000000000000000e+01 7.270744880120871301e+01 3.580628906296377068e+02 3.814086342168835131e+00
8.100000000000000000e+01 7.542137005661518856e+01 3.602942012547915169e+02 4.059618197775870740e+00
8.300000000000000000e+01 7.271430246654085749e+01 3.527215735357152653e+02 3.080758835597258827e+00
8.500000000000000000e+01 7.392164475728429807e+01 3.780039711900831207e+02 3.142658361461467376e+00
8.700000000000000000e+01 7.940899888069357360e+01 3.505025536657930729e+02 3.177306891306543868e+00
8.900000000000000000e+01 7.716959245601206874e+01 3.596138952167801222e+02 3.709922113758552520e+00
9.100000000000000000e+01 7.763437039150757357e+01 3.724974050671282839e+02 2.808455340795189326e+00
9.300000000000000000e+01 7.985139559088018757e+01 3.538741699176614475e+02 2.616004623266744211e+00
9.500000000000000000e+01 7.960524120064570752e+01 3.515526134689172295e+02 2.708017089230052132e+00
9.700000000000000000e+01 7.674714477363370690e+01 3.493940073462626401e+02 3.005300588377100901e+00
9.900000000000000000e+01 7.865003197602490559e+01 3.268830103704723342e+02 2.597961583898257043e+00
1.010000000000000000e+02 8.206579464990473127e+01 3.489184783243995867e+02 2.763834667443596516e+00
1.030000000000000000e+02 8.059934097223118954e+01 3.644827689200896543e+02 3.674676776768027953e+00
1.050000000000000000e+02 7.820392512748531999e+01 3.501586444645267875e+02 4.177229490121008304e+00
1.070000000000000000e+02 7.872135395098710831e+01 3.411294350902420547e+02 3.425737375264841678e+00
1.090000000000000000e+02 7.920104503703988996e+01 3.370139765204570494e+02 2.646510755234474654e+00
1.110000000000000000e+02 7.626219042139442195e+01 3.369646811332433458e+02 2.996977623494466947e+00
1.130000000000000000e+02 7.615631136510702959e+01 3.653939644869787458e+02 3.014824620947754497e+00
1.150000000000000000e+02 7.115197183106535306e+01 3.892287185946195791e+02 2.777892044176514030e+00
1.170000000000000000e+02 7.345889088245898790e+01 3.882250546342752955e+02 2.367895300008168391e+00
1.190000000000000000e+02 7.929488573766842308e+01 3.657435072128974980e+02 2.395680725346667650e+00
1.210000000000000000e+02 7.706923046309120195e+01 3.613178272679053293e+02 2.425669516769807910e+00
1.230000000000000000e+02 7.453521182489922126e+01 3.656195783993771329e+02 3.060922164900413467e+00
1.250000000000000000e+02 7.783363863685150363e+01 3.808763068154454459e+02 2.206104718907266893e+00
1.270000000000000000e+02 8.067687040750286087e+01 3.968248931087847495e+02 1.704204730429828007e+00
1.290000000000000000e+02 8.139537356595533879e+01 3.605601272481109163e+02 2.757156841442316875e+00
1.310000000000000000e+02 8.021070689688644961e+01 3.548102686711109754e+02 2.893015977448928133e+00
1.330000000000000000e+02 7.799040831777749361e+01 3.478236193886364731e+02 2.441404669365189850e+00
1.350000000000000000e+02 7.482454933743609615e+01 3.438023870920104628e+02 2.477434339681762854e+00
1.370000000000000000e+02 7.364175404786378465e+01 3.338432304226524252e+02 2.301584927322820828e+00
1.390000000000000000e+02 7.299559952453982703e+01 3.628437275047581920e+02 2.945574912273580814e+00
1.410000000000000000e+02 7.313523341115647725e+01 3.706957915165751274e+02 3.007479632396564906e+00
1.430000000000000000e+02 7.459187080733443054e+01 3.815086676997226505e+02 2.319279199706048455e+00
1.450000000000000000e+02 7.539998418231685662e+01 3.411086927983649844e+02 2.583870253284101803e+00
1.470000000000000000e+02 7.581347482773179536e+01 3.422446941480015994e+02 2.687735755968806650e+00
1.490000000000000000e+02 7.700834221867604867e+01 3.357360842834705181e+02 3.729248681136746235e+00
1.510000000000000000e+02 7.680750877240060959e+01 3.365537315056805028e+02 3.378401639125895972e+00
1.530000000000000000e+02 7.593895129896357332e+01 3.638042279838034005e+02 2.905113657441315222e+00
1.550000000000000000e+02 7.154662458338442832e+01 3.515898111162574651e+02 2.719290434509239685e+00
1.570000000000000000e+02 7.348974295693695069e+01 3.403814649678712954e+02 2.730719619555640687e+00
1.590000000000000000e+02 7.961332184714501636e+01 3.430510735095239738e+02 2.871885835994884673e+00
1.610000000000000000e+02 7.782796339781168626e+01 3.454370165138321909e+02 3.138303765223943387e+00
1.630000000000000000e+02 7.528424382192376640e+01 3.430269194919016513e+02 4.063387959310295727e+00
1.650000000000000000e+02 7.731627287728834119e+01 3.518578339196629940e+02 3.637267428947475789e+00
1.670000000000000000e+02 8.046316815406538581e+01 3.704845986027117988e+02 2.173488522061836736e+00
1.690000000000000000e+02 -7.935302405968528205e+01 3.497059609227016495e+02 1.981639440439983968e+00
1.710000000000000000e+02 8.115788650138495086e+01 3.215592072725455637e+02 1.837728880257406772e+00
1.730000000000000000e+02 8.207160922620703047e+01 3.502422839735969546e+02 2.593630577284887551e+00
1.750000000000000000e+02 8.144232564286306797e+01 3.575124092187195970e+02 3.668085590377773375e+00
1.770000000000000000e+02 7.727891535281203517e+01 3.647713567699704527e+02 2.798491114539775282e+00
1.790000000000000000e+02 7.749476006375556381e+01 3.685466326728976014e+02 2.357120734321000999e+00
1.810000000000000000e+02 7.909847222733532135e+01 3.618711782464413318e+02 2.151624642137555998e+00
1.830000000000000000e+02 8.009390442937156251e+01 3.180194061151467508e+02 2.428958185525865954e+00
1.850000000000000000e+02 8.203544352232370329e+01 3.305873218336182049e+02 2.264056392014708319e+00
1.870000000000000000e+02 7.862616728910256825e+01 3.496919927854698926e+02 2.151549497270107469e+00
1.890000000000000000e+02 6.902150799428720518e+01 3.453978818642042938e+02 1.698456532365009153e+00
1.910000000000000000e+02 6.749758103744930793e+01 3.496176439400050526e+02 1.855637314086797440e+00
1.930000000000000000e+02 7.104369838246037716e+01 3.649305690183471143e+02 2.335609187500369277e+00
1.950000000000000000e+02 7.436938781662220777e+01 3.565370639068245282e+02 2.672195413187619106e+00
1.970000000000000000e+02 7.670726789327832762e+01 3.466552638635601511e+02 3.488985510544155400e+00
1.990000000000000000e+02 7.701145095547529706e+01 3.364049253741256962e+02 3.123443212466203711e+00
2.010000000000000000e+02 7.786402024877675387e+01 3.291855219881853145e+02 2.854626020413188581e+00
2.030000000000000000e+02 7.744717254147589358e+01 3.234752670923231790e+02 3.063370543212786234e+00
2.050000000000000000e+02 7.599009446419236724e+01 3.426883172841141914e+02 3.341996320763868322e+00
2.070000000000000000e+02 7.803350432372118917e+01 3.740803846372026555e+02 3.799725814922622291e+00
2.090000000000000000e+02 7.643068090516868551e+01 3.742284861075722233e+02 3.339878876081388448e+00
2.110000000000000000e+02 7.387310583565394495e+01 3.619917849179856830e+02 3.163423413563820841e+00
2.130000000000000000e+02 7.600259631661317883e+01 3.789868041205936606e+02 3.266091615613025301e+00
2.150000000000000000e+02 7.589749650826699678e+01 3.729521893637685821e+02 2.706017182488397399e+00
2.170000000000000000e+02 7.465610715989315338e+01 3.605951690282349773e+02 2.327209818651968298e+00
2.190000000000000000e+02 7.178329615870386249e+01 3.607777470102822122e+02 2.257456358675002495e+00
2.210000000000000000e+02 7.315874272293999070e+01 3.659961814957910633e+02 2.505880467852375393e+00
2.230000000000000000e+02 7.570675746152143404e+01 3.490712709834349425e+02 2.634543035025039170e+00
2.250000000000000000e+02 7.515234513213454193e+01 3.427354865802795985e+02 3.704658873435475286e+00
2.270000000000000000e+02 7.716097369538285022e+01 3.455977883033940543e+02 3.547001243277977611e+00
2.290000000000000000e+02 7.777989142167579928e+01 3.626762890222193505e+02 3.104505581861336516e+00
2.310000000000000000e+02 7.941278759213847138e+01 3.699707517388549718e+02 2.506792532556509467e+00
2.330000000000000000e+02 8.076124937456872033e+01 3.534158587158136697e+02 1.865991055317512748e+00
2.350000000000000000e+02 7.274296245464316257e+01 3.643493118999313083e+02 1.987931902626841607e+00
2.370000000000000000e+02 7.306034644871223804e+01 3.723758054591580162e+02 2.220265171490328093e+00
2.390000000000000000e+02 7.396134284915184764e+01 3.376654995541419453e+02 1.869446121060393207e+00
2.410000000000000000e+02 7.091504906475284997e+01 3.335454264264446920e+02 1.881120065779227080e+00
2.430000000000000000e+02 7.318383645631533341e+01 3.194469644867518241e+02 2.223081571301305903e+00
2.450000000000000000e+02 7.290719627317574236e+01 3.489280014101300367e+02 2.665499995614892370e+00
2.470000000000000000e+02 7.437942270248585430e+01 3.500233038198882127e+02 2.760476571273016599e+00
2.490000000000000000e+02 7.071063197144540879e+01 3.803678291399631348e+02 3.069013954739231220e+00
2.510000000000000000e+02 7.669300172955935579e+01 3.781865293433982060e+02 2.187422638491486993e+00
2.530000000000000000e+02 8.085949559537640141e+01 3.598578681502583549e+02 2.518477327310055358e+00
2.550000000000000000e+02 8.142474415937850551e+01 3.693812561871372964e+02 2.798265055099165011e+00
2.570000000000000000e+02 8.055073000418161655e+01 3.409949436322231691e+02 1.919288361227318163e+00
2.590000000000000000e+02 7.804940989607868573e+01 3.571563005302371607e+02 1.926913936193284327e+00
2.610000000000000000e+02 7.312571903184240796e+01 3.375778018055607959e+02 2.274216607152293346e+00
2.630000000000000000e+02 7.288832874929561001e+01 3.454224666098077137e+02 3.036576017370277381e+00
2.650000000000000000e+02 7.322635279662785024e+01 3.383226769844943078e+02 2.593319929141112645e+00
2.670000000000000000e+02 7.280789662473884505e+01 3.625053929598076934e+02 1.816131270908080575e+00
2.690000000000000000e+02 7.080107346880484442e+01 3.881836486317619119e+02 1.980758614750185220e+00
2.710000000000000000e+02 7.772163595132356306e+01 3.980295509820287521e+02 2.929548369690778475e+00
2.730000000000000000e+02 7.423694347075846167e+01 3.644909189237563396e+02 3.178971065974188992e+00
2.750000000000000000e+02 7.165371639702888729e+01 3.426180942993649410e+02 3.079261362715282058e+00
2.770000000000000000e+02 7.491265454270009627e+01 3.514712680763858543e+02 3.023295791946811306e+00
2.790000000000000000e+02 7.234985105571396957e+01 3.484036659653646097e+02 2.724652228620130234e+00
2.810000000000000000e+02 7.372528822303819140e+01 3.515456015088887511e+02 2.691215140328637290e+00
2.830000000000000000e+02 7.073332575425766322e+01 3.640444651796470907e+02 2.128671009864152808e+00
2.850000000000000000e+02 7.142678561964599737e+01 3.641296973403046877e+02 2.367667256651183827e+00
2.870000000000000000e+02 7.065257567693423368e+01 3.683492701191026413e+02 2.364717464709371164e+00
2.890000000000000000e+02 7.439941129168094847e+01 3.580330670923862044e+02 2.187836920472801427e+00
2.910000000000000000e+02 7.547825047152602451e+01 3.688624620729960952e+02 2.051753472991193927e+00
2.930000000000000000e+02 7.104844115549848027e+01 3.808117915091486907e+02 2.049301779251539113e+00
2.950000000000000000e+02 7.237399206997427825e+01 3.825572556579855927e+02 2.174330092546632454e+00
2.970000000000000000e+02 7.610786771601422629e+01 3.186563801085278556e+02 1.948126237315457754e+00
2.990000000000000000e+02 -6.029525303747141862e+01 3.927142868034433150e+02 1.850697536897558226e+00
3.010000000000000000e+02 -6.921086688261280528e+01 4.247593800559194506e+02 1.460408592009743600e+00
3.030000000000000000e+02 1.710698016812596904e+02 3.416776695623403839e+02 1.744949768601881335e+00
3.050000000000000000e+02 1.688166164192101064e+02 2.994664869408564414e+02 1.868156499806728377e+00
3.070000000000000000e+02 1.682453439169083822e+02 3.251977738096659891e+02 2.000290735358420058e+00
3.090000000000000000e+02 7.991128276846666267e+01 3.562649746509645752e+02 2.025019808022655798e+00
3.110000000000000000e+02 7.800269866191128187e+01 3.614789466973279559e+02 1.995873336650374252e+00
3.130000000000000000e+02 7.308009818167404603e+01 3.323605735953354952e+02 2.457247810383666131e+00
3.150000000000000000e+02 7.211405520800686020e+01 3.323275193679519361e+02 2.226966532798045684e+00
3.170000000000000000e+02 7.061761200382768777e+01 3.326494191844431043e+02 3.001579355980167119e+00
3.190000000000000000e+02 6.998699785537448292e+01 3.553223646537550735e+02 3.690024264974930635e+00
3.210000000000000000e+02 6.996929321336611451e+01 3.845647275769884459e+02 3.402924658756939280e+00
3.230000000000000000e+02 7.213335065803775592e+01 3.731085529881752905e+02 3.624590407041656803e+00
3.250000000000000000e+02 7.279729829931271468e+01 3.586083301968029105e+02 3.108654131022633660e+00
3.270000000000000000e+02 6.926020957356345775e+01 3.487790427602692489e+02 3.278365709346366508e+00
3.290000000000000000e+02 7.143550249477176806e+01 3.460821912415031534e+02 3.978346423489479644e+00
3.310000000000000000e+02 7.401848396275302377e+01 3.474948617266148858e+02 4.347960356912473401e+00
3.330000000000000000e+02 7.375786171924109169e+01 3.496403731262847714e+02 4.801809135995991795e+00
3.350000000000000000e+02 7.381467360616022688e+01 3.449432792455831418e+02 4.790957079829614607e+00
3.370000000000000000e+02 7.403866149709834588e+01 3.533607390007563822e+02 3.451763053636593082e+00
3.390000000000000000e+02 7.350844141020807854e+01 3.646574322855279320e+02 3.398825523386947989e+00
3.410000000000000000e+02 6.977069895741297501e+01 3.734156274603793690e+02 4.105559811789823321e+00
3.430000000000000000e+02 6.879073518536468157e+01 3.682710034114406312e+02 4.958190661010760891e+00
3.450000000000000000e+02 6.880175965453389608e+01 3.511409906980267692e+02 5.252835123022155273e+00
3.470000000000000000e+02 6.816229830762526376e+01 3.335323866972775022e+02 5.415758499722626240e+00
3.490000000000000000e+02 7.007760614827192569e+01 3.409396617867592454e+02 5.755469973285224583e+00
3.510000000000000000e+02 7.168607378798120067e+01 3.473925565958253969e+02 7.317637298525698775e+00
3.530000000000000000e+02 7.104346496123699239e+01 3.525423663906796037e+02 6.160748995518646076e+00
3.550000000000000000e+02 6.761872236039354789e+01 3.634609839028503302e+02 4.687953119569376881e+00
3.570000000000000000e+02 6.883537485211459739e+01 3.691786870206445883e+02 5.866962182922767610e+00
3.590000000000000000e+02 7.080891289218588724e+01 3.570434854730885377e+02 5.444857511382974913e+00
3.610000000000000000e+02 7.302247782151954425e+01 3.605401683519780818e+02 3.807304407413331315e+00
3.630000000000000000e+02 7.402311503870728870e+01 3.607255409461888576e+02 4.650339980122742745e+00
3.650000000000000000e+02 7.189638981003190565e+01 3.661768388625685020e+02 8.786255847926939921e+00
3.670000000000000000e+02 7.411618482709036471e+01 3.595288388269390225e+02 1.036584581386607518e+01
3.690000000000000000e+02 7.412928300986258989e+01 3.669585959249198481e+02 1.129049989238298579e+01
3.710000000000000000e+02 7.074985783156741093e+01 3.709952550562304054e+02 8.951368012474985036e+00
3.730000000000000000e+02 7.044543625490635463e+01 3.697283832002576105e+02 7.021176721453818992e+00
3.750000000000000000e+02 6.953117910263776480e+01 3.684139191646700056e+02 7.717980713575395946e+00
3.770000000000000000e+02 7.194549687772470747e+01 3.556381220151270099e+02 5.132875787418011981e+00
3.790000000000000000e+02 7.733354930757896284e+01 3.379087891637141183e+02 4.935275188878597952e+00
3.810000000000000000e+02 7.409152028296877290e+01 3.361957036524529485e+02 6.830558449045184055e+00
3.830000000000000000e+02 7.514893945353399829e+01 3.380897955823806456e+02 5.928699683232188100e+00
3.850000000000000000e+02 7.377201272030615087e+01 3.431885554981807331e+02 5.196903547559472258e+00
3.870000000000000000e+02 7.146140579272098137e+01 3.616455237299333021e+02 5.352700750601240287e+00
3.890000000000000000e+02 7.196903662816954750e+01 3.800448228617339623e+02 6.685620325288375909e+00
3.910000000000000000e+02 7.543562775243510998e+01 3.694920306290546819e+02 6.356227902427955101e+00
3.930000000000000000e+02 7.619146231798022484e+01 3.651371995415203173e+02 6.362097032902353178e+00
3.950000000000000000e+02 7.780890338689572161e+01 3.669994206048135084e+02 6.790647966382298506e+00
3.970000000000000000e+02 7.764332990238843024e+01 3.670987821048220781e+02 5.551324389160282813e+00
3.990000000000000000e+02 7.374736649074301909e+01 3.738449794388918122e+02 5.721090888804728714e+00
4.010000000000000000e+02 7.446423322949213741e+01 3.594879499927998268e+02 6.357676452973998416e+00
4.030000000000000000e+02 7.373664311106806224e+01 3.357715766126991070e+02 6.004686321104932389e+00
4.050000000000000000e+02 7.304493133901483759e+01 3.427669343900782337e+02 6.936001832086148511e+00
4.070000000000000000e+02 6.923547613864533901e+01 3.630797848568971631e+02 8.168199118610843357e+00
4.090000000000000000e+02 6.999101221164433184e+01 3.657274812104389525e+02 8.093112044671796568e+00
4.110000000000000000e+02 7.301199486897840529e+01 3.758597684807584187e+02 6.185943624839462807e+00
4.130000000000000000e+02 7.456973595790762488e+01 3.706960594275779499e+02 7.481456807768560147e+00
4.150000000000000000e+02 7.326043236074609410e+01 3.685608127659144770e+02 9.696000146163459732e+00
4.170000000000000000e+02 7.215512894525647880e+01 3.593572990065924841e+02 7.048390176271341012e+00
4.190000000000000000e+02 7.312950967021212989e+01 3.766737525262867052e+02 8.042680215369729879e+00
4.210000000000000000e+02 7.478079324971415076e+01 3.572784667052819714e+02 8.029043460477007343e+00
4.230000000000000000e+02 7.365910831528232450e+01 3.536886466461110672e+02 1.175455253251142196e+01
4.250000000000000000e+02 7.448073555729466477e+01 3.497879686086685069e+02 1.357977857322762283e+01
4.270000000000000000e+02 7.565422780781047152e+01 3.503179894962098047e+02 1.654308069136688886e+01
4.290000000000000000e+02 7.528604665526202666e+01 3.524438861383454196e+02 1.265381006547177911e+01
4.310000000000000000e+02 7.532690479461930977e+01 3.649558351058535095e+02 2.186147294421632736e+01
4.330000000000000000e+02 7.578097979367609582e+01 3.556012920631628731e+02 1.683484746961178047e+01
4.350000000000000000e+02 7.529610341809977569e+01 3.554846278078588284e+02 1.773273343847273864e+01
4.370000000000000000e+02 7.521295934796204108e+01 3.569481209757385614e+02 1.477203393681175747e+01
4.390000000000000000e+02 7.515606948900209261e+01 3.626557975689283921e+02 1.482346180367407662e+01
4.410000000000000000e+02 7.581432627107977851e+01 3.630670387366966452e+02 1.740698965970020851e+01
4.430000000000000000e+02 7.670543327440212522e+01 3.598762310584154420e+02 1.108336205127390528e+01
4.450000000000000000e+02 7.505464665087711751e+01 3.609850496830994757e+02 1.172992625767613184e+01
4.470000000000000000e+02 7.572788524638376373e+01 3.640653776452368788e+02 1.125419982948104369e+01
4.490000000000000000e+02 7.495092716139615163e+01 3.547191141540671424e+02 9.166632352288651475e+00
4.510000000000000000e+02 7.547645904186303767e+01 3.604399770303983814e+02 1.210171121542814276e+01
4.530000000000000000e+02 7.640036157701673858e+01 3.574144255602158182e+02 1.573747540799597289e+01
4.550000000000000000e+02 7.629388221647488422e+01 3.536522446821728067e+02 1.716703180678498697e+01
4.570000000000000000e+02 7.664798934058643454e+01 3.540731367158915077e+02 2.175603674992030179e+01
4.590000000000000000e+02 7.539037455990177250e+01 3.561656095624846330e+02 1.357825938666866783e+01
4.610000000000000000e+02 7.493151699866945137e+01 3.601152351526810662e+02 1.423061023390881452e+01
4.630000000000000000e+02 7.525586520539856394e+01 3.524541065304496215e+02 1.068325824403802393e+01
4.650000000000000000e+02 7.667849133190151178e+01 3.549330066561235526e+02 1.072588012905282717e+01
4.670000000000000000e+02 7.592391639475094678e+01 3.603209482135357007e+02 1.902183880198953503e+01
4.690000000000000000e+02 7.525930307718063261e+01 3.590519152611700520e+02 1.948769420188175516e+01
4.710000000000000000e+02 7.610366556137351779e+01 3.530093363494210621e+02 2.510717626333476815e+01
4.730000000000000000e+02 7.546202957261851907e+01 3.579685806341526018e+02 2.139337649306019529e+01
4.750000000000000000e+02 7.518331004480644708e+01 3.622326774791252433e+02 1.742444323842068954e+01
4.770000000000000000e+02 7.462415817228324499e+01 3.653310511746013276e+02 1.595320029825217567e+01
4.790000000000000000e+02 7.430401585999301517e+01 3.536381043178964205e+02 1.343319387255003683e+01
4.810000000000000000e+02 7.424896926963246813e+01 3.613931975003545745e+02 1.333596518808000830e+01
4.830000000000000000e+02 7.525051299860976428e+01 3.571185638678505256e+02 1.565703137336145900e+01
4.850000000000000000e+02 7.491445507102967838e+01 3.505574337067271813e+02 1.495128167836753619e+01
4.870000000000000000e+02 7.517092650215815297e+01 3.613956166132681460e+02 1.433195362488935309e+01
4.890000000000000000e+02 7.511544963136357467e+01 3.700426286696246052e+02 1.928982763070294482e+01
4.910000000000000000e+02 7.267344358253522785e+01 3.640327153847268846e+02 1.741548373090543578e+01
4.930000000000000000e+02 7.413607314369831158e+01 3.618511370561058698e+02 1.874866552049753921e+01
4.950000000000000000e+02 7.404022755444904647e+01 3.590291450971570271e+02 1.493761491514533546e+01
4.970000000000000000e+02 7.424582888343205411e+01 3.546100665209932004e+02 1.311422752706646122e+01
4.990000000000000000e+02 7.478286998295777721e+01 3.634604566637304970e+02 1.095734288310502613e+01
5.010000000000000000e+02 7.537214973279617425e+01 3.624540381912614180e+02 1.371833036602937206e+01
5.030000000000000000e+02 7.590554114268351782e+01 3.569543426958592249e+02 1.417591851275705039e+01
5.050000000000000000e+02 7.533406315403196629e+01 3.566109689348900815e+02 1.385229803020365580e+01
5.070000000000000000e+02 7.606356377481370146e+01 3.527406525732348541e+02 1.406483887582849945e+01
5.090000000000000000e+02 7.675293844419422840e+01 3.447388250279473709e+02 1.698804696614272913e+01
5.110000000000000000e+02 7.531265646087256016e+01 3.536425349190752172e+02 1.987169532883155654e+01
5.130000000000000000e+02 7.711710491709459347e+01 3.568649665117652603e+02 1.472548825544363282e+01
5.150000000000000000e+02 7.567238317193651653e+01 3.570354751019971786e+02 9.898005476138319381e+00
5.170000000000000000e+02 7.515313400584639680e+01 3.514466763564616372e+02 1.131413426274889034e+01
5.190000000000000000e+02 7.486996259614704741e+01 3.468030166814452855e+02 1.104578485246937447e+01
5.210000000000000000e+02 7.352154354499438682e+01 3.544645531458093615e+02 8.653576725982002671e+00
5.230000000000000000e+02 7.445145056996452126e+01 3.702726148329392686e+02 6.768111044566074597e+00
5.250000000000000000e+02 7.416639578351292528e+01 3.634736514028509760e+02 7.146489898643902272e+00
5.270000000000000000e+02 7.423100496813468396e+01 3.557821427540382047e+02 1.191804038555587475e+01
5.290000000000000000e+02 7.399319269790518661e+01 3.525231995598230696e+02 1.601475981082496602e+01
5.310000000000000000e+02 7.499896794171050374e+01 3.498781703046007010e+02 1.832071027815879916e+01
5.330000000000000000e+02 7.478717451196506261e+01 3.553997412514601706e+02 1.823262527963571955e+01
5.350000000000000000e+02 7.437695579213460917e+01 3.535525172069944801e+02 2.397369442584182408e+01
5.370000000000000000e+02 7.445279787844987140e+01 3.515728074101182870e+02 1.587643949529513243e+01
5.390000000000000000e+02 7.408283556802237513e+01 3.523284408390925933e+02 1.264001450006488270e+01
5.410000000000000000e+02 7.577555069907801055e+01 3.536851511005870634e+02 1.285920877434024234e+01
5.430000000000000000e+02 7.530571831168786900e+01 3.541624259646965811e+02 1.094700670730237135e+01
5.450000000000000000e+02 7.444723815438575798e+01 3.541955919067195850e+02 1.198258246499911905e+01
5.470000000000000000e+02 7.320525979958006246e+01 3.503462920472878750e+02 1.214706993490153053e+01
5.490000000000000000e+02 7.328449783852609301e+01 3.631118019894344116e+02 1.398859538591869445e+01
5.510000000000000000e+02 7.355903800012366389e+01 3.631564759007235352e+02 1.119796912298688696e+01
5.530000000000000000e+02 7.294080173805308220e+01 3.573692620568033362e+02 9.077321439344183673e+00
5.550000000000000000e+02 7.301266447808680482e+01 3.560308060956238592e+02 1.008969734095988002e+01
5.570000000000000000e+02 7.401553267982298223e+01 3.625304121522108858e+02 1.060649175195231741e+01
5.590000000000000000e+02 7.525320143262683814e+01 3.683243412922045650e+02 7.668414878018286807e+00
5.610000000000000000e+02 7.206419244676794733e+01 3.666741297046736463e+02 1.145099881493975680e+01
5.630000000000000000e+02 7.331215161508734468e+01 3.579649534744009998e+02 1.185300438199855577e+01
5.650000000000000000e+02 7.340297072223035002e+01 3.565204725069937126e+02 2.075168765778755287e+01
5.670000000000000000e+02 7.320926042700833136e+01 3.576418784796875343e+02 1.883066072010321790e+01
5.690000000000000000e+02 7.406585653166015959e+01 3.621862616709893246e+02 1.244467756325259167e+01
5.710000000000000000e+02 7.452339403826697151e+01 3.579975164922778958e+02 1.222471698432211440e+01
5.730000000000000000e+02 7.274925946956582834e+01 3.522966299807516179e+02 9.735317979935514288e+00
5.750000000000000000e+02 7.332077922366505618e+01 3.593262736805908162e+02 8.679023748098511959e+00
5.770000000000000000e+02 7.461435365423437815e+01 3.580766667113779249e+02 1.020844856029945014e+01
5.790000000000000000e+02 7.542146566228026927e+01 3.571555683561306296e+02 8.452506096382125023e+00
5.810000000000000000e+02 7.537953415077365094e+01 3.602479138481890004e+02 5.919412050467991016e+00
5.830000000000000000e+02 7.563095186498135547e+01 3.478866231704257643e+02 5.361625724652599345e+00
5.850000000000000000e+02 7.493792392172663597e+01 3.444697077761668993e+02 8.648343418977837871e+00
5.870000000000000000e+02 7.071046682423389029e+01 3.609488501712949073e+02 6.678696481629600612e+00
5.890000000000000000e+02 7.099307908542273537e+01 3.764930991276521013e+02 5.764486189415245931e+00
5.910000000000000000e+02 7.436764191246659550e+01 3.580771638319774866e+02 5.439696292547757217e+00
5.930000000000000000e+02 7.376975802320920650e+01 3.498137173366362731e+02 7.367229196233447297e+00
5.950000000000000000e+02 7.326536229253312626e+01 3.512100887359690660e+02 6.871084173994191246e+00
5.970000000000000000e+02 7.413840978863818520e+01 3.504365282189020263e+02 9.108107257550024372e+00
5.990000000000000000e+02 7.416543133923495645e+01 3.557593442173657081e+02 1.334835405247265427e+01
6.010000000000000000e+02 7.332752553020816322e+01 3.615201840922366614e+02 6.991426534153179162e+00
6.030000000000000000e+02 7.303416442365120531e+01 3.549431130067595745e+02 5.325412626810341443e+00
6.050000000000000000e+02 7.344373630923958274e+01 3.580862729631699040e+02 5.608624252946906807e+00
6.070000000000000000e+02 7.444281319818009024e+01 3.640023246826653462e+02 7.271462892299267899e+00
6.090000000000000000e+02 7.404139272144269057e+01 3.557596989722795229e+02 9.426529663411109539e+00
6.110000000000000000e+02 7.330655406164163423e+01 3.480422279784527859e+02 1.022148022025738001e+01
6.130000000000000000e+02 7.348527244531953784e+01 3.459536544250955217e+02 8.139885693792610510e+00
6.150000000000000000e+02 7.456533981807709210e+01 3.569629031602179907e+02 8.837678331560903544e+00
6.170000000000000000e+02 7.521881799288851767e+01 3.621244287184017594e+02 1.316060251896160693e+01
6.190000000000000000e+02 7.511530822633919513e+01 3.539695487040442572e+02 1.316204406858142129e+01
6.210000000000000000e+02 7.532197372180793593e+01 3.506064960509033313e+02 8.359274913555600151e+00
6.230000000000000000e+02 7.332824633318851681e+01 3.554679171791927956e+02 8.892996564919572577e+00
6.250000000000000000e+02 7.265283210930232372e+01 3.499725372127800256e+02 6.678951671120684885e+00
6.270000000000000000e+02 7.504319923520199609e+01 3.503276452008663568e+02 7.579439835578907214e+00
6.290000000000000000e+02 7.543066854370290741e+01 3.600277356055905784e+02 7.641767349828092470e+00
6.310000000000000000e+02 7.497027990019586241e+01 3.517584286710589936e+02 6.892300899648692081e+00
6.330000000000000000e+02 7.608479016945122453e+01 3.462966797804128305e+02 6.080057381949784734e+00
6.350000000000000000e+02 7.485530233286613111e+01 3.567220328805376539e+02 7.038653636169422967e+00
6.370000000000000000e+02 7.296603746214886144e+01 3.473818589105960655e+02 8.663468947482842353e+00
6.390000000000000000e+02 7.221663524196353023e+01 3.467879425971379987e+02 1.366373978782099741e+01
6.410000000000000000e+02 7.413990378121988556e+01 3.605693054177667705e+02 1.338037611534158700e+01
6.430000000000000000e+02 7.550782977446600341e+01 3.631837407541272000e+02 1.430652698327756944e+01
6.450000000000000000e+02 7.602772597777531871e+01 3.619082143366342166e+02 7.874664545129512305e+00
6.470000000000000000e+02 7.597281779164286775e+01 3.489582390596430628e+02 5.533872542330402489e+00
6.490000000000000000e+02 7.646254126273726115e+01 3.487349293725314396e+02 6.203711138288025673e+00
6.510000000000000000e+02 7.627064689476790704e+01 3.634880316916012930e+02 8.388689395829091566e+00
6.530000000000000000e+02 7.425646316540210989e+01 3.588182565590234390e+02 6.340314883432606408e+00
6.550000000000000000e+02 7.369954880050816826e+01 3.565351447780486183e+02 7.505063189642989130e+00
6.570000000000000000e+02 7.424854678722705614e+01 3.585079201861983051e+02 1.351331278849538364e+01
6.590000000000000000e+02 7.542260449881872830e+01 3.621663545733978822e+02 1.888729981555199089e+01
6.610000000000000000e+02 7.552231768145759361e+01 3.611091697061868899e+02 1.418211644626828161e+01
6.630000000000000000e+02 7.485925379998003848e+01 3.599473108514923751e+02 1.304017606350301328e+01
6.650000000000000000e+02 7.396564231050776073e+01 3.563606565063928997e+02 9.436650896842008862e+00
6.670000000000000000e+02 7.403944967767631624e+01 3.524173444406047793e+02 1.261711038997280276e+01
6.690000000000000000e+02 7.524350134767909992e+01 3.499676299733479823e+02 8.097767728785974839e+00
6.710000000000000000e+02 7.446846487910949008e+01 3.614142508731805492e+02 5.754571251384086317e+00
6.730000000000000000e+02 7.411477671984856386e+01 3.446082719574455382e+02 4.660740185735077645e+00
6.750000000000000000e+02 7.279080930849005426e+01 3.526550260300967352e+02 4.569285436447456661e+00
6.770000000000000000e+02 7.336340019433832538e+01 3.677404095165460376e+02 6.112463488707464698e+00
6.790000000000000000e+02 7.471711820467552911e+01 3.653648215714911203e+02 7.537231621247930669e+00
6.810000000000000000e+02 7.467358180165287251e+01 3.590663276784158029e+02 8.900668822476699660e+00
6.830000000000000000e+02 7.437340697106925802e+01 3.583584721022912163e+02 8.143002975766938434e+00
6.850000000000000000e+02 7.669194147108302673e+01 3.550790379762514135e+02 8.799758230493774036e+00
6.870000000000000000e+02 7.418028471374158528e+01 3.653663359942563034e+02 7.528949884702315742e+00
6.890000000000000000e+02 7.439463822138010585e+01 3.680748606773298661e+02 4.992548875982129708e+00
6.910000000000000000e+02 7.591475348521593958e+01 3.530532199454533497e+02 5.346071051318210365e+00
6.930000000000000000e+02 7.779065966578588132e+01 3.487507221386491096e+02 5.551466111903195610e+00
6.950000000000000000e+02 7.552380900350372883e+01 3.577456250111702047e+02 4.652999251480598453e+00
6.970000000000000000e+02 7.613915012654761938e+01 3.607410591922885601e+02 7.392645150520120723e+00
6.990000000000000000e+02 7.586757481839158856e+01 3.580094866352096119e+02 8.564578687149404956e+00
7.010000000000000000e+02 7.634555355375549368e+01 3.474458337108040382e+02 7.278341998408888180e+00
7.030000000000000000e+02 7.644949055771408553e+01 3.451738717411142829e+02 9.170977674605250485e+00
7.050000000000000000e+02 7.553060081996072483e+01 3.622619714342901034e+02 7.568107036344755123e+00
7.070000000000000000e+02 7.537812340758983964e+01 3.643944867188176886e+02 7.675830338100965378e+00
7.090000000000000000e+02 7.564676768426966191e+01 3.530980680617242911e+02 7.880909095649358598e+00
7.110000000000000000e+02 7.515741557335888956e+01 3.490695743714697983e+02 7.650372233924788823e+00
7.130000000000000000e+02 7.472327825503444387e+01 3.548590592956263094e+02 7.505788948977246022e+00
7.150000000000000000e+02 7.396237137157801556e+01 3.643353580202367539e+02 6.542804453477833349e+00
7.170000000000000000e+02 7.415461478749969615e+01 3.669568388295946306e+02 7.622721691480877304e+00
7.190000000000000000e+02 7.644844645298623220e+01 3.621386583714626681e+02 7.402917998771057384e+00
7.210000000000000000e+02 7.600987675038165037e+01 3.684314351514296391e+02 9.437190827476911181e+00
7.230000000000000000e+02 7.526303707615078054e+01 3.639895491548314794e+02 9.922931663512978062e+00
7.250000000000000000e+02 7.625460860865065627e+01 3.647837639945834098e+02 8.086542375414998318e+00
7.270000000000000000e+02 7.474539858160751749e+01 3.699036122909781739e+02 9.382319206603767725e+00
7.290000000000000000e+02 7.494716568051356376e+01 3.545767220396087396e+02 1.007227434776604902e+01
7.310000000000000000e+02 7.472205869405404144e+01 3.482576003104232427e+02 1.346715274600577850e+01
7.330000000000000000e+02 7.460445346314219250e+01 3.424159238156095171e+02 9.431609926921179721e+00
7.350000000000000000e+02 7.440422413867628393e+01 3.525858432711957562e+02 9.416042017092557614e+00
7.370000000000000000e+02 7.612257096524646727e+01 3.660406520682370797e+02 7.420151203423023922e+00
7.390000000000000000e+02 7.445078977755741789e+01 3.600575819432198159e+02 8.048631576810219457e+00
7.410000000000000000e+02 7.486530468806496685e+01 3.554417697185170937e+02 1.171671796082455863e+01
7.430000000000000000e+02 7.501053869044022804e+01 3.608832929930608771e+02 8.817244436531792573e+00
7.450000000000000000e+02 7.464139835262486145e+01 3.590954786506820255e+02 7.998207200445503595e+00
7.470000000000000000e+02 7.461015308603205654e+01 3.569954231605148038e+02 6.578117951637467264e+00
7.490000000000000000e+02 7.541285261107611859e+01 3.555401585503680053e+02 7.133080341647076494e+00
7.510000000000000000e+02 7.348436201159792347e+01 3.669785994496485841e+02 8.677390684908695917e+00
7.530000000000000000e+02 7.291871189298073830e+01 3.579836230767054985e+02 7.552225435273549614e+00
7.550000000000000000e+02 7.515165019654870093e+01 3.594815241691123333e+02 7.056955817761349614e+00
7.570000000000000000e+02 7.457557224324116874e+01 3.535863925544861104e+02 8.677659490120907648e+00
7.590000000000000000e+02 7.428708566882625064e+01 3.530785929589459329e+02 1.067925878206624901e+01
7.610000000000000000e+02 7.679382436817105884e+01 3.582119830618572109e+02 1.175054298750266213e+01
7.630000000000000000e+02 7.587898055197142355e+01 3.615336065224723257e+02 1.151633172428483043e+01
7.650000000000000000e+02 7.478651168556132234e+01 3.528330268482820884e+02 7.289409007827338804e+00
7.670000000000000000e+02 7.437281460499349350e+01 3.557308702835729264e+02 9.055868598267901248e+00
7.690000000000000000e+02 7.558624506914054564e+01 3.542644544773710322e+02 8.468608879468551009e+00
7.710000000000000000e+02 7.533348982451020959e+01 3.592133186249679397e+02 8.488382441497780206e+00
7.730000000000000000e+02 7.564140559303386624e+01 3.584359080294913156e+02 1.421455283187022722e+01
7.750000000000000000e+02 7.642254820240130186e+01 3.582185157920856682e+02 1.121241607271529084e+01
7.770000000000000000e+02 7.284149753278687456e+01 3.516660631278002143e+02 1.145037967396787870e+01
7.790000000000000000e+02 7.334560962237524961e+01 3.518802548801828038e+02 1.623919252728612150e+01
7.810000000000000000e+02 7.582447066750422948e+01 3.546360219910016554e+02 1.351347121543475893e+01
7.830000000000000000e+02 7.591148873723710722e+01 3.545532688405099293e+02 1.924210278582073741e+01
7.850000000000000000e+02 7.603417704307621250e+01 3.605630304264118990e+02 1.733628931700763331e+01
7.870000000000000000e+02 7.584780280143250764e+01 3.587598193536349527e+02 1.195229245238170535e+01
7.890000000000000000e+02 7.534342661153844745e+01 3.580561720441893385e+02 7.691831852616719978e+00
7.910000000000000000e+02 7.600015831933950494e+01 3.498271190330167428e+02 7.151893433736882244e+00
7.930000000000000000e+02 7.498819486843230209e+01 3.559304829648086752e+02 7.435663286148045614e+00
7.950000000000000000e+02 7.601274263272058818e+01 3.569370217545666151e+02 8.408982308278760698e+00
7.970000000000000000e+02 7.501953909333276727e+01 3.521533153465795181e+02 8.050638882637219496e+00
7.990000000000000000e+02 7.476764666163863637e+01 3.559380269661045304e+02 7.798935585747286403e+00
8.010000000000000000e+02 7.389550209435518013e+01 3.555272560544991052e+02 7.391532999768533507e+00
8.030000000000000000e+02 7.318193368297910695e+01 3.521207036789945164e+02 7.738193324478407575e+00
8.050000000000000000e+02 7.535197989460147028e+01 3.523352498390844971e+02 8.219060354427028869e+00
8.070000000000000000e+02 7.462107840520292257e+01 3.456063794725113780e+02 9.133412776788947696e+00
8.090000000000000000e+02 7.520860708406694073e+01 3.441070802223523515e+02 8.370603854825077406e+00
8.110000000000000000e+02 7.522646533058542673e+01 3.566126691590215501e+02 8.344395359162906090e+00
8.130000000000000000e+02 7.571121979967014681e+01 3.539310965977200567e+02 7.815970996970296625e+00
8.150000000000000000e+02 7.445781822674183559e+01 3.487123354682782406e+02 7.666610497119862977e+00
8.170000000000000000e+02 7.341142127685924379e+01 3.623253222903967981e+02 5.221038322654738550e+00
8.190000000000000000e+02 7.602894797747596556e+01 3.576329029672984916e+02 6.545499212407656309e+00
8.210000000000000000e+02 7.742373154458702800e+01 3.709565982466859850e+02 6.356524251761348943e+00
8.230000000000000000e+02 7.642686584435331554e+01 3.801604995000328131e+02 7.077304435463723564e+00
8.250000000000000000e+02 7.500366168104200426e+01 3.625505558507456954e+02 5.931091350979609267e+00
8.270000000000000000e+02 7.544561585688691707e+01 3.438715276240056369e+02 6.871618708212515081e+00
8.290000000000000000e+02 7.353357492932056516e+01 3.438169215711833431e+02 7.488553683829634267e+00
8.310000000000000000e+02 7.251145912134241200e+01 3.638716849488988032e+02 5.607950393382346022e+00
8.330000000000000000e+02 7.151959885938974537e+01 3.705096636309830842e+02 4.262388009844933379e+00
8.350000000000000000e+02 7.845078746596493602e+01 3.583194932135743329e+02 2.797733529430837418e+00
8.370000000000000000e+02 7.651527320459079817e+01 3.496773623885035249e+02 2.372671854596813734e+00
8.390000000000000000e+02 2.221388298068513123e+01 4.972350375976303098e+02 2.481293538680698685e+00
8.410000000000000000e+02 3.960785868675011301e+01 4.572259895756101287e+02 3.327748606370348305e+00
8.430000000000000000e+02 5.613640881376752390e+01 4.262468050135889825e+02 3.446545076101086735e+00
8.450000000000000000e+02 5.823419074908872517e+01 4.048147526636858515e+02 3.455589568031583347e+00
8.470000000000000000e+02 6.135313603427279361e+01 4.188669184206675027e+02 3.671877751711255300e+00
8.490000000000000000e+02 6.935614795314208436e+01 3.960800384576386932e+02 4.279570021797376000e+00
8.510000000000000000e+02 7.627702352992338319e+01 3.705594841947919917e+02 3.445224328105308764e+00
8.530000000000000000e+02 7.613389247474094645e+01 3.687439642559581898e+02 3.702002263295071760e+00
8.550000000000000000e+02 7.350301650945290532e+01 3.604052338211914162e+02 5.524150216226033194e+00
8.570000000000000000e+02 7.285492413496511688e+01 3.625740995729155429e+02 6.661572953172563594e+00
8.590000000000000000e+02 7.546145905289134248e+01 3.561279015718906749e+02 6.640532906389105428e+00
8.610000000000000000e+02 7.483382781668480277e+01 3.521614749545869927e+02 6.159720562829513746e+00
8.630000000000000000e+02 7.448617669805561547e+01 3.652193702986471635e+02 6.289821869861834003e+00
8.650000000000000000e+02 7.701345758959843124e+01 3.690673280590588661e+02 7.302216985473710231e+00
8.670000000000000000e+02 7.619649974813869164e+01 3.723905930031939988e+02 6.673227746377784264e+00
8.690000000000000000e+02 7.495901392530522855e+01 3.547870648963330495e+02 6.358296465011063603e+00
8.710000000000000000e+02 7.738162584816879530e+01 3.546244207445585062e+02 5.316957395720460333e+00
8.730000000000000000e+02 7.660916302099717257e+01 3.642618787652421588e+02 5.073855922394215234e+00
8.750000000000000000e+02 7.409632869823634849e+01 3.795952812448561531e+02 4.222540329809528536e+00
8.770000000000000000e+02 7.512470480710162235e+01 3.625235007844078154e+02 4.489835873338564376e+00
8.790000000000000000e+02 7.408177948606785890e+01 3.520139686760709878e+02 5.350531057925516087e+00
8.810000000000000000e+02 7.652948939167650622e+01 3.410281741298166480e+02 4.857738586201300279e+00
8.830000000000000000e+02 7.687204231978427060e+01 3.538209762586097327e+02 4.788722548908904919e+00
8.850000000000000000e+02 7.505161381371763696e+01 3.772830298514454626e+02 5.252418040075823136e+00
8.870000000000000000e+02 7.690438856746246188e+01 3.919651539697517251e+02 5.295573987382645065e+00
8.890000000000000000e+02 7.737672507916919074e+01 3.653805002710124654e+02 5.019735647940425594e+00
8.910000000000000000e+02 7.752091354509225596e+01 3.567093235932666744e+02 4.799484341772606300e+00
8.930000000000000000e+02 7.702639951643041627e+01 3.609542453146995058e+02 4.891423335214026835e+00
8.950000000000000000e+02 7.673156449301247051e+01 3.345576824332707133e+02 5.373271805508675669e+00
8.970000000000000000e+02 7.374554254125973785e+01 3.297652738483997155e+02 4.457853212057950820e+00
8.990000000000000000e+02 7.546932247756603829e+01 3.513737898405273086e+02 3.476320942189882413e+00
9.010000000000000000e+02 7.796144765935100907e+01 3.533313624876416270e+02 4.390336801616871121e+00
9.030000000000000000e+02 7.574563077205668549e+01 3.612943483814483443e+02 4.434649596350002554e+00
9.050000000000000000e+02 7.712349064495934670e+01 3.585906091298803631e+02 3.721583280028388785e+00
9.070000000000000000e+02 7.484574349682964112e+01 3.659975645038355765e+02 3.985604911913839921e+00
9.090000000000000000e+02 7.534992738099614940e+01 3.792629359008012102e+02 5.322401807400602536e+00
9.110000000000000000e+02 7.481837057902544075e+01 3.681633518307228883e+02 5.088889627647890990e+00
9.130000000000000000e+02 7.802766120598533917e+01 3.847415716212827874e+02 4.387750739361347740e+00
9.150000000000000000e+02 7.795274968845122032e+01 3.775369334219828374e+02 4.718101877795701782e+00
9.170000000000000000e+02 7.746518651471512840e+01 3.532955905954646028e+02 3.885626982389355000e+00
9.190000000000000000e+02 7.286527455727740232e+01 3.575937010540814072e+02 3.394871083256626232e+00
9.210000000000000000e+02 7.518460348207572963e+01 3.595959734031312678e+02 4.766765428396182003e+00
9.230000000000000000e+02 7.624664086295035759e+01 3.503656841404444435e+02 4.620326394318254870e+00
9.250000000000000000e+02 7.376028150901490221e+01 3.628694040571563733e+02 3.765532607764095374e+00
9.270000000000000000e+02 7.282415219439714349e+01 3.686550343991632417e+02 3.685604529830379228e+00
9.290000000000000000e+02 7.452738156208397413e+01 3.743422875735328716e+02 3.241652352875458387e+00
9.310000000000000000e+02 7.635583978824629980e+01 3.503755747806733893e+02 3.629239747104543667e+00
9.330000000000000000e+02 7.912940810664240132e+01 3.557557241307482059e+02 5.129889299826574600e+00
9.350000000000000000e+02 7.836268969005129748e+01 3.671416476705044261e+02 6.580884021055955380e+00
9.370000000000000000e+02 7.903299858239245168e+01 3.619097860279143788e+02 5.023567739442460045e+00
9.390000000000000000e+02 7.678853547870726004e+01 3.496982935156586336e+02 4.531426437911160399e+00
9.410000000000000000e+02 7.371386860266667895e+01 3.371244153867664295e+02 4.514925451452786120e+00
9.430000000000000000e+02 7.565836252374963067e+01 3.683517365185101653e+02 4.328537886113506872e+00
9.450000000000000000e+02 7.713889257245794795e+01 3.634781109649806012e+02 5.360682321009256235e+00
9.470000000000000000e+02 7.604412442332238697e+01 3.630840422132142180e+02 3.952278310602693523e+00
9.490000000000000000e+02 7.448141156841707300e+01 3.872422068015769696e+02 4.232283636991978071e+00
9.510000000000000000e+02 7.302474551780143486e+01 3.611009425529767896e+02 4.639316452178475103e+00
9.530000000000000000e+02 7.535518308147673849e+01 3.481567782792523644e+02 5.660596394932041697e+00
9.550000000000000000e+02 7.728850348618991006e+01 3.492993947612831107e+02 4.999086521700959906e+00
9.570000000000000000e+02 7.796796083192209892e+01 3.509353382756561359e+02 4.354823736460340378e+00
9.590000000000000000e+02 7.520968883442743902e+01 3.535509338778314259e+02 4.516026211839798243e+00
9.610000000000000000e+02 7.760531392521613725e+01 3.853782468496356159e+02 4.859194047908224512e+00
9.630000000000000000e+02 7.843665470906059056e+01 3.828461325698769997e+02 4.745773768934721915e+00
9.650000000000000000e+02 7.560583979790636988e+01 3.635687323096266823e+02 4.212716225617163524e+00
9.670000000000000000e+02 7.577554220467482082e+01 3.790509738748779682e+02 4.011958711999467297e+00
9.690000000000000000e+02 7.855414024123533068e+01 3.616563999174048831e+02 3.641299334177829916e+00
9.710000000000000000e+02 7.579354312142307037e+01 3.517759318185988491e+02 5.054015861124777409e+00
9.730000000000000000e+02 7.566779735614321112e+01 3.517038216004135052e+02 4.789194790192112805e+00
9.750000000000000000e+02 7.589974833644303942e+01 3.684225634809920393e+02 4.047409061922246920e+00
9.770000000000000000e+02 7.764092182330057312e+01 3.711817185234515932e+02 4.140511759247404555e+00
9.790000000000000000e+02 7.624675524950768590e+01 3.675241528823008821e+02 2.818435893971204198e+00
9.810000000000000000e+02 7.409652386872633656e+01 3.543525027810468941e+02 1.753084867978934591e+00
9.830000000000000000e+02 7.473549566538849831e+01 3.719722926737929924e+02 2.650367729103486170e+00
9.850000000000000000e+02 7.427545082807019128e+01 3.831407737711830919e+02 2.937248036151992370e+00
9.870000000000000000e+02 7.369887064378245611e+01 3.763725596322691445e+02 2.496217793650258088e+00
9.890000000000000000e+02 7.464296038844069869e+01 3.541351573194466482e+02 2.909586628534144293e+00
9.910000000000000000e+02 7.627050798383177721e+01 3.350193031646673489e+02 2.917788358360347889e+00
9.930000000000000000e+02 7.838531590532137727e+01 3.396510835159845101e+02 2.821775009491840347e+00
9.950000000000000000e+02 7.551381014135034775e+01 3.534518796506802687e+02 3.111955857584997709e+00
9.970000000000000000e+02 7.456412946445063028e+01 3.731855184080800996e+02 3.513860485748338647e+00
9.990000000000000000e+02 7.423338974891404973e+01 3.673258919729611875e+02 4.724483609910519633e+00
1.001000000000000000e+03 7.517145907511711300e+01 3.697376127917569875e+02 4.057204321889027909e+00
1.003000000000000000e+03 7.464987951091100626e+01 3.650394857465213363e+02 3.966680311795149461e+00
1.005000000000000000e+03 7.826515602544188255e+01 3.472188126178295420e+02 2.695197502746400353e+00
1.007000000000000000e+03 7.550393412233115953e+01 3.342121236391862453e+02 2.737475942555759545e+00
1.009000000000000000e+03 7.482411765240642865e+01 3.506669590495022817e+02 3.929031965194338394e+00
1.011000000000000000e+03 7.670860692233615907e+01 3.810098423742547311e+02 3.390658343706428379e+00
1.013000000000000000e+03 7.802886995022139160e+01 3.535829570636574886e+02 3.452287727912591642e+00
1.015000000000000000e+03 7.808947296235942304e+01 3.444092493504452932e+02 3.870615599264967788e+00
1.017000000000000000e+03 7.848021072450951863e+01 3.367657593743305142e+02 4.051874868730767076e+00
1.019000000000000000e+03 7.858307308354267207e+01 3.399262089096654904e+02 3.594012762547189599e+00
1.021000000000000000e+03 7.507425162636691596e+01 3.526399176010733072e+02 3.260476323898009454e+00
1.023000000000000000e+03 7.505427900735874402e+01 3.496940262378122952e+02 4.066691196393045438e+00
1.025000000000000000e+03 7.558042022898669643e+01 3.405325399215880111e+02 4.182188870577272510e+00
1.027000000000000000e+03 7.654069957555196879e+01 3.466970614152542112e+02 3.340374347987670856e+00
1.029000000000000000e+03 7.637337728577750795e+01 3.501248660768555396e+02 3.091135712863199547e+00
1.031000000000000000e+03 7.566578237873771684e+01 3.360942581610954107e+02 3.356739209085220832e+00
1.033000000000000000e+03 7.663558931418612019e+01 3.469628021328044269e+02 4.185170857862106963e+00
1.035000000000000000e+03 7.609416376990368747e+01 3.504559962477935642e+02 3.378560648553871726e+00
1.037000000000000000e+03 7.574096286573534087e+01 3.589429254472307207e+02 4.092954001572293166e+00
1.039000000000000000e+03 7.481117844805963557e+01 3.706512094641990416e+02 3.536644511069328978e+00
1.041000000000000000e+03 7.742909452544262194e+01 3.455051186283945412e+02 3.119053184701749082e+00
1.043000000000000000e+03 7.578967808400427941e+01 3.662608333183698619e+02 3.140332639180569263e+00
1.045000000000000000e+03 7.500663617730597821e+01 3.678169861954322073e+02 4.033516532131597110e+00
1.047000000000000000e+03 7.663535049480184114e+01 3.576983849898635413e+02 5.444119684674807225e+00
1.049000000000000000e+03 7.675700716526871759e+01 3.599593320899595597e+02 4.293084086404134858e+00
1.051000000000000000e+03 7.392826656796418661e+01 3.578938291363722897e+02 3.259711290358101810e+00
1.053000000000000000e+03 7.446830624917248542e+01 3.522946113017720222e+02 3.476691265939939601e+00
1.055000000000000000e+03 7.333241431439546432e+01 3.450851035303508638e+02 4.470559401109726494e+00
1.057000000000000000e+03 7.516813624847759456e+01 3.597311563780373262e+02 4.455913549780730953e+00
1.059000000000000000e+03 7.621040762003595148e+01 3.663553349013700995e+02 4.033209232867762672e+00
1.061000000000000000e+03 7.703893107360129022e+01 3.462839036352302173e+02 4.470491670162506814e+00
1.063000000000000000e+03 7.585230305421457331e+01 3.462383172892664902e+02 6.479471877361275389e+00
1.065000000000000000e+03 7.400785897568138694e+01 3.593817571147016565e+02 5.448853322926518139e+00
1.067000000000000000e+03 7.482729654169570210e+01 3.639343139760948134e+02 4.550358531705794185e+00
1.069000000000000000e+03 8.000032460705871529e+01 3.611770824156997151e+02 4.189716325958769971e+00
1.071000000000000000e+03 8.005403143202076421e+01 3.653866281339452371e+02 3.692573231146556001e+00
1.073000000000000000e+03 7.563289254152390129e+01 3.584768366264587485e+02 3.183747595953436260e+00
1.075000000000000000e+03 7.732596315868933345e+01 3.380136879024345262e+02 3.571505937996636515e+00
1.077000000000000000e+03 8.018776617800109818e+01 3.381645734106240297e+02 2.766108083193605349e+00
1.079000000000000000e+03 7.628196481122354555e+01 3.618676821165803403e+02 3.150449936509788440e+00
1.081000000000000000e+03 7.659334438851689697e+01 3.623670578547731225e+02 4.259534901321306855e+00
1.083000000000000000e+03 7.299216325974984443e+01 3.808159248421610528e+02 4.352831684201471596e+00
1.085000000000000000e+03 7.583276982859906923e+01 3.671976281567518186e+02 3.855389132614351233e+00
1.087000000000000000e+03 7.911379216371088319e+01 3.671723032780804488e+02 4.034712154983885135e+00
1.089000000000000000e+03 7.758154234821247996e+01 3.603733837350702061e+02 3.557360629401660201e+00
1.091000000000000000e+03 7.417604105165776218e+01 3.617297304634416832e+02 3.068312302021317883e+00
1.093000000000000000e+03 7.669033754495495714e+01 3.708938011449208147e+02 2.869540362778098430e+00
1.095000000000000000e+03 7.725284325958905640e+01 3.516133122601299874e+02 3.204588693906577745e+00
1.097000000000000000e+03 7.674238218780108411e+01 3.567488854879425162e+02 2.892415281884394229e+00
1.099000000000000000e+03 7.723253227924958253e+01 3.652162408464560599e+02 3.102409397848381545e+00
1.101000000000000000e+03 7.688671124400619306e+01 3.688310992105792820e+02 3.372965679179448006e+00
1.103000000000000000e+03 7.413325029417306666e+01 3.480420971845327927e+02 8.089423034917187394e+00
1.105000000000000000e+03 7.416229814035057188e+01 3.482428650489942470e+02 7.762333824934057880e+00
1.107000000000000000e+03 7.499993857527174157e+01 3.615143658384915284e+02 6.117111180729603248e+00
1.109000000000000000e+03 7.665013723097547427e+01 3.502462130878357698e+02 4.624085609855904444e+00
1.111000000000000000e+03 7.914395695694096844e+01 3.474706855247169983e+02 4.040144343697440021e+00
1.113000000000000000e+03 7.836431657023565833e+01 3.589093534793640856e+02 3.208928501479718864e+00
1.115000000000000000e+03 7.308560793916358023e+01 3.642850506634549674e+02 2.763292713038052018e+00
1.117000000000000000e+03 7.849375979925012814e+01 3.579034851009712952e+02 3.455185218362681887e+00
1.119000000000000000e+03 8.040865519545219797e+01 3.633270227019280014e+02 5.551557083159455175e+00
1.121000000000000000e+03 7.931062062345432651e+01 3.563167976335320759e+02 6.251018491052477088e+00
1.123000000000000000e+03 7.602602422327885279e+01 3.568988391338538690e+02 3.900056338615954576e+00
1.125000000000000000e+03 7.790873252887790557e+01 3.351801110940040189e+02 3.138719261313656528e+00
1.127000000000000000e+03 7.767037987445111469e+01 3.311223923340313604e+02 3.479400965874340113e+00
1.129000000000000000e+03 7.658612940283548198e+01 3.398274853325577851e+02 3.473958674764446197e+00
1.131000000000000000e+03 7.347195875869664405e+01 3.456509734312350588e+02 3.301511646802616440e+00
1.133000000000000000e+03 7.470942838117964868e+01 3.639471414132995051e+02 3.206110509330422076e+00
1.135000000000000000e+03 7.381679729574869953e+01 3.842200291141777484e+02 3.619484915051106810e+00
1.137000000000000000e+03 7.664203346254193150e+01 3.628309217143394676e+02 5.427116148177838717e+00
1.139000000000000000e+03 7.633202775902456949e+01 3.534748305398549064e+02 3.631969175274507133e+00
1.141000000000000000e+03 7.273279618849086603e+01 3.621518561187270961e+02 3.227006555472987426e+00
1.143000000000000000e+03 7.729618748319833799e+01 3.617048863386517610e+02 4.269201902324489595e+00
1.145000000000000000e+03 7.461438853914764024e+01 3.707416118486265191e+02 4.034419041865215050e+00
1.147000000000000000e+03 7.618714163947232976e+01 3.724832516464532546e+02 3.516851973993317060e+00
1.149000000000000000e+03 7.773217892088091219e+01 3.460645466786616566e+02 3.057899924702844441e+00
1.151000000000000000e+03 7.365221373860802601e+01 3.535071417402610336e+02 3.040762966905178999e+00
1.153000000000000000e+03 7.269401253318821432e+01 3.492648224147941391e+02 4.042409329994151257e+00
1.155000000000000000e+03 7.240871296226758602e+01 3.508221675407997395e+02 3.739357432342616416e+00
1.157000000000000000e+03 7.535221157611995579e+01 3.297171932665645500e+02 2.875764940755557664e+00
1.159000000000000000e+03 7.770100087912537390e+01 3.331983144646575283e+02 3.077536324971452242e+00
1.161000000000000000e+03 7.740260763422196533e+01 3.487657715558415248e+02 4.411728195072742054e+00
1.163000000000000000e+03 7.856795460793237851e+01 3.361824166653987618e+02 4.827969500522861779e+00
1.165000000000000000e+03 7.714981412109136727e+01 3.360807653993765030e+02 3.633449033276130002e+00
1.167000000000000000e+03 7.446258115755193785e+01 3.436979808905374512e+02 3.585556463112629544e+00
1.169000000000000000e+03 7.149550039343303354e+01 3.562894371850367179e+02 3.512730365732770199e+00
1.171000000000000000e+03 7.304280222052493343e+01 3.519686578266510537e+02 5.129866788848367776e+00
1.173000000000000000e+03 7.599736474510373796e+01 3.489470884157409500e+02 6.102475220699285607e+00
1.175000000000000000e+03 7.821098316027247677e+01 3.474645245028034424e+02 4.021073544288690904e+00
1.177000000000000000e+03 7.446528983814222613e+01 3.668805354245937451e+02 2.971604493864818508e+00
1.179000000000000000e+03 7.648797680669127885e+01 3.790267084159791011e+02 4.667891790707263233e+00
1.181000000000000000e+03 7.673887248263626759e+01 3.650463822549928636e+02 4.420266565321816721e+00
1.183000000000000000e+03 7.250183361653391501e+01 3.657176503741350757e+02 5.016587834593313922e+00
1.185000000000000000e+03 7.220989796655275939e+01 3.645704017913599273e+02 5.227484583819960839e+00
1.187000000000000000e+03 7.215925562197620025e+01 3.595190212918998895e+02 5.592920932875786733e+00
1.189000000000000000e+03 7.302543292157456278e+01 3.446442428386914116e+02 4.437310910608640135e+00
1.191000000000000000e+03 7.240417630721427145e+01 3.436165355522058462e+02 5.511282153793709782e+00
1.193000000000000000e+03 7.416382623600527779e+01 3.557992034676223057e+02 5.979505920921413420e+00
