# InfraPy Beamforming (fk) Results
# 
# Data summary:
#     CC.KAUT.01.BDF	2023-05-08T13:05:30.940000Z - 2023-05-08T13:20:30.920000Z
#     CC.KAUT.02.BDF	2023-05-08T13:05:30.940000Z - 2023-05-08T13:20:30.920000Z
#     CC.KAUT.03.BDF	2023-05-08T13:05:30.940000Z - 2023-05-08T13:20:30.920000Z
# 
#   channel_cnt: 3
#   t0: 2023-05-08T13:05:30.940000Z
#   latitude: 46.730454
#   longitude: -121.857388
# 
# Algorithm parameters:
#   freq_min: 0.1
#   freq_max: 10.0
#   back_az_min: -180.0
#   back_az_max: 180.0
#   back_az_step: 2.0
#   trace_vel_min: 300.0
#   trace_vel_max: 600.0
#   trace_vel_step: 2.5
#   method: bartlett
#   signal_start: None
#   signal_end: None
#   window_len: 10.0
#   sub_window_len: None
#   window_step: 2.0
# 
# Time (rel t0) [s]      Back Az [deg]	           Tr. Velocity [m/s]       F-stat
5.000000000000000000e+00 1.257747383676982764e+02 4.113706736729929503e+02 2.934613417365642185e+00
7.000000000000000000e+00 1.180346988553842351e+02 3.975416959377201351e+02 2.942487420327319469e+00
9.000000000000000000e+00 1.006969833412705668e+02 4.625274742731850210e+02 2.866129107463897707e+00
1.100000000000000000e+01 1.244706939856808248e+02 4.705647692588540281e+02 2.704972439050535193e+00
1.300000000000000000e+01 1.388023049732078391e+02 4.313334925135307003e+02 3.145272535049480567e+00
1.500000000000000000e+01 1.363296483845442424e+02 4.430978078987365052e+02 2.930004683443999447e+00
1.700000000000000000e+01 1.324958815690992822e+02 4.359845700231931005e+02 2.578481549060223088e+00
1.900000000000000000e+01 1.255917415188003901e+02 3.929432773915279995e+02 2.878697599802976459e+00
2.100000000000000000e+01 1.305300020837634065e+02 3.961320040900416188e+02 4.106058823904798594e+00
2.300000000000000000e+01 1.299280390005725394e+02 3.829894423058108828e+02 3.619963220194010844e+00
2.500000000000000000e+01 1.267416330098096324e+02 3.884941006830765673e+02 2.831984598335924641e+00
2.700000000000000000e+01 1.200153926997774079e+02 4.359812445758363424e+02 3.065865593190621574e+00
2.900000000000000000e+01 1.263083319886326876e+02 4.564689739986599761e+02 3.142751012935657506e+00
3.100000000000000000e+01 1.257349030509693648e+02 4.298316115038997509e+02 3.199529228716512019e+00
3.300000000000000000e+01 1.177007826196957438e+02 4.169319163367824217e+02 3.465310106257694756e+00
3.500000000000000000e+01 1.138493457674573790e+02 4.198440316459980863e+02 2.873417377924066152e+00
3.700000000000000000e+01 1.148619679012798258e+02 4.424044903191464755e+02 3.320967193269798390e+00
3.900000000000000000e+01 1.365101465142629706e+02 4.716651025827986246e+02 3.007700204189490023e+00
4.100000000000000000e+01 1.337522936367749935e+02 4.448898396154610282e+02 2.783864989067107665e+00
4.300000000000000000e+01 1.125436238045989512e+02 4.314061787873806111e+02 2.996068258843514798e+00
4.500000000000000000e+01 1.134012570798452373e+02 4.362702007912077420e+02 3.601377544665107067e+00
4.700000000000000000e+01 1.140858297564980006e+02 3.988982984072367799e+02 2.994192718688254207e+00
4.900000000000000000e+01 5.472311305091537292e+01 3.403047357250071059e+02 2.560190745537312740e+00
5.100000000000000000e+01 2.714190301810813821e+01 3.198023488711870073e+02 2.128740151175762207e+00
5.300000000000000000e+01 1.269389321020589989e+02 4.634408860874813740e+02 2.264308982671489279e+00
5.500000000000000000e+01 1.267484307582101195e+02 4.670284938009806979e+02 2.508449839865159792e+00
5.700000000000000000e+01 8.246984144439385034e+01 3.978295968133278393e+02 2.514266758395651724e+00
5.900000000000000000e+01 1.201399774659359991e+02 4.595939885131575693e+02 2.315167073224205119e+00
6.100000000000000000e+01 1.236057669110485193e+02 4.860854716005981118e+02 2.531852541730762240e+00
6.300000000000000000e+01 1.164056871598250638e+02 4.700721569406018148e+02 2.263277876173090952e+00
6.500000000000000000e+01 -1.481252391356546525e+02 2.993787635994178800e+02 2.888328493227333649e+00
6.700000000000000000e+01 -1.501632105197353440e+02 3.138878111119910841e+02 2.779465519385211358e+00
6.900000000000000000e+01 1.031224178343636879e+02 4.503969887456553352e+02 2.308091414572211342e+00
7.100000000000000000e+01 1.000561076809703138e+02 4.323715309601885224e+02 2.664358760598509512e+00
7.300000000000000000e+01 1.228715952315106819e+02 4.856803844737478926e+02 2.516053103070010621e+00
7.500000000000000000e+01 -1.515140692495674841e+02 2.993721055464125698e+02 2.047359901644771885e+00
7.700000000000000000e+01 1.228813825622754194e+02 3.937502765935989260e+02 2.120897925843511889e+00
7.900000000000000000e+01 1.310422423731944548e+02 4.055166228859379203e+02 2.305500246836876599e+00
8.100000000000000000e+01 -1.426304691210361284e+02 3.055268917339662949e+02 2.167635589881661495e+00
8.300000000000000000e+01 -1.492146268737184585e+02 3.072509093170260712e+02 2.100979623710625077e+00
8.500000000000000000e+01 -1.507925989763527070e+02 3.262820862589088620e+02 3.198157345955096265e+00
8.700000000000000000e+01 -1.451197742362691656e+02 3.341675085909627683e+02 2.505811715131551320e+00
8.900000000000000000e+01 7.763301316170930022e+01 3.631181905041891582e+02 2.455373907834837777e+00
9.100000000000000000e+01 -1.495458775048313100e+02 3.137919359154902281e+02 2.418111860517259348e+00
9.300000000000000000e+01 -1.503053115314781110e+02 3.014633852380534336e+02 2.282693920591690073e+00
9.500000000000000000e+01 -1.457271571803047436e+02 2.993871342090330359e+02 2.099250211206369787e+00
9.700000000000000000e+01 5.383656270788659270e+01 3.655455593489461990e+02 2.165863529258379216e+00
9.900000000000000000e+01 5.194437303010993645e+01 3.692174546056264717e+02 2.760598545895835976e+00
1.010000000000000000e+02 3.958868459025822517e+01 3.806378748974027530e+02 2.391905107477547254e+00
1.030000000000000000e+02 4.656556677019079160e+01 3.771814549298186989e+02 2.685832980735991082e+00
1.050000000000000000e+02 5.380465335866486498e+01 3.343273296913255876e+02 2.638426576429913073e+00
1.070000000000000000e+02 5.816707393737338805e+01 3.414182006298154306e+02 2.713504445321429870e+00
1.090000000000000000e+02 6.586159810933149572e+01 3.702539211740750602e+02 2.801307754033656394e+00
1.110000000000000000e+02 7.674967229170181326e+01 3.173044559170131151e+02 2.549318332465462689e+00
1.130000000000000000e+02 1.223597719604689473e+02 3.531033494159030397e+02 2.253762261233464681e+00
1.150000000000000000e+02 -1.134721200985440817e+02 3.407972037626196311e+02 2.100820571760317890e+00
1.170000000000000000e+02 -1.316906171303604651e+02 3.486902546296096830e+02 2.468239892415732051e+00
1.190000000000000000e+02 6.434535468103067046e+01 3.486954542427945398e+02 2.961741042064196527e+00
1.210000000000000000e+02 7.468747070091528428e+01 3.231705878005424211e+02 2.572703638156412786e+00
1.230000000000000000e+02 -1.478895032933848483e+02 3.030997639585692696e+02 2.710135001396684284e+00
1.250000000000000000e+02 -1.433141122091247155e+02 3.143963255109025567e+02 2.918743323200643225e+00
1.270000000000000000e+02 -1.421232084144047576e+02 3.500841566999365000e+02 2.706099055362879202e+00
1.290000000000000000e+02 -1.705115080926768769e+02 4.423059173076431421e+02 2.384177624170475962e+00
1.310000000000000000e+02 5.159687667929393484e+01 3.608186418437657608e+02 2.760811793492208288e+00
1.330000000000000000e+02 6.712845214064137167e+01 3.236252470851051726e+02 2.781472595785336566e+00
1.350000000000000000e+02 6.797397458844911000e+01 3.580988946120459104e+02 3.002114233222838990e+00
1.370000000000000000e+02 7.407967101942625732e+01 3.160542726009100534e+02 3.005624744671291371e+00
1.390000000000000000e+02 -1.440302721769762968e+02 2.993761888067450059e+02 2.503300454483534665e+00
1.410000000000000000e+02 8.708375701667159774e+01 3.504060242427972867e+02 2.764747983265061215e+00
1.430000000000000000e+02 8.424629242844437726e+01 3.535600977988153204e+02 2.960895989725121691e+00
1.450000000000000000e+02 8.058388085057751482e+01 3.507844387074494534e+02 2.420620160372390473e+00
1.470000000000000000e+02 -1.554953024579615715e+02 4.087616130587948646e+02 2.233803384227878386e+00
1.490000000000000000e+02 -1.520480742832660610e+02 3.208893688413132281e+02 2.430287029917441277e+00
1.510000000000000000e+02 3.321067285597111862e+01 3.150380784266766909e+02 2.324428253118927312e+00
1.530000000000000000e+02 6.194155617121199953e+01 3.384179735825633202e+02 2.357499353070868331e+00
1.550000000000000000e+02 -1.377365396555478867e+02 4.079729030005789241e+02 2.738276386595389855e+00
1.570000000000000000e+02 6.030248482784298858e+01 3.441733385611855738e+02 2.700913222090271404e+00
1.590000000000000000e+02 8.657515039014035096e+01 3.281129260351293624e+02 2.889188888036522407e+00
1.610000000000000000e+02 7.956095687910728032e+01 3.355307681862173581e+02 3.216732140368287141e+00
1.630000000000000000e+02 7.351638138328996774e+01 3.257981834453892702e+02 2.764932836522705273e+00
1.650000000000000000e+02 -1.448309142754719687e+02 3.427928848895523402e+02 3.003978409864230148e+00
1.670000000000000000e+02 -1.450258792426828336e+02 3.444161279758436081e+02 2.495844542617885686e+00
1.690000000000000000e+02 6.963781724825791741e+01 3.153580248704562337e+02 2.548365600388395880e+00
1.710000000000000000e+02 6.272878385739999629e+01 3.487289141280616036e+02 3.246286710705499345e+00
1.730000000000000000e+02 4.864213709160981836e+01 3.713315096091881742e+02 2.575743963923046387e+00
1.750000000000000000e+02 -1.601773567325869578e+02 4.008322392164862435e+02 2.560952264238727683e+00
1.770000000000000000e+02 -1.508086468868171437e+02 4.502991557612423890e+02 2.879815519729259865e+00
1.790000000000000000e+02 7.001284545297173167e+01 3.331323353267507628e+02 2.706138408600532230e+00
1.810000000000000000e+02 7.154762566772771493e+01 3.833959230824956421e+02 2.605936328460804585e+00
1.830000000000000000e+02 -1.353539706366278779e+02 3.324670304556645988e+02 2.730633249562177678e+00
1.850000000000000000e+02 7.076386992754612493e+01 3.504528443730958998e+02 2.596213824560019923e+00
1.870000000000000000e+02 6.678693834018999098e+01 3.172346549026447633e+02 2.775778308233620706e+00
1.890000000000000000e+02 5.332090714927497288e+01 3.391685435027038125e+02 2.571179781195933600e+00
1.910000000000000000e+02 4.830319633518729461e+01 3.215138098740502528e+02 2.729006772318059326e+00
1.930000000000000000e+02 6.333377273026381715e+01 3.302757627840568944e+02 2.639643982597128957e+00
1.950000000000000000e+02 -1.380028931240914858e+02 3.476202246513168461e+02 2.782341944406515388e+00
1.970000000000000000e+02 -1.470308050238965336e+02 3.295287515882009757e+02 2.371386300414557446e+00
1.990000000000000000e+02 -1.534393824596306217e+02 3.022136360047238668e+02 3.113030296682476994e+00
2.010000000000000000e+02 -1.558385101246746274e+02 3.291124909286316438e+02 3.258311555917928981e+00
2.030000000000000000e+02 -1.427460316680175936e+02 3.730683810307365320e+02 2.635738980973491241e+00
2.050000000000000000e+02 6.465722785633668934e+01 3.409053997949851578e+02 2.693822550582297470e+00
2.070000000000000000e+02 6.906402367591937264e+01 3.698922345535936529e+02 2.663845925389047853e+00
2.090000000000000000e+02 7.513456954572556867e+01 3.574268626961706445e+02 2.646044109222798646e+00
2.110000000000000000e+02 -1.418782704755003579e+02 3.363961523471804753e+02 2.828723149144560800e+00
2.130000000000000000e+02 -1.392117856700430707e+02 3.217405753754205762e+02 2.997381623809557638e+00
2.150000000000000000e+02 -1.412226411131367456e+02 3.053057593910286869e+02 2.779560633189853025e+00
2.170000000000000000e+02 -1.473571814168795413e+02 3.284541296905634908e+02 2.580772981264672694e+00
2.190000000000000000e+02 -1.532387437764917877e+02 3.392218558228980214e+02 2.516245464954144140e+00
2.210000000000000000e+02 -1.438076180622099969e+02 3.121225632740276978e+02 2.705423264207542644e+00
2.230000000000000000e+02 -1.351280620330629745e+02 3.256249275791483342e+02 2.346517224489321762e+00
2.250000000000000000e+02 -1.361321691241754195e+02 3.233550944051051488e+02 2.470095627448857911e+00
2.270000000000000000e+02 6.844195915727887325e+01 3.615795020458585327e+02 2.954125946719068363e+00
2.290000000000000000e+02 7.811020332740699246e+01 3.575385304765106866e+02 3.040562735655926829e+00
2.310000000000000000e+02 -1.433323907072166890e+02 3.285334090044792674e+02 3.104036144167346301e+00
2.330000000000000000e+02 -1.492673393529335613e+02 3.757658094531709025e+02 2.865525407345709485e+00
2.350000000000000000e+02 -1.479181753400629020e+02 3.832850797680811752e+02 2.981252964095805424e+00
2.370000000000000000e+02 -1.479112252034526591e+02 3.375446689076459847e+02 2.906964859696342884e+00
2.390000000000000000e+02 -1.470580809022975188e+02 3.338008489717511793e+02 2.906469003970792997e+00
2.410000000000000000e+02 7.997289260365199937e+01 2.993750029543570577e+02 2.981491311095069374e+00
2.430000000000000000e+02 -1.361510097541083155e+02 3.464977422049709617e+02 2.441448835325284783e+00
2.450000000000000000e+02 -1.386672251225434707e+02 3.487418355214743428e+02 2.932044381688799106e+00
2.470000000000000000e+02 -1.417873098140921400e+02 3.369257703428330046e+02 3.104523623197712467e+00
2.490000000000000000e+02 -1.454935462064350418e+02 2.993698150140662619e+02 3.063977477888632617e+00
2.510000000000000000e+02 7.600521868946935911e+01 3.243744393681179758e+02 2.473121475890084131e+00
2.530000000000000000e+02 -1.424604037973255402e+02 3.539805123912163936e+02 2.841794834308717821e+00
2.550000000000000000e+02 -1.423730731207783720e+02 3.248906006177925292e+02 2.960842702151528449e+00
2.570000000000000000e+02 -1.392179482248797626e+02 3.196031198742193169e+02 2.136233082317157805e+00
2.590000000000000000e+02 5.746284437408315426e+01 3.313621000667321255e+02 2.311596710116546660e+00
2.610000000000000000e+02 -1.347564864498808674e+02 3.706629075509035829e+02 2.362326186239211090e+00
2.630000000000000000e+02 -1.388695031319311113e+02 3.664773344274419173e+02 2.614247338986421365e+00
2.650000000000000000e+02 -1.395549770723931715e+02 3.450532688789565441e+02 2.644521599751038288e+00
2.670000000000000000e+02 -1.353808349749589865e+02 3.420416410377734451e+02 3.039451765597095623e+00
2.690000000000000000e+02 -1.358503334036570322e+02 3.269702599316502756e+02 2.674947091569038093e+00
2.710000000000000000e+02 -1.364675042003701435e+02 2.993523111598560718e+02 2.297105258241094017e+00
2.730000000000000000e+02 1.044210469552416072e+02 4.545446909806892677e+02 2.533292263896287366e+00
2.750000000000000000e+02 -1.446495602853661921e+02 3.194773562174109429e+02 2.389282475794353378e+00
2.770000000000000000e+02 -1.417096543982690378e+02 3.380080429975620859e+02 2.811706322545941994e+00
2.790000000000000000e+02 -1.399822286065582944e+02 3.171370556826698248e+02 2.431147450521880415e+00
2.810000000000000000e+02 2.719519537448186597e+01 3.899019419025192974e+02 2.424851373990576153e+00
2.830000000000000000e+02 8.101465519788328606e+01 4.240042157274303349e+02 2.642059420494199617e+00
2.850000000000000000e+02 -1.630660450846258982e+02 4.169195100728147736e+02 2.245083007592189261e+00
2.870000000000000000e+02 -1.298521305458587278e+02 3.737947674829658240e+02 2.135540232394524285e+00
2.890000000000000000e+02 -1.469324598760986760e+02 3.632732074418195793e+02 2.342443363696914638e+00
2.910000000000000000e+02 -1.473367685417871371e+02 3.343251383076682828e+02 2.786664144634155349e+00
2.930000000000000000e+02 -1.365335854887583764e+02 3.448493061834232662e+02 2.344811348205599444e+00
2.950000000000000000e+02 1.349936690112997439e+02 3.281070690519322284e+02 2.347484719019755417e+00
2.970000000000000000e+02 6.680485056763654939e+01 3.369038305271319587e+02 2.574254198128063109e+00
2.990000000000000000e+02 6.472108513941387287e+01 3.531040849839536691e+02 3.221903062423684183e+00
3.010000000000000000e+02 -1.267924309587789793e+02 3.231434121107645865e+02 2.816519534141450176e+00
3.030000000000000000e+02 -1.236504822279997313e+02 3.192982784638766134e+02 2.867312519082720890e+00
3.050000000000000000e+02 -1.295389723557943000e+02 3.252119217823680515e+02 3.148012104163341540e+00
3.070000000000000000e+02 -1.250358977099906781e+02 3.445073517945104982e+02 3.060161371806669806e+00
3.090000000000000000e+02 6.216270899736544209e+01 3.062075993723368015e+02 2.942437023102369764e+00
3.110000000000000000e+02 6.853085273692256862e+01 2.993296629089338126e+02 2.683976500686011679e+00
3.130000000000000000e+02 6.876810395635776274e+01 2.990495718020491722e+02 2.531117702591275442e+00
3.150000000000000000e+02 6.609122680389808124e+01 3.473462805771902708e+02 2.721389599028037676e+00
3.170000000000000000e+02 6.226441354838109987e+01 3.081403100954931347e+02 2.898589617834300025e+00
3.190000000000000000e+02 6.816065443130345614e+01 3.430832265928610809e+02 2.347481001147540436e+00
3.210000000000000000e+02 6.929055004993765010e+01 3.115151942527731990e+02 2.698730393041606224e+00
3.230000000000000000e+02 5.352207950922884550e+01 3.324581727274172636e+02 2.743044209306037207e+00
3.250000000000000000e+02 4.127738165974177065e+01 3.462308312664143273e+02 2.536490579210969099e+00
3.270000000000000000e+02 5.961712989971071153e+01 3.380881075116400893e+02 2.406766571431354862e+00
3.290000000000000000e+02 6.595921318940277445e+01 3.341512528932602777e+02 2.395854853579395982e+00
3.310000000000000000e+02 5.802405163441037672e+01 3.428854616171018961e+02 2.440880430856437133e+00
3.330000000000000000e+02 2.374577595036190658e+01 3.541164697646049149e+02 2.553342163167767076e+00
3.350000000000000000e+02 -1.795215292874598845e+01 3.493867480901648719e+02 3.300534088643483077e+00
3.370000000000000000e+02 -1.572633497878836195e+01 3.697280774922011233e+02 3.596114506257398258e+00
3.390000000000000000e+02 -7.758753723662150215e+00 4.009951100037727088e+02 2.393203211056196267e+00
3.410000000000000000e+02 -1.532464235286896610e+02 3.626833745812265875e+02 2.764392214744132215e+00
3.430000000000000000e+02 -1.455839715577172910e+02 3.129121622916725300e+02 2.677707803616978577e+00
3.450000000000000000e+02 7.650676551366112221e+01 3.166688592075086603e+02 2.168831371046732404e+00
3.470000000000000000e+02 1.739645628004759317e+02 4.997235960314307590e+02 2.692076252271346171e+00
3.490000000000000000e+02 -1.010704631226031580e+01 3.511521859878752139e+02 3.325051948841055705e+00
3.510000000000000000e+02 -7.962788159691023715e+00 3.586602912921011352e+02 4.261046902790384117e+00
3.530000000000000000e+02 -2.985309896486290970e+00 3.481847038630374414e+02 3.449528923364278743e+00
3.550000000000000000e+02 5.697205385677333034e+00 3.423860860405488324e+02 3.556137224502391003e+00
3.570000000000000000e+02 4.787449717294355089e+00 3.626748334103627940e+02 4.809310036169780034e+00
3.590000000000000000e+02 7.238540465288076042e+00 3.557567025926962856e+02 5.722431708082023505e+00
3.610000000000000000e+02 6.877768899998573104e+00 3.535264007148600172e+02 7.646313858633354776e+00
3.630000000000000000e+02 7.161807752871178323e+00 3.608179858578067183e+02 7.008619127740072230e+00
3.650000000000000000e+02 1.024291252692653131e+01 3.451106233869288644e+02 7.102803804077745475e+00
3.670000000000000000e+02 1.076486206728747064e+01 3.529507657997121441e+02 5.929455813255327001e+00
3.690000000000000000e+02 1.541760345071052463e+01 3.466061749944141184e+02 3.196133449376505897e+00
3.710000000000000000e+02 -1.424556557158929309e+02 3.400339209536128351e+02 2.628483207167338964e+00
3.730000000000000000e+02 7.408300079861145093e+01 3.429100034530982271e+02 2.652120685596671912e+00
3.750000000000000000e+02 8.827264612053534165e+01 4.246883930943686210e+02 2.364677686242103505e+00
3.770000000000000000e+02 3.134092064659974852e+01 3.264278588730927595e+02 2.465032671380561258e+00
3.790000000000000000e+02 3.083139933403625577e+01 3.576872423283276703e+02 3.142857075530747668e+00
3.810000000000000000e+02 5.869981105236409036e+01 3.771334749046705497e+02 2.310939976294981602e+00
3.830000000000000000e+02 8.969598395909112298e+01 4.483871153241260004e+02 2.299268135682991154e+00
3.850000000000000000e+02 8.533841406737438717e+01 4.414235043064558681e+02 2.798637940694927995e+00
3.870000000000000000e+02 6.861542327155132170e+01 4.155524215123647878e+02 2.925197502032724994e+00
3.890000000000000000e+02 6.034293053307332144e+01 3.589868400705628346e+02 2.712392196671937761e+00
3.910000000000000000e+02 6.555510446662295010e+01 3.366601785678427063e+02 2.974385962353511825e+00
3.930000000000000000e+02 6.142515599727078524e+01 3.540210776952106357e+02 2.493230367291273009e+00
3.950000000000000000e+02 6.516824666220311713e+01 3.092843242174591296e+02 2.491910478501869530e+00
3.970000000000000000e+02 -1.521997939702994813e+02 3.913942050284109655e+02 2.469847275633245243e+00
3.990000000000000000e+02 6.579804556291968254e+01 2.993991472793515527e+02 2.890227877331094763e+00
4.010000000000000000e+02 6.753886482916122702e+01 3.488784259756621964e+02 3.117743975806011036e+00
4.030000000000000000e+02 6.957453387905412967e+01 3.073764862601820482e+02 2.891473483806371814e+00
4.050000000000000000e+02 6.647302892276915998e+01 3.248936992875641181e+02 2.969947592129654090e+00
4.070000000000000000e+02 6.832440739663896068e+01 3.590076492947832776e+02 2.664736177114066074e+00
4.090000000000000000e+02 7.454088201260847768e+01 4.201899507096328534e+02 2.443578123309451122e+00
4.110000000000000000e+02 7.352369387034113402e+01 4.007832982040995375e+02 2.817628200448099030e+00
4.130000000000000000e+02 7.158935856688702870e+01 3.816390020505135681e+02 3.272545770818064970e+00
4.150000000000000000e+02 6.924117709388467290e+01 3.374720690083192380e+02 3.681939396433715928e+00
4.170000000000000000e+02 7.178017884687514538e+01 3.739393145986295508e+02 3.306148477217278447e+00
4.190000000000000000e+02 7.016076256951973278e+01 3.653881386867440710e+02 3.071823209394668464e+00
4.210000000000000000e+02 6.775537911603343844e+01 3.283466239850678789e+02 3.667097583348468692e+00
4.230000000000000000e+02 7.201789297878966067e+01 2.993728321172812343e+02 3.807983545517844792e+00
4.250000000000000000e+02 6.701347127155408145e+01 3.137916976907037565e+02 3.053328763583478711e+00
4.270000000000000000e+02 2.024788402840603041e+01 3.143929151704565470e+02 6.162179450438910244e+00
4.290000000000000000e+02 2.207764263651925774e+01 3.235947221862884362e+02 1.318949775169790684e+01
4.310000000000000000e+02 2.212413120989156923e+01 3.329964097845491438e+02 1.283894275630625614e+01
4.330000000000000000e+02 2.200391916975587847e+01 3.216738500350427330e+02 1.272075888422492618e+01
4.350000000000000000e+02 2.227298743464969277e+01 3.179936890931807625e+02 1.048364783867260996e+01
4.370000000000000000e+02 2.343077943438611754e+01 3.312148338959104876e+02 1.051743224480298622e+01
4.390000000000000000e+02 2.519464677703158983e+01 3.323373025647067038e+02 9.404861753143935132e+00
4.410000000000000000e+02 2.390050958279088889e+01 3.360262029249387865e+02 7.148636714501924061e+00
4.430000000000000000e+02 2.477632411711473992e+01 3.307767236568158182e+02 7.067498389087719879e+00
4.450000000000000000e+02 2.538940422401668329e+01 3.422223340729983079e+02 9.487374392501735088e+00
4.470000000000000000e+02 2.729642169653755346e+01 3.392543275788697770e+02 8.410693394612398066e+00
4.490000000000000000e+02 2.388168945913774976e+01 3.317014069296288312e+02 9.677721325135179242e+00
4.510000000000000000e+02 2.055033213876236786e+01 3.274574320759948591e+02 8.665405542820041163e+00
4.530000000000000000e+02 1.849060059907147036e+01 3.343390037838237845e+02 7.896897737748491686e+00
4.550000000000000000e+02 2.449573320775855123e+01 3.507851675927240080e+02 9.099471045788092738e+00
4.570000000000000000e+02 3.017148582317677352e+01 3.552466659157851723e+02 7.351645921958804841e+00
4.590000000000000000e+02 3.586438431952483796e+01 3.548319448815997248e+02 4.553220112034284561e+00
4.610000000000000000e+02 2.512460121362625998e+01 3.506301943303809026e+02 4.262646504251935475e+00
4.630000000000000000e+02 3.316439993904829464e+01 3.485403833301020882e+02 4.016391098550708527e+00
4.650000000000000000e+02 2.737091524145007071e+01 3.321146857235910943e+02 3.555364597470312304e+00
4.670000000000000000e+02 6.016330444140142930e+01 3.928959977509337591e+02 3.379392666228155484e+00
4.690000000000000000e+02 3.730202206581317625e+01 3.574663589430629713e+02 3.222923186020203001e+00
4.710000000000000000e+02 2.680148612492219229e+01 3.315563253150641572e+02 3.650017735490311832e+00
4.730000000000000000e+02 1.690464077179242608e+01 3.350208510695655946e+02 3.015675357485775532e+00
4.750000000000000000e+02 -1.655341185412419591e+01 3.123693004256512609e+02 2.530571539815676729e+00
4.770000000000000000e+02 -1.470920824795865087e+02 3.596751775573685563e+02 2.839705490405766142e+00
4.790000000000000000e+02 7.953762615295958938e+01 3.846499782858427920e+02 2.828753610561863585e+00
4.810000000000000000e+02 7.845505365040234835e+01 4.247556270633379540e+02 2.624346286314218180e+00
4.830000000000000000e+02 -1.507406331589137096e+02 3.592473438564280741e+02 2.743530982288571618e+00
4.850000000000000000e+02 -1.453849940512417618e+02 3.926790288853676429e+02 2.595470801387502302e+00
4.870000000000000000e+02 6.892685289272003502e+01 2.993614604900990912e+02 2.916712916821995183e+00
4.890000000000000000e+02 6.225997365509770987e+01 3.458054472060456987e+02 3.148974398080143011e+00
4.910000000000000000e+02 6.701293642165155973e+01 3.483686445338739190e+02 3.005954845893791028e+00
4.930000000000000000e+02 7.490526274107121196e+01 3.640644575769526909e+02 3.178055043665750201e+00
4.950000000000000000e+02 7.470642575807679009e+01 3.868595812203668061e+02 3.318268882903407935e+00
4.970000000000000000e+02 7.329672135481145290e+01 4.085551609724662967e+02 2.952555318322510836e+00
4.990000000000000000e+02 8.538240424520265037e+01 4.367732241276532932e+02 2.576407812477577775e+00
5.010000000000000000e+02 7.575321123236170706e+01 3.261618341971653763e+02 2.633180488070967495e+00
5.030000000000000000e+02 7.639079078333332973e+01 3.603236639532775030e+02 2.881535992476024433e+00
5.050000000000000000e+02 7.639040468500377301e+01 3.865279962264738742e+02 3.231522283483611258e+00
5.070000000000000000e+02 7.607707346222890976e+01 3.333593814017121986e+02 2.914392673699133685e+00
5.090000000000000000e+02 7.850140429856712387e+01 3.453802195807933799e+02 3.181248904302154568e+00
5.110000000000000000e+02 7.357403991437865898e+01 3.271677206687601824e+02 3.010284094364463758e+00
5.130000000000000000e+02 6.213959745809430757e+01 3.317289654859138750e+02 3.104165587832310003e+00
5.150000000000000000e+02 -1.470922904628193351e+02 3.513845024566776374e+02 2.849812279139956939e+00
5.170000000000000000e+02 7.965712432967980305e+01 3.691734478133687958e+02 2.702537020794804512e+00
5.190000000000000000e+02 6.962728446883414790e+01 3.486387236748222449e+02 2.661639760770156737e+00
5.210000000000000000e+02 6.539504470554579996e+01 3.259050964826571430e+02 3.311530955067311766e+00
5.230000000000000000e+02 6.983675251705273013e+01 3.463149745026858000e+02 2.816437166672948855e+00
5.250000000000000000e+02 -1.457379207865657236e+02 3.632852617670907875e+02 2.889420582317796971e+00
5.270000000000000000e+02 8.453613105605083433e+01 3.377373466149405772e+02 2.591027173822128660e+00
5.290000000000000000e+02 7.951363401514515772e+01 3.673928757342600306e+02 3.242089678386430140e+00
5.310000000000000000e+02 7.391878866817084770e+01 3.288304149648652128e+02 3.024754111331438455e+00
5.330000000000000000e+02 6.889651373311559723e+01 3.325851761590171236e+02 3.020998391795527205e+00
5.350000000000000000e+02 6.644070147878454691e+01 3.207813557370158719e+02 3.262759939106655960e+00
5.370000000000000000e+02 6.216311193139047475e+01 3.705975237341160664e+02 3.199734087122624970e+00
5.390000000000000000e+02 6.619436388896538404e+01 3.960823454012125353e+02 3.144506234973271752e+00
5.410000000000000000e+02 6.272466879372156967e+01 3.597287349991711380e+02 2.722316121173309345e+00
5.430000000000000000e+02 7.382035238324294824e+01 3.289202995057405019e+02 2.554236970474759616e+00
5.450000000000000000e+02 -1.394636123920582520e+02 3.376250829974246130e+02 2.625665508280726534e+00
5.470000000000000000e+02 6.961083113058764127e+01 4.279364062538965072e+02 2.866634452620069329e+00
5.490000000000000000e+02 7.402502806057358953e+01 3.660924338343914428e+02 3.169084737916747496e+00
5.510000000000000000e+02 -1.451722558795602538e+02 3.706773895949555708e+02 3.835058927006131491e+00
5.530000000000000000e+02 -1.491341393350766396e+02 3.545214007539159979e+02 3.487372514057691664e+00
5.550000000000000000e+02 7.567082048946421935e+01 3.193670503391481361e+02 2.947484362152083648e+00
5.570000000000000000e+02 -1.504709547941875485e+02 3.737707484577940136e+02 2.991559213778252069e+00
5.590000000000000000e+02 -1.453652604124592642e+02 3.467581187612736358e+02 3.362553060753471712e+00
5.610000000000000000e+02 -1.498753222658088191e+02 3.849356872597957135e+02 2.545968043857184782e+00
5.630000000000000000e+02 -1.471535796857762648e+02 3.485613227390714997e+02 2.232697015327369972e+00
5.650000000000000000e+02 -1.509959971463405850e+02 3.052516525189624872e+02 2.771103725648170091e+00
5.670000000000000000e+02 -1.513016335185789956e+02 2.993658763738809512e+02 2.832553524277110490e+00
5.690000000000000000e+02 1.028424271302435358e+02 3.735055537956206422e+02 2.904911459186076073e+00
5.710000000000000000e+02 9.773620987472055788e+01 4.178176579269497211e+02 2.603679629158300202e+00
5.730000000000000000e+02 9.838294978792154666e+01 5.048643167121632587e+02 2.406405784557141825e+00
5.750000000000000000e+02 -1.447418745682787744e+02 3.454292129629274655e+02 2.458510820915760675e+00
5.770000000000000000e+02 -1.367329356504702673e+02 3.392594639973335688e+02 2.723840373331540832e+00
5.790000000000000000e+02 -1.362276347174774571e+02 3.283090456930183336e+02 2.952328921493361680e+00
5.810000000000000000e+02 7.561592251794775166e+01 2.993738627694736465e+02 2.585717128621965344e+00
5.830000000000000000e+02 7.310360903336152205e+01 2.958155507716660395e+02 2.308463155671224065e+00
5.850000000000000000e+02 -1.421696262121723180e+02 3.286336248618796390e+02 2.436312440739593743e+00
5.870000000000000000e+02 7.886190687374188713e+01 3.120121920489512490e+02 2.449481213033043225e+00
5.890000000000000000e+02 8.463286040043941227e+01 3.854685490905741858e+02 2.936659943770309589e+00
5.910000000000000000e+02 -1.486627942390780674e+02 3.133247633935674799e+02 2.564117631385306240e+00
5.930000000000000000e+02 -1.496882943403666388e+02 3.032225622501273961e+02 2.471839613116744605e+00
5.950000000000000000e+02 1.000089042826803905e+02 4.316747900846134485e+02 2.857319485243606572e+00
5.970000000000000000e+02 1.087595914540043509e+02 4.071742727202849892e+02 3.498660343896509595e+00
5.990000000000000000e+02 1.098330165805796099e+02 4.346818981146249143e+02 3.207050396684092863e+00
6.010000000000000000e+02 8.342619310415082623e+01 4.005921197056179608e+02 2.918517950477244050e+00
6.030000000000000000e+02 -1.440024842879135463e+02 3.797026999877391518e+02 3.136164837895880186e+00
6.050000000000000000e+02 -1.425999112263062898e+02 3.828563056220467615e+02 3.157894878834170971e+00
6.070000000000000000e+02 -1.469236396862406764e+02 4.158984536736372775e+02 2.666298127839903387e+00
6.090000000000000000e+02 9.039188123523372553e+01 3.871484491114809998e+02 2.665689792958516602e+00
6.110000000000000000e+02 1.114094611103428178e+02 3.802859767730280396e+02 2.379456099697131677e+00
6.130000000000000000e+02 7.240957360969089507e+01 3.664358165605691511e+02 2.280710938951692857e+00
6.150000000000000000e+02 7.903091138699295470e+01 3.576675335757144012e+02 2.844470662672600181e+00
6.170000000000000000e+02 7.453831711211478250e+01 3.695520298598874547e+02 2.697034746752593470e+00
6.190000000000000000e+02 7.839294610915750638e+01 3.666624689808998028e+02 2.472252209934718170e+00
6.210000000000000000e+02 8.019771273666586353e+01 3.721745487502897731e+02 2.282542614390106195e+00
6.230000000000000000e+02 1.091234649086065360e+02 3.748402599537487276e+02 2.236396367161843202e+00
6.250000000000000000e+02 6.204560041518100633e+01 3.463810124712364313e+02 2.382715835853544739e+00
6.270000000000000000e+02 -1.462323117584784029e+02 3.730788486752322228e+02 2.320107407406390099e+00
6.290000000000000000e+02 1.352283137651344873e+02 4.245031034208778919e+02 2.397388018253706843e+00
6.310000000000000000e+02 4.945087324655293060e+01 3.794928097205186646e+02 2.712322971876458322e+00
6.330000000000000000e+02 6.962829873927955759e+01 3.553791728788657451e+02 2.790675960287545720e+00
6.350000000000000000e+02 7.719494006495740734e+01 3.544104940641084909e+02 2.877058674267524374e+00
6.370000000000000000e+02 8.654742554174586644e+01 3.862006283698839866e+02 2.789813013865128255e+00
6.390000000000000000e+02 8.022870370815456909e+01 3.214485016733810880e+02 2.686492204039722331e+00
6.410000000000000000e+02 8.083722127655994427e+01 2.993457185059627363e+02 2.344576848014080284e+00
6.430000000000000000e+02 1.025364321198423880e+02 3.787289520271521610e+02 2.426414719705242806e+00
6.450000000000000000e+02 9.678427057570365832e+01 4.040209208896181963e+02 2.721762797654335486e+00
6.470000000000000000e+02 9.478000520718525479e+01 3.913345653703152607e+02 2.898071052134294501e+00
6.490000000000000000e+02 8.456499817750382419e+01 3.587814168304262807e+02 2.967794315018408735e+00
6.510000000000000000e+02 7.568022101165755089e+01 3.016865731440224749e+02 2.980384434461476939e+00
6.530000000000000000e+02 -1.506664622425070377e+02 3.272286761219546634e+02 2.953168887167783030e+00
6.550000000000000000e+02 7.855690817350937039e+01 3.462665587032190615e+02 3.121772112768606000e+00
6.570000000000000000e+02 7.927480221553472006e+01 3.420857424299256309e+02 3.183944841656305869e+00
6.590000000000000000e+02 -1.486590226811715922e+02 3.051519013154295976e+02 2.643154608926492344e+00
6.610000000000000000e+02 -1.414805661512572783e+02 3.106727571335682683e+02 2.565852650081037467e+00
6.630000000000000000e+02 7.452301134033884011e+01 3.724281068599504465e+02 3.161004119711285920e+00
6.650000000000000000e+02 -1.419803273592885375e+02 3.055115181910801425e+02 2.789076336410538204e+00
6.670000000000000000e+02 1.036993575900986428e+02 4.234045332204715919e+02 2.432839741486695129e+00
6.690000000000000000e+02 1.044996828373481605e+02 4.369219451479036138e+02 2.723777986765409498e+00
6.710000000000000000e+02 9.652595761623999238e+01 4.063307169167478037e+02 3.009394168445615581e+00
6.730000000000000000e+02 8.331913245179981686e+01 4.116776148133728839e+02 3.081910423559771850e+00
6.750000000000000000e+02 7.669000211687388457e+01 3.904160123234772755e+02 2.983305516227726439e+00
6.770000000000000000e+02 1.012567570235162151e+02 4.323532116908677949e+02 2.487935019665960645e+00
6.790000000000000000e+02 1.507881113060252858e+02 4.359752070218997346e+02 2.738325144729174099e+00
6.810000000000000000e+02 1.530633626935118627e+02 3.817167196113806540e+02 3.491035667705140177e+00
6.830000000000000000e+02 1.585083836522438503e+02 3.813477955062596720e+02 3.984909205524209241e+00
6.850000000000000000e+02 1.700032780184085084e+02 3.740249901329220279e+02 4.142618310530927772e+00
6.870000000000000000e+02 -1.783087058512369651e+02 3.813179321048489783e+02 3.318612068951870331e+00
6.890000000000000000e+02 -1.609849838399144630e+02 3.533320694150614827e+02 2.785187235423913776e+00
6.910000000000000000e+02 8.437408450906461610e+01 3.129246932971755086e+02 3.196391715477677309e+00
6.930000000000000000e+02 8.028170667245001368e+01 3.494940395135362792e+02 2.590501696443411550e+00
6.950000000000000000e+02 7.826375755146966640e+01 3.668991269548458831e+02 2.926882654641716819e+00
6.970000000000000000e+02 8.282127799929068601e+01 3.569457699311375904e+02 3.271823880993249833e+00
6.990000000000000000e+02 8.142640747642550991e+01 3.629850123665139563e+02 4.111798771100581007e+00
7.010000000000000000e+02 7.707962179155741467e+01 3.786495218679061736e+02 3.828492041541145419e+00
7.030000000000000000e+02 6.875153208911214620e+01 3.981651601971197465e+02 3.115570629578289008e+00
7.050000000000000000e+02 6.643979040124679614e+01 4.034550682275046256e+02 3.267984064958199930e+00
7.070000000000000000e+02 6.733484051342389876e+01 3.821959779259091192e+02 3.176146989540055365e+00
7.090000000000000000e+02 7.308751775266165396e+01 3.675823986159411447e+02 2.935032131954499857e+00
7.110000000000000000e+02 -1.355387212656556812e+02 3.269952499983502889e+02 3.007631770550765360e+00
7.130000000000000000e+02 -1.410662639530081606e+02 3.148489143976813125e+02 2.948828992771525659e+00
7.150000000000000000e+02 8.815352170002273624e+01 3.818557797839903287e+02 2.510866792765381827e+00
7.170000000000000000e+02 9.340154990685431358e+01 3.674298149874513797e+02 2.404508491925175573e+00
7.190000000000000000e+02 1.134289630778928597e+02 4.077573015482469714e+02 1.987477771568607388e+00
7.210000000000000000e+02 3.278558732132049158e+01 3.348312352830954524e+02 2.157415953418857057e+00
7.230000000000000000e+02 7.538379176729353048e+01 3.642515028897312277e+02 2.287770651689649437e+00
7.250000000000000000e+02 6.850922049438879924e+01 3.339329384178857936e+02 3.002485411352730171e+00
7.270000000000000000e+02 6.793823377321334078e+01 3.566316426984385544e+02 3.406952202329730728e+00
7.290000000000000000e+02 6.960335968451394706e+01 3.452658000135228917e+02 2.737102068945278077e+00
7.310000000000000000e+02 6.265286103729948053e+01 3.001836888594757511e+02 2.323132581616947689e+00
7.330000000000000000e+02 5.715377215743177430e+01 3.631128917134727203e+02 2.811643183784147570e+00
7.350000000000000000e+02 4.995574642950401767e+01 3.703881314852798710e+02 2.833260647764332063e+00
7.370000000000000000e+02 5.180498410432316092e+01 3.702226782199007289e+02 2.596773305504423757e+00
7.390000000000000000e+02 -1.511356799790130765e+02 3.835914905770350742e+02 2.998883216581168742e+00
7.410000000000000000e+02 -1.375363249379549870e+02 3.852192665717758473e+02 3.060571407358681828e+00
7.430000000000000000e+02 -1.356757484847617548e+02 3.554220115948919556e+02 2.848670707215517073e+00
7.450000000000000000e+02 -1.401170610420140576e+02 3.613295628234747028e+02 2.431267815945481470e+00
7.470000000000000000e+02 5.927669733600760793e+01 3.289342189027542531e+02 2.608991862867030775e+00
7.490000000000000000e+02 -1.407732835509195297e+02 4.051154356109903460e+02 2.647948543475729277e+00
7.510000000000000000e+02 -1.473150274315412673e+02 3.383057726576595883e+02 2.428283373657747379e+00
7.530000000000000000e+02 6.785641319118249726e+01 3.358351818320801385e+02 2.383119307851672364e+00
7.550000000000000000e+02 -1.421031561705069066e+02 3.636100687623422232e+02 2.589667928588498480e+00
7.570000000000000000e+02 -1.378038631012992141e+02 4.062062527014228976e+02 2.685933668913373928e+00
7.590000000000000000e+02 -1.442553353595132535e+02 3.556830786980926860e+02 2.431889605767586282e+00
7.610000000000000000e+02 7.991957941689949507e+01 3.480049782323426939e+02 2.891823401608131672e+00
7.630000000000000000e+02 8.777836143522040402e+01 4.032655739552733962e+02 2.634318694366382552e+00
7.650000000000000000e+02 7.912930574564349229e+01 3.662858554294073201e+02 2.508695475329308255e+00
7.670000000000000000e+02 -1.453048539362859515e+02 3.634640310361105549e+02 2.584021531516626169e+00
7.690000000000000000e+02 8.296179464779643808e+01 4.660527525935611379e+02 2.829653433951475616e+00
7.710000000000000000e+02 -1.445269226727998841e+02 3.434574403366361821e+02 2.661749591937351500e+00
7.730000000000000000e+02 -1.465765660582685825e+02 3.381539570118734446e+02 2.820460997474827369e+00
7.750000000000000000e+02 -1.382853373987470320e+02 3.552447670075036967e+02 2.917416936735101274e+00
7.770000000000000000e+02 6.671494120793033744e+01 3.343303451269896982e+02 2.414611119648016224e+00
7.790000000000000000e+02 -1.516135083671038899e+02 3.775693165874047281e+02 2.673189221981830510e+00
7.810000000000000000e+02 -1.543607084410384402e+02 3.330285498810655440e+02 2.516415272950990545e+00
7.830000000000000000e+02 -1.433936345449825751e+02 2.982314780672346046e+02 3.530968113358033733e+00
7.850000000000000000e+02 7.496886774351263227e+01 2.996301489104078541e+02 2.690062558636512779e+00
7.870000000000000000e+02 7.633327562237887776e+01 2.993615073874321979e+02 2.742375543550640948e+00
7.890000000000000000e+02 -1.455996118220778612e+02 3.547498127954975189e+02 2.567454389875255760e+00
7.910000000000000000e+02 -1.512491510561527832e+02 3.440076943477035343e+02 2.690855309511250404e+00
7.930000000000000000e+02 6.926885540205233838e+01 3.183743711329778989e+02 2.183990596005827012e+00
7.950000000000000000e+02 -1.502024258332903912e+02 3.455917615216030754e+02 2.721007554105787651e+00
7.970000000000000000e+02 -1.532441423961310818e+02 3.414066035801299677e+02 3.004756746356116448e+00
7.990000000000000000e+02 -1.513926937576465832e+02 3.292153263102745768e+02 2.755686214564723624e+00
8.010000000000000000e+02 -1.516700930063820465e+02 3.225764839022941146e+02 2.500145130235555069e+00
8.030000000000000000e+02 -1.501456168708083965e+02 3.414307706753892262e+02 2.686904531282701569e+00
8.050000000000000000e+02 -1.419078068521758098e+02 3.578478558023229539e+02 3.087152632644411199e+00
8.070000000000000000e+02 -1.464334497979051548e+02 3.468333867849535750e+02 2.889521646494916496e+00
8.090000000000000000e+02 7.082154753269959713e+01 3.521263338972045176e+02 2.423875071691298011e+00
8.110000000000000000e+02 -1.583717589784355653e+02 3.275599949471906029e+02 2.520937035750154820e+00
8.130000000000000000e+02 -1.544737026171585228e+02 3.265250390814826460e+02 2.728350911641820087e+00
8.150000000000000000e+02 -1.474522179468020227e+02 3.233135813793708735e+02 2.995458874927098059e+00
8.170000000000000000e+02 7.730013212980577464e+01 3.363909706268723312e+02 2.986133676429614692e+00
8.190000000000000000e+02 7.836581912213495116e+01 3.833971238624308171e+02 2.781605071085742953e+00
8.210000000000000000e+02 -1.388591290562457914e+02 3.148561334472037743e+02 2.800666876208165679e+00
8.230000000000000000e+02 -1.367066829175352041e+02 3.252314082525508638e+02 2.644214557742588845e+00
8.250000000000000000e+02 7.781019194061579469e+01 3.607992262351899058e+02 2.917841187517391521e+00
8.270000000000000000e+02 7.343351252159300202e+01 3.286094992189395043e+02 2.973553824392273004e+00
8.290000000000000000e+02 -1.376006877852908588e+02 3.853132034959441512e+02 2.607617200113008238e+00
8.310000000000000000e+02 6.455691945650767138e+01 3.040877716593940931e+02 2.673818265326341148e+00
8.330000000000000000e+02 -1.553429337181647725e+02 3.864680333235326657e+02 2.355158468603373301e+00
8.350000000000000000e+02 -1.494945433070357410e+02 3.856012009831342766e+02 2.505763226803927601e+00
8.370000000000000000e+02 7.592897674280870035e+01 3.279377156164680969e+02 2.943435612430653769e+00
8.390000000000000000e+02 -1.441231445388144152e+02 3.471731038360194361e+02 2.769959980476116357e+00
8.410000000000000000e+02 5.660667974547607173e+01 3.146458732906540376e+02 2.511844111992226125e+00
8.430000000000000000e+02 6.144643598662137407e+01 3.415102564808909165e+02 2.685755847486735792e+00
8.450000000000000000e+02 6.764642632684945056e+01 3.697829682758610375e+02 2.758665000370696063e+00
8.470000000000000000e+02 -1.370977199286754740e+02 3.120264697999409691e+02 2.748303082226768002e+00
8.490000000000000000e+02 -1.342601259160903737e+02 3.072950800511766261e+02 3.263060642131276445e+00
8.510000000000000000e+02 6.830971259164353171e+01 2.992922396483200487e+02 2.879407460760042614e+00
8.530000000000000000e+02 -1.394288444540769945e+02 3.674912305575292066e+02 2.898514952660126820e+00
8.550000000000000000e+02 7.061683442334012284e+01 3.953727397987195786e+02 2.931233816010921256e+00
8.570000000000000000e+02 7.647750442259744830e+01 3.558613955099857549e+02 2.644551005202994798e+00
8.590000000000000000e+02 7.496168796525482492e+01 3.315733576063436772e+02 2.210672314895282931e+00
8.610000000000000000e+02 6.947971690006434642e+01 3.938172175229479990e+02 2.423479346531317802e+00
8.630000000000000000e+02 6.562483024976880586e+01 3.657673211164760119e+02 2.589986930663874087e+00
8.650000000000000000e+02 3.226002812776529538e+01 3.175004120832991816e+02 2.424163318275433632e+00
8.670000000000000000e+02 1.364121778935055147e+02 4.147291042583378839e+02 1.953181123551712028e+00
8.690000000000000000e+02 1.442440887467855077e+02 3.918299947673185670e+02 2.311956923089375948e+00
8.710000000000000000e+02 1.314811295038469439e+02 4.237811370252703114e+02 2.842734220289572011e+00
8.730000000000000000e+02 1.044370832153911834e+02 4.983746982182206011e+02 2.720439769494850779e+00
8.750000000000000000e+02 9.343248743641267140e+01 4.706209736516310613e+02 2.126191415094651482e+00
8.770000000000000000e+02 -1.336538247457664284e+02 4.087611080365400085e+02 2.425747242790408542e+00
8.790000000000000000e+02 -1.351098799744285657e+02 3.897371409682494345e+02 2.315642159426514635e+00
8.810000000000000000e+02 -1.305829238518002455e+02 3.754415924274190957e+02 2.301210404528336362e+00
8.830000000000000000e+02 -1.444006438763385347e+02 4.409693299592810263e+02 2.542371384863754358e+00
8.850000000000000000e+02 -1.464232769510915091e+02 3.777198968105060999e+02 2.834690651804498529e+00
8.870000000000000000e+02 -1.312005322934681999e+02 3.535112907256659014e+02 2.298826111870195366e+00
8.890000000000000000e+02 -1.351914169144135656e+02 3.429278308470584875e+02 2.486008787157398814e+00
8.910000000000000000e+02 5.639384776631101914e+01 3.473876658919403440e+02 2.743142007677090710e+00
8.930000000000000000e+02 5.456138164491184028e+01 3.180109826389730188e+02 2.806549582257080733e+00
