# InfraPy Beamforming (fk) Results
# 
# Data summary:
#     CC.KAUT.01.BDF	2023-05-08T13:05:30.940000Z - 2023-05-08T13:20:30.920000Z
#     CC.KAUT.02.BDF	2023-05-08T13:05:30.940000Z - 2023-05-08T13:20:30.920000Z
#     CC.KAUT.03.BDF	2023-05-08T13:05:30.940000Z - 2023-05-08T13:20:30.920000Z
# 
#   channel_cnt: 3
#   t0: 2023-05-08T13:05:30.940000Z
#   latitude: 46.730454
#   longitude: -121.857388
# 
# Algorithm parameters:
#   freq_min: 1.0
#   freq_max: 2.5
#   back_az_min: -180.0
#   back_az_max: 180.0
#   back_az_step: 2.0
#   trace_vel_min: 300.0
#   trace_vel_max: 600.0
#   trace_vel_step: 2.5
#   method: bartlett
#   signal_start: None
#   signal_end: None
#   window_len: 10.0
#   sub_window_len: None
#   window_step: 2.0
# 
# Time (rel t0) [s]      Back Az [deg]	           Tr. Velocity [m/s]       F-stat
5.000000000000000000e+00 7.678011944868438832e+01 3.498286057790907080e+02 1.228404704525878799e+01
7.000000000000000000e+00 6.128007898116529617e+01 4.167221392019791324e+02 6.806098928402792403e+00
9.000000000000000000e+00 7.113891983267365049e+01 4.597016953376535184e+02 1.582447981457645625e+01
1.100000000000000000e+01 6.353646082846178444e+01 4.154107744092926282e+02 1.172110782579338917e+01
1.300000000000000000e+01 5.043382917768852280e+01 3.319075374619367267e+02 1.510654262646512791e+01
1.500000000000000000e+01 5.359135283511478320e+01 4.595989876375439280e+02 1.249650705430694586e+01
1.700000000000000000e+01 5.883031648072739017e+01 3.896253536936802107e+02 1.584234511170150128e+01
1.900000000000000000e+01 7.526917440014180727e+01 3.723849812030507564e+02 1.241176403006728179e+01
2.100000000000000000e+01 5.978229490535625956e+01 5.981263387455293241e+02 1.512328946609517644e+01
2.300000000000000000e+01 7.341467423001427051e+01 5.981287389163844637e+02 1.342606617536618607e+01
2.500000000000000000e+01 1.249402250841090876e+02 5.981329565333223854e+02 6.387076357449947395e+00
2.700000000000000000e+01 8.698731068250115328e+00 4.972960943792427315e+02 6.543080115269463093e+00
2.900000000000000000e+01 2.971353978292117759e+01 3.982975755675242340e+02 5.386464903407134130e+00
3.100000000000000000e+01 3.131474967080621852e+01 3.391136121511283363e+02 5.603164193774500035e+00
3.300000000000000000e+01 6.215569854477255518e+01 4.946475398330228472e+02 8.400186520260465528e+00
3.500000000000000000e+01 5.886411708557407252e+01 5.980759315398670424e+02 8.649913792260253587e+00
3.700000000000000000e+01 5.027091088705923028e+01 5.981244181493041197e+02 1.359071598826843186e+01
3.900000000000000000e+01 1.869795880500468144e+01 5.981242979538089912e+02 9.407996968421292294e+00
4.100000000000000000e+01 4.284251582797755020e+01 4.853780246054552094e+02 7.579120639592526132e+00
4.300000000000000000e+01 1.045100799944720080e+02 5.521199537336286767e+02 1.100402317238753369e+01
4.500000000000000000e+01 8.459914973711910591e+01 5.877721622573697005e+02 1.249227832276518946e+01
4.700000000000000000e+01 8.589230183766775895e+01 4.465929045956600589e+02 6.449041998989626379e+00
4.900000000000000000e+01 5.612303638256549476e+01 4.403009139773488414e+02 4.685675383563626895e+00
5.100000000000000000e+01 8.330083851131772121e+01 4.976128301446556748e+02 6.024719075725285755e+00
5.300000000000000000e+01 8.098074463329538730e+01 3.664863962095174088e+02 5.662993241364493002e+00
5.500000000000000000e+01 6.021873074740362597e+01 3.090206450766328317e+02 9.522835173125191233e+00
5.700000000000000000e+01 7.001853314378654147e+01 3.380934537688757473e+02 1.085505132769075232e+01
5.900000000000000000e+01 7.235871299138587176e+01 2.993719199571643230e+02 6.560290683877481044e+00
6.100000000000000000e+01 6.805125512245493269e+01 5.274188951514997825e+02 6.952953442613142521e+00
6.300000000000000000e+01 4.696130033089846734e+01 3.449228751647259514e+02 3.937262522098272655e+00
6.500000000000000000e+01 3.348960395849717742e+01 5.981545324385455160e+02 7.532938601432464409e+00
6.700000000000000000e+01 2.653142759320695987e+00 5.750714431101581567e+02 1.352622102151868511e+01
6.900000000000000000e+01 9.355888949214591355e-01 4.194312986352528583e+02 8.034350763811271889e+00
7.100000000000000000e+01 7.516937731294224534e+01 3.696703379805776422e+02 8.864085212543267644e+00
7.300000000000000000e+01 7.034999946165339679e+01 4.596706608324619765e+02 8.733886624285863931e+00
7.500000000000000000e+01 1.063365608638110871e+02 4.162271002699713449e+02 7.009181337212803342e+00
7.700000000000000000e+01 1.099398132635651280e+02 3.743153281710600027e+02 6.783758566558432790e+00
7.900000000000000000e+01 9.347676351029653574e+01 3.455042009192299588e+02 8.555442818997631704e+00
8.100000000000000000e+01 7.175171829408232327e+01 3.400138294737722617e+02 4.705439804885517496e+00
8.300000000000000000e+01 -1.761276178461129405e+02 4.310960918848569463e+02 3.068550668022790084e+00
8.500000000000000000e+01 1.553838980138674515e+02 5.852173638836692362e+02 7.683117802656737716e+00
8.700000000000000000e+01 4.721222800707448641e+01 5.981320204461845833e+02 7.035548178870047131e+00
8.900000000000000000e+01 1.470373317731542784e+01 5.981903626310020172e+02 1.065064290940733649e+01
9.100000000000000000e+01 5.835661228709555814e+01 5.981253606009738633e+02 5.707726485240156578e+00
9.300000000000000000e+01 6.502883642969132438e+01 3.776686703506758818e+02 4.450832507733351484e+00
9.500000000000000000e+01 5.265539710253172956e+01 3.139834832153200068e+02 6.163547470313634591e+00
9.700000000000000000e+01 6.293861610037739496e+01 4.252403109091333704e+02 8.587128732046034330e+00
9.900000000000000000e+01 8.079212838379180539e+01 5.981202987484844016e+02 1.885118173718210954e+01
1.010000000000000000e+02 7.378649749412306846e+01 4.912105798411009232e+02 7.574883236781359663e+00
1.030000000000000000e+02 4.778518589318053955e+01 4.582536111375071073e+02 6.510226371941411294e+00
1.050000000000000000e+02 9.197915222492460430e+01 5.981249792415399043e+02 6.278639129268832164e+00
1.070000000000000000e+02 1.480731985257090457e+02 5.902028888452517776e+02 1.089960125510566336e+01
1.090000000000000000e+02 9.891291526829992620e+01 5.981460425920821535e+02 8.639766362047078374e+00
1.110000000000000000e+02 4.797262556188254479e+01 5.981257073259115487e+02 6.426349023967657281e+00
1.130000000000000000e+02 9.151949681434903994e+01 5.981265377441844748e+02 7.986441619067147890e+00
1.150000000000000000e+02 1.077797535929896071e+02 4.729588323479221117e+02 6.488278224010652018e+00
1.170000000000000000e+02 1.417043774035238641e+02 3.760403913898020960e+02 8.615572652791927410e+00
1.190000000000000000e+02 1.115444560026580234e+02 5.981261818913707202e+02 6.606605999053179801e+00
1.210000000000000000e+02 8.573764706661035007e+01 5.981169217773851869e+02 1.131358582262455670e+01
1.230000000000000000e+02 7.753436630202983793e+01 3.181670589014702841e+02 6.171972623272882430e+00
1.250000000000000000e+02 1.056541061759997007e+02 3.909034061600576706e+02 4.080073908459748822e+00
1.270000000000000000e+02 1.185045272346806371e+02 5.925858022290834697e+02 4.165253032285476387e+00
1.290000000000000000e+02 1.162179049810454927e+02 4.415844210358101805e+02 5.377648280574261364e+00
1.310000000000000000e+02 1.257251986013061327e+02 4.431560204780097365e+02 7.065489928684961285e+00
1.330000000000000000e+02 1.254678409149894236e+02 5.981058896598862020e+02 8.051833348626839637e+00
1.350000000000000000e+02 9.210933264015595512e+01 5.981251265948263836e+02 7.315113500482575581e+00
1.370000000000000000e+02 7.656057259451532104e+01 3.986294185170119704e+02 5.991294193323819961e+00
1.390000000000000000e+02 9.046237110053822050e+01 4.595868308053083524e+02 4.187560740139732118e+00
1.410000000000000000e+02 5.947954839622176593e+01 3.211334811733443075e+02 6.144969470008433632e+00
1.430000000000000000e+02 8.650686523990856358e+01 5.981229952566881138e+02 6.613587979801931027e+00
1.450000000000000000e+02 1.170602019449967486e+02 5.481493052700183171e+02 8.449311374828191390e+00
1.470000000000000000e+02 7.161452165309911777e+01 4.108854931064885250e+02 5.250889660792461555e+00
1.490000000000000000e+02 5.702487027814813558e+01 3.680434446034620350e+02 1.591894717682718507e+01
1.510000000000000000e+02 5.461522333003172491e+01 3.608799914233739514e+02 1.139651627171850379e+01
1.530000000000000000e+02 4.025280814491240733e+01 4.360093753305673658e+02 5.653740009214373252e+00
1.550000000000000000e+02 1.012553263652654891e+02 4.188483517965535157e+02 4.700298092413369488e+00
1.570000000000000000e+02 1.259102076089302500e+02 3.338266342402009172e+02 8.885317168234166729e+00
1.590000000000000000e+02 1.163720560642690884e+02 4.847224337273286210e+02 9.385370631607321101e+00
1.610000000000000000e+02 8.038170806688171410e+01 5.012934263487638304e+02 1.191192387439039457e+01
1.630000000000000000e+02 6.044017385376435669e+01 4.064020469811052294e+02 1.025718536411346271e+01
1.650000000000000000e+02 6.292579560836369978e+01 3.200754839636637143e+02 8.293290933230208495e+00
1.670000000000000000e+02 5.033724510758335668e+01 2.993706332443990163e+02 5.809258293212368862e+00
1.690000000000000000e+02 3.972102053125917109e+01 3.573700158876241062e+02 1.379498537090497656e+01
1.710000000000000000e+02 6.374812176428238075e+01 3.685719894529350995e+02 1.489661429554507421e+01
1.730000000000000000e+02 9.719973140505264553e+01 4.489157698385649837e+02 8.947497730929597992e+00
1.750000000000000000e+02 9.332913225534845481e+01 4.893326834561049736e+02 7.297860011347998110e+00
1.770000000000000000e+02 7.050317894951348308e+01 5.981197420297233975e+02 2.424984868599047161e+01
1.790000000000000000e+02 6.722711253735272408e+01 5.981287606105707937e+02 2.068029351934976034e+01
1.810000000000000000e+02 8.341420852403962272e+01 5.981274397459995953e+02 9.808676242521247701e+00
1.830000000000000000e+02 1.352894522500333778e+02 5.980805137850485380e+02 7.970327460589159863e+00
1.850000000000000000e+02 8.621498045957510215e+01 3.200402456950153578e+02 5.558423689149689650e+00
1.870000000000000000e+02 7.746362668013823338e+01 2.993794600407175608e+02 5.446374382571195660e+00
1.890000000000000000e+02 7.133822419283775673e+01 4.876351482095204801e+02 9.993381503441035818e+00
1.910000000000000000e+02 5.642073459679289016e+01 5.418855496110883223e+02 9.455921398343507533e+00
1.930000000000000000e+02 8.716200764375795984e+01 5.981266652036040341e+02 7.219586930751822784e+00
1.950000000000000000e+02 7.431044263341861722e+01 5.981235630183565490e+02 9.187422164722910622e+00
1.970000000000000000e+02 6.235489346409976719e+01 4.895174014212059319e+02 5.358122226791786957e+00
1.990000000000000000e+02 1.062935757396905103e+02 5.898372977541129103e+02 4.198736501457421610e+00
2.010000000000000000e+02 1.316467978977957785e+02 5.981232976924032982e+02 5.236451397318787393e+00
2.030000000000000000e+02 7.432370708196420139e+01 5.695312657290229481e+02 8.434760875006150016e+00
2.050000000000000000e+02 2.836167773016985549e+01 4.400726309406543919e+02 3.813869104372789920e+00
2.070000000000000000e+02 9.226753017594981543e+01 5.329821281425158759e+02 7.578882359599945495e+00
2.090000000000000000e+02 9.268437006503741316e+01 5.307613915987410564e+02 1.635747743991310088e+01
2.110000000000000000e+02 8.355351689515634916e+01 5.291936637690228054e+02 8.332644956740592690e+00
2.130000000000000000e+02 9.624220428528322202e+01 5.981259718335063553e+02 8.255302596771098678e+00
2.150000000000000000e+02 9.659613625925568670e+01 5.981291941482506900e+02 5.364123314691435773e+00
2.170000000000000000e+02 7.335549624497373600e+01 5.022016867352871827e+02 5.559953872976401534e+00
2.190000000000000000e+02 5.633652048110096189e+01 2.993565134690966261e+02 7.917588024537057123e+00
2.210000000000000000e+02 6.904485226861064007e+01 2.993901487774060115e+02 4.694308559720394847e+00
2.230000000000000000e+02 6.116532809773963919e+01 4.156521681489084585e+02 5.571239379728941010e+00
2.250000000000000000e+02 6.781275916131303916e+01 5.981264720312584586e+02 8.415437139233556962e+00
2.270000000000000000e+02 4.510289708274687115e+01 4.928878569098891944e+02 1.269466649088548316e+01
2.290000000000000000e+02 8.313297986107357929e+01 4.928940538649742393e+02 1.087932768302217745e+01
2.310000000000000000e+02 7.216029612353841571e+01 5.025629643276158163e+02 1.578341737651295595e+01
2.330000000000000000e+02 9.748205041850705754e+01 3.270726944209150702e+02 8.704468276575175523e+00
2.350000000000000000e+02 1.025927367784820348e+02 3.897467923985883544e+02 8.365281391818989221e+00
2.370000000000000000e+02 7.420771929764615038e+01 4.885372479758029840e+02 1.181465278442422395e+01
2.390000000000000000e+02 7.642702516291323889e+01 5.573446033141032103e+02 1.577727033658023004e+01
2.410000000000000000e+02 1.045619591824063264e+02 5.981279060957134561e+02 1.662729250061523345e+01
2.430000000000000000e+02 7.421883090874331401e+01 5.694117461724830491e+02 5.066959275514583361e+00
2.450000000000000000e+02 9.002957924753289376e+01 5.981250553554177714e+02 8.210266794224089892e+00
2.470000000000000000e+02 6.431565673857869569e+01 5.981229914200259827e+02 1.482125840348358281e+01
2.490000000000000000e+02 7.954114851889919180e+01 4.594526209725112267e+02 1.352003803031157325e+01
2.510000000000000000e+02 6.993259147799082598e+01 4.646350944573107995e+02 1.920385523521370175e+01
2.530000000000000000e+02 6.030292889524886135e+01 4.179643763508091183e+02 1.077788786205843330e+01
2.550000000000000000e+02 6.526992993314829050e+01 4.409616311809061813e+02 1.076750056531032307e+01
2.570000000000000000e+02 5.457988811612248981e+01 5.981242811880780437e+02 4.336835470377157442e+00
2.590000000000000000e+02 1.313278232342307206e+02 5.981233834250793961e+02 2.520272575084415489e+00
2.610000000000000000e+02 1.451810557698254911e+02 5.980497664685098016e+02 4.946615266017333923e+00
2.630000000000000000e+02 1.031303992653377293e+02 4.563876439403366589e+02 6.223065674593367902e+00
2.650000000000000000e+02 5.216080342224190503e+01 4.431648770506081405e+02 4.141938986967867997e+00
2.670000000000000000e+02 6.631173530325273191e+01 5.981228531560415149e+02 5.367297394430181612e+00
2.690000000000000000e+02 7.803693603120892419e+01 5.981245359795835839e+02 7.916889050276206596e+00
2.710000000000000000e+02 9.975292056115846151e+01 4.457316909349654566e+02 9.371683681810655031e+00
2.730000000000000000e+02 6.709015491068286963e+01 4.508099903512027140e+02 8.700994585147164173e+00
2.750000000000000000e+02 5.246735699571274836e+01 3.529216373357945713e+02 5.762127304865408028e+00
2.770000000000000000e+02 8.603833945978759346e+01 3.982402254690721293e+02 9.965753419227576515e+00
2.790000000000000000e+02 1.017195487517286665e+02 4.899228189075391811e+02 9.659924655904145396e+00
2.810000000000000000e+02 7.673239263832250856e+01 4.644647091472671150e+02 7.440648588074078695e+00
2.830000000000000000e+02 5.581199716551465428e+01 3.841511826353106471e+02 6.700997489401557594e+00
2.850000000000000000e+02 6.330906764457674285e+01 4.568212217108928712e+02 5.402616624191968420e+00
2.870000000000000000e+02 7.521468374535214707e+01 5.981309632070164071e+02 5.129978588486023838e+00
2.890000000000000000e+02 1.024427938771042079e+02 3.237084335429648263e+02 6.363943540716861413e+00
2.910000000000000000e+02 1.066350769540445640e+02 2.993747895977211328e+02 4.149885047499298096e+00
2.930000000000000000e+02 6.073403693338256204e+01 5.981177463695395318e+02 7.754285475889014734e+00
2.950000000000000000e+02 7.095078295926680312e+01 4.200736359078582609e+02 1.178004509783544229e+01
2.970000000000000000e+02 8.101758081885412821e+01 4.739361138309488979e+02 1.856795837022278661e+01
2.990000000000000000e+02 7.156154266741448566e+01 5.981361229765134340e+02 9.823829255447824593e+00
3.010000000000000000e+02 1.329150986317802676e+02 5.981438242550816540e+02 7.197789814815624077e+00
3.030000000000000000e+02 8.002069423499474965e+01 5.531936212063264975e+02 1.415049499082866902e+01
3.050000000000000000e+02 7.241589077278169384e+01 5.503343100667568706e+02 1.345867552785298749e+01
3.070000000000000000e+02 8.884930573711802992e+01 5.981288067965343771e+02 7.409668127639118751e+00
3.090000000000000000e+02 7.348766205981009136e+01 3.680010265642733884e+02 1.652235661400541389e+01
3.110000000000000000e+02 8.646189290109496994e+01 4.200051809315683045e+02 1.484663473398520317e+01
3.130000000000000000e+02 8.506375634135207520e+01 4.421440031939760615e+02 6.903993259354857415e+00
3.150000000000000000e+02 7.405391285504749987e+01 3.921878861123643105e+02 9.544906236079357953e+00
3.170000000000000000e+02 6.476816694263393970e+01 4.735431276536730252e+02 1.538023584315488534e+01
3.190000000000000000e+02 6.445236567047800236e+01 4.397115879671645189e+02 9.801501741204086571e+00
3.210000000000000000e+02 7.433627099726965071e+01 5.981175458262493976e+02 1.302986636757615635e+01
3.230000000000000000e+02 7.617572287391971031e+01 5.981108192991192709e+02 1.567126770335636543e+01
3.250000000000000000e+02 5.672557257567404321e+01 5.981197475600503140e+02 6.057824189944717830e+00
3.270000000000000000e+02 5.285885626404142101e+01 4.108084724674954487e+02 1.145108868636180155e+01
3.290000000000000000e+02 1.001778895418832036e+02 3.334159389993828881e+02 1.588999508319175114e+01
3.310000000000000000e+02 1.003924528046110680e+02 3.142411083172011104e+02 1.881337970268572590e+01
3.330000000000000000e+02 7.910544309872933866e+01 5.530488668781840715e+02 1.070555656433248615e+01
3.350000000000000000e+02 4.695703304618982799e+01 5.981161951045651222e+02 1.148634926974924220e+01
3.370000000000000000e+02 5.842643083554318650e+01 5.981225246189590052e+02 7.828450209911272495e+00
3.390000000000000000e+02 4.001391248297200320e+01 5.884184615424470621e+02 3.812861218870362556e+00
3.410000000000000000e+02 8.280701279965727224e+01 4.593654829319024770e+02 1.033351404024383235e+01
3.430000000000000000e+02 7.413494721748293159e+01 5.928019424890098890e+02 1.394049946761657743e+01
3.450000000000000000e+02 8.207907572153126807e+01 5.981242477766005550e+02 7.181003653858456737e+00
3.470000000000000000e+02 9.358903448454701390e+01 4.532343561566485164e+02 1.049260773307557848e+01
3.490000000000000000e+02 8.104225606862983966e+01 5.102723745093413186e+02 9.599671229203512013e+00
3.510000000000000000e+02 1.265517532109127607e+01 4.628844817095952635e+02 6.456790467232256248e+00
3.530000000000000000e+02 1.861754767241657760e+01 5.265480801296987465e+02 3.960908597561293654e+00
3.550000000000000000e+02 3.262782289044394446e+01 4.566069781647136665e+02 6.521176503989324580e+00
3.570000000000000000e+02 1.632747142151884390e+01 4.458556963058206293e+02 1.254708858337267507e+01
3.590000000000000000e+02 3.144566682381230294e+01 5.260661047040211997e+02 1.389917558123246799e+01
3.610000000000000000e+02 4.358162483313390112e+01 5.983205049632590544e+02 1.486267925658739841e+01
3.630000000000000000e+02 6.093781291541687750e+01 4.455690114907704356e+02 9.729710734706149111e+00
3.650000000000000000e+02 6.835078994186285684e+01 4.996666876590031734e+02 1.252769709868236347e+01
3.670000000000000000e+02 5.564352180297119332e+01 4.793982319251614399e+02 9.120276698763369438e+00
3.690000000000000000e+02 5.975177536107359799e+01 5.981489541839820276e+02 6.463795209083476934e+00
3.710000000000000000e+02 6.255728660127559237e+01 5.882335145963011200e+02 1.091618618356724291e+01
3.730000000000000000e+02 6.091993572569680993e+01 4.741866371897840509e+02 6.387284331968145601e+00
3.750000000000000000e+02 7.287067507055152760e+01 3.803233903717029989e+02 6.120899281479077025e+00
3.770000000000000000e+02 1.088943161115204248e+02 4.572269515409568612e+02 7.934548489663719728e+00
3.790000000000000000e+02 8.743702509206984530e+01 5.217377498131457969e+02 7.459201516342604421e+00
3.810000000000000000e+02 9.937284803779139963e+01 5.981259542925423602e+02 7.877841363020892551e+00
3.830000000000000000e+02 7.437878349835624192e+01 5.981237075867342128e+02 5.359325360800423432e+00
3.850000000000000000e+02 8.184028872047980485e+01 5.981250227647817610e+02 1.158765194941972787e+01
3.870000000000000000e+02 7.241819414596228910e+01 5.981088692136721647e+02 1.153459349406012890e+01
3.890000000000000000e+02 5.176775960948074840e+01 5.344146659305145022e+02 7.497775227235762507e+00
3.910000000000000000e+02 7.934333775351173301e+01 4.234959892207381245e+02 1.094434961083348412e+01
3.930000000000000000e+02 9.694818065651814720e+01 4.312279814032980312e+02 6.831139613602451810e+00
3.950000000000000000e+02 7.359246939830458700e+01 3.739454431519301352e+02 6.191571835669154922e+00
3.970000000000000000e+02 8.448950312341889912e+01 5.358663743609599805e+02 6.000554517834060242e+00
3.990000000000000000e+02 6.766233802777983897e+01 3.217103710285188072e+02 7.668681285146615068e+00
4.010000000000000000e+02 6.716092135060020496e+01 4.464429158110438038e+02 5.853320313851741119e+00
4.030000000000000000e+02 6.689615738879165008e+01 3.606874739888664863e+02 6.640702799952071800e+00
4.050000000000000000e+02 4.662702153725018661e+01 3.770426819038533495e+02 8.640434740103765776e+00
4.070000000000000000e+02 5.930701006029280364e+01 4.354039716692468573e+02 9.257802066143328901e+00
4.090000000000000000e+02 5.841212254295765405e+01 5.981223350327895787e+02 8.038840393024651476e+00
4.110000000000000000e+02 6.923816049689106933e+01 5.981298975588920257e+02 1.619446553989530813e+01
4.130000000000000000e+02 6.189724228085131585e+01 4.748898146397633582e+02 1.423114907033001408e+01
4.150000000000000000e+02 5.300887018273800066e+01 3.755224744521697176e+02 1.209204195088929801e+01
4.170000000000000000e+02 5.665220267149306466e+01 5.979597659837130550e+02 9.258802339759746758e+00
4.190000000000000000e+02 6.136289780443585329e+01 5.309620001613850491e+02 1.072738549723293389e+01
4.210000000000000000e+02 8.215927444491866538e+01 4.071247590277938002e+02 1.066433892618250212e+01
4.230000000000000000e+02 4.741830069289202498e+01 3.559009340558556005e+02 6.621187919900244800e+00
4.250000000000000000e+02 1.771896183840378569e+01 3.358311964211505369e+02 1.760682049760775314e+01
4.270000000000000000e+02 2.210101786403384594e+01 3.187493901766293902e+02 7.091108530867049353e+01
4.290000000000000000e+02 2.000992600800189081e+01 3.169001509235931735e+02 5.876410073650934152e+01
4.310000000000000000e+02 2.088701825534551304e+01 3.546471092632261843e+02 3.776082429114417494e+01
4.330000000000000000e+02 1.634312898658548718e+01 3.323967561099241266e+02 4.857473702065949084e+01
4.350000000000000000e+02 2.025239075347688100e+01 3.157164275102332454e+02 7.787781505684374395e+01
4.370000000000000000e+02 2.346794387646326996e+01 3.184113714098446621e+02 4.613692240568870773e+01
4.390000000000000000e+02 2.476897476087356509e+01 3.371860970951982495e+02 2.221878502028042135e+02
4.410000000000000000e+02 2.404806600192539534e+01 3.325159319501353252e+02 2.527585247354885496e+02
4.430000000000000000e+02 2.153613283154419378e+01 2.994362405659839510e+02 4.242667734146706238e+01
4.450000000000000000e+02 2.306361241895837466e+01 3.524331963698587629e+02 3.407426983728790759e+01
4.470000000000000000e+02 1.749219361687068997e+01 3.722980128356713294e+02 5.717663029506294947e+01
4.490000000000000000e+02 1.757555658654180064e+01 3.732771882918834194e+02 3.745574066017452708e+01
4.510000000000000000e+02 2.621865126067117302e+01 3.355226248862340412e+02 6.046990825865263730e+01
4.530000000000000000e+02 2.657076490232590871e+01 3.882736763028042333e+02 6.171825773766348533e+01
4.550000000000000000e+02 2.908270193008492299e+01 5.573450016379049430e+02 2.666886451039231432e+01
4.570000000000000000e+02 2.640577917366705307e+01 3.910159406049914992e+02 2.055340947714122990e+01
4.590000000000000000e+02 3.824915574342851698e+01 3.905316088618234858e+02 1.196841136358565194e+01
4.610000000000000000e+02 1.979189446617009196e+01 3.082962307253737322e+02 2.108572347146552417e+01
4.630000000000000000e+02 2.282280356901208762e+01 2.991481662646704649e+02 2.607951517956834309e+01
4.650000000000000000e+02 1.752943685376937211e+01 2.993757664760111652e+02 1.479227147400331077e+01
4.670000000000000000e+02 2.688256825812712592e+01 2.993616550521859949e+02 4.051978386667583010e+01
4.690000000000000000e+02 2.258859534846093453e+01 2.993735530925879402e+02 2.046770109819117422e+01
4.710000000000000000e+02 1.773487832529866992e+01 3.067044928984292369e+02 1.429857359496202918e+01
4.730000000000000000e+02 1.671806012295756005e+01 2.993723540565026155e+02 1.203671743092881741e+01
4.750000000000000000e+02 3.069559296276449345e+01 4.350276025380331362e+02 1.112282745449537380e+01
4.770000000000000000e+02 7.025626712028363841e+01 5.981237140590486661e+02 1.611452194068735366e+01
4.790000000000000000e+02 5.619679731107282095e+01 5.981230281212501723e+02 1.255525698999125161e+01
4.810000000000000000e+02 7.950652378020326694e+01 5.981268455810468367e+02 1.341990170002791594e+01
4.830000000000000000e+02 8.376035996856744248e+01 5.981258797582146371e+02 1.293654333715936389e+01
4.850000000000000000e+02 8.011903166802267151e+01 5.249277852045529471e+02 9.757958656256869645e+00
4.870000000000000000e+02 6.295104192840678792e+01 4.005232536634456437e+02 6.174947082964315825e+00
4.890000000000000000e+02 5.901789044939329898e+01 3.030017346236890035e+02 9.053187059279455440e+00
4.910000000000000000e+02 4.170125296518709490e+01 5.981328529966776841e+02 4.695613442709595908e+00
4.930000000000000000e+02 1.045379480111668187e+02 5.981267999022452386e+02 7.183956105156566352e+00
4.950000000000000000e+02 9.575650468409649818e+01 5.981243319749670491e+02 1.942417369261175608e+01
4.970000000000000000e+02 9.535594527939001352e+01 5.981220541016347170e+02 8.715118579589697489e+00
4.990000000000000000e+02 7.034051285835495548e+01 5.981250154591070896e+02 1.001239707193239958e+01
5.010000000000000000e+02 9.231409572099865102e+01 5.981258912218025898e+02 7.795315010432020131e+00
5.030000000000000000e+02 7.929532888862040352e+01 4.931545247095781406e+02 1.018981570091878019e+01
5.050000000000000000e+02 7.919021550378735697e+01 3.442663596847909275e+02 9.661683903767103843e+00
5.070000000000000000e+02 1.064694848426975682e+02 5.981417969227926505e+02 3.713936015816744263e+00
5.090000000000000000e+02 1.010389910898843056e+02 5.163327640393661113e+02 6.238392401160530731e+00
5.110000000000000000e+02 1.090763561678932092e+02 5.981076663808527201e+02 1.173382381548678666e+01
5.130000000000000000e+02 1.156135341916054387e+02 5.981190010627075253e+02 1.873666316327407699e+01
5.150000000000000000e+02 9.228765503231204548e+01 4.990706677995433438e+02 2.075642748832240869e+01
5.170000000000000000e+02 9.303328264194669828e+01 3.853783072094718136e+02 1.761609686274531938e+01
5.190000000000000000e+02 8.380296557631088206e+01 5.618355444830668830e+02 1.187236520306554510e+01
5.210000000000000000e+02 9.480415172314981476e+01 2.993734622757588113e+02 2.112174997841641044e+01
5.230000000000000000e+02 9.896088981547930530e+01 3.979232977738402610e+02 1.814085870830771086e+01
5.250000000000000000e+02 1.028016884671517204e+02 5.981246911039999077e+02 5.716020146288664172e+00
5.270000000000000000e+02 5.995652132799509815e+01 3.227402364118253217e+02 6.165335882402867007e+00
5.290000000000000000e+02 6.965050040538876885e+01 4.032571275776111861e+02 1.004317658868787966e+01
5.310000000000000000e+02 7.490281854179157506e+01 3.381403027484513473e+02 6.572631112384208940e+00
5.330000000000000000e+02 6.870117383663125565e+01 3.431218913699055406e+02 9.623394042963395734e+00
5.350000000000000000e+02 6.102559470431321387e+01 4.122159782285228289e+02 1.254659615442480280e+01
5.370000000000000000e+02 5.163578913751038613e+01 4.738885702411376997e+02 1.258628926640424162e+01
5.390000000000000000e+02 8.582582687914542419e+01 3.568015046782518880e+02 7.842832904507910818e+00
5.410000000000000000e+02 8.924633171875458970e+01 2.994058049220208204e+02 6.735598954575492847e+00
5.430000000000000000e+02 8.731607476365039133e+01 3.358404305667551171e+02 5.786218818686976739e+00
5.450000000000000000e+02 9.537733312080611370e+01 4.412195993170768133e+02 6.318218360698464764e+00
5.470000000000000000e+02 7.733363301805175638e+01 5.155161354164357590e+02 8.497426407452625341e+00
5.490000000000000000e+02 7.748246435563066825e+01 5.461456591070652848e+02 1.448907401676035178e+01
5.510000000000000000e+02 1.329379473995219598e+02 5.981538334165197739e+02 8.854659504586161134e+00
5.530000000000000000e+02 9.776171691770345262e+01 4.229125099919378385e+02 1.744335349523755596e+01
5.550000000000000000e+02 9.573493541454642752e+01 4.231418612089352678e+02 1.863188673663512063e+01
5.570000000000000000e+02 1.045375552349768782e+02 4.136619281718671459e+02 1.307954165778663125e+01
5.590000000000000000e+02 7.138457854723947094e+01 5.981280618698541502e+02 1.087715981194596360e+01
5.610000000000000000e+02 8.330052995222801826e+01 5.981269554252166927e+02 1.128890394216087500e+01
5.630000000000000000e+02 7.815252662280084905e+01 3.892043426437623452e+02 9.590480606204341285e+00
5.650000000000000000e+02 7.380032655150948528e+01 4.054319060318630932e+02 7.964753273420456026e+00
5.670000000000000000e+02 9.763536416982580590e+01 5.981245002839194740e+02 9.977827833393650536e+00
5.690000000000000000e+02 6.221488660082380306e+01 5.394292839474051107e+02 1.209579931172071987e+01
5.710000000000000000e+02 7.566593987331565074e+01 3.767196302849825429e+02 1.107444019210097963e+01
5.730000000000000000e+02 9.249734757587170009e+01 3.200619496187970299e+02 4.922669584361850426e+00
5.750000000000000000e+02 7.399574974715949338e+01 4.657293517859180838e+02 6.543973322471527965e+00
5.770000000000000000e+02 7.727474873224007013e+01 5.981272701484531353e+02 6.370519876574003426e+00
5.790000000000000000e+02 6.052772321943595557e+01 3.440544752600790730e+02 8.844243039693816755e+00
5.810000000000000000e+02 7.637505155369935039e+01 3.415984477692207975e+02 8.327265267798809489e+00
5.830000000000000000e+02 8.048536183470156402e+01 3.103056755266426308e+02 6.616673591034614610e+00
5.850000000000000000e+02 8.143079078289225947e+01 2.993716747050398794e+02 9.887496973758416630e+00
5.870000000000000000e+02 9.442313683024114823e+01 4.096671502901375561e+02 1.026422881225430039e+01
5.890000000000000000e+02 1.129811993426207835e+02 5.981382020919053275e+02 1.530857844407962531e+01
5.910000000000000000e+02 1.138767954452800666e+02 5.981234541652901271e+02 1.251932361076927158e+01
5.930000000000000000e+02 -1.233031257616773928e+02 5.981236329925105792e+02 7.118096462765270083e+00
5.950000000000000000e+02 4.612536166636738244e+01 5.981244267347735786e+02 8.215485756046733812e+00
5.970000000000000000e+02 6.359082147283681508e+01 5.149600523984980782e+02 1.084225387349554381e+01
5.990000000000000000e+02 6.133094615961380924e+01 4.287133370622862572e+02 9.233481539063912891e+00
6.010000000000000000e+02 8.606347071432801954e+01 3.900731381752149218e+02 1.070655810180326029e+01
6.030000000000000000e+02 8.933860821500357474e+01 5.981333199237642475e+02 2.659092514281145014e+01
6.050000000000000000e+02 6.880505395977402827e+01 5.980951868156884075e+02 1.635650740852428342e+01
6.070000000000000000e+02 6.324930603978643262e+01 5.477612624809672752e+02 1.598166504949653799e+01
6.090000000000000000e+02 7.538797600718618241e+01 3.987002125818600575e+02 5.947302681566332794e+00
6.110000000000000000e+02 1.009687891582808845e+02 2.993422029540961944e+02 7.326309669749212716e+00
6.130000000000000000e+02 9.811893228200524675e+01 4.073300483266568790e+02 1.253817876030223211e+01
6.150000000000000000e+02 1.073319568363057641e+02 5.110371967928139156e+02 1.717787903191998566e+01
6.170000000000000000e+02 1.089251238255140350e+02 5.980939922947519563e+02 7.976760528214328794e+00
6.190000000000000000e+02 1.009251730901238346e+02 5.981214926202952711e+02 5.536695919310936631e+00
6.210000000000000000e+02 3.855737469311352328e+01 5.053085672837397055e+02 6.778020318995472415e+00
6.230000000000000000e+02 6.436904623337454723e+01 5.794908116863780378e+02 9.334410468306955977e+00
6.250000000000000000e+02 7.334658619206254571e+01 5.607709783921574171e+02 9.167959729669984625e+00
6.270000000000000000e+02 9.188688097993332349e+01 5.181480554172702568e+02 1.315207303141062489e+01
6.290000000000000000e+02 1.127329437610271583e+02 4.934931698194224623e+02 2.397711774753727454e+01
6.310000000000000000e+02 1.075692193686787306e+02 4.435017690754378350e+02 1.443326083257716164e+01
6.330000000000000000e+02 1.153816365984878729e+02 4.330944970981501569e+02 1.559385977518715016e+01
6.350000000000000000e+02 1.458288919413157316e+02 5.981217902091817678e+02 4.711098372745609275e+00
6.370000000000000000e+02 3.302402261928749994e+01 5.981255307672494155e+02 4.370254201741905931e+00
6.390000000000000000e+02 5.838158549811617348e+01 3.802282005111351850e+02 1.067270772190888373e+01
6.410000000000000000e+02 5.576409974610619713e+01 3.693876444165716748e+02 1.058461925907931089e+01
6.430000000000000000e+02 8.167590619537156726e+01 3.758640530503976152e+02 6.848828415008211046e+00
6.450000000000000000e+02 6.079324204229857287e+01 5.021554739244644452e+02 7.896936011913269660e+00
6.470000000000000000e+02 7.948147001007680501e+01 5.981272782888564734e+02 1.243228806654034457e+01
6.490000000000000000e+02 9.082978341862497018e+01 3.971232729916858375e+02 1.551043577008944041e+01
6.510000000000000000e+02 9.234288658381436221e+01 3.488634130736575685e+02 1.888039657232936719e+01
6.530000000000000000e+02 8.400272996875865772e+01 3.893148221809714755e+02 1.258791928843602115e+01
6.550000000000000000e+02 6.275091036282119461e+01 4.719998437647689116e+02 1.655804322879706802e+01
6.570000000000000000e+02 6.377677475604857449e+01 4.615200887056727765e+02 1.050230269356592494e+01
6.590000000000000000e+02 7.839729295767671147e+01 4.172384841668750255e+02 8.774713832427739391e+00
6.610000000000000000e+02 1.197612647009550386e+02 3.354736720834497419e+02 7.354165719309365024e+00
6.630000000000000000e+02 9.001313475700744959e+01 5.981249828758257081e+02 6.168479379010435970e+00
6.650000000000000000e+02 9.423734994778354235e+01 5.981250503184016907e+02 6.478796166610585772e+00
6.670000000000000000e+02 -3.865157788733403521e+01 5.981160765758543221e+02 3.470414067601465646e+00
6.690000000000000000e+02 -4.969354853661966587e+01 3.295226509491420757e+02 2.324245643882020929e+00
6.710000000000000000e+02 6.416684512904993198e+01 5.981244158705251266e+02 3.850411426287903449e+00
6.730000000000000000e+02 7.978511830967973140e+01 5.702085375257061060e+02 4.865087965411711401e+00
6.750000000000000000e+02 7.293695284674950585e+01 3.775959499265571822e+02 4.538591446336965873e+00
6.770000000000000000e+02 1.026373623162743201e+02 5.981282228222218009e+02 7.723492562938795380e+00
6.790000000000000000e+02 1.123634570093167468e+02 4.288963074564467206e+02 8.836267675211727735e+00
6.810000000000000000e+02 9.237200031654887766e+01 4.300719589809961008e+02 7.109865220719610690e+00
6.830000000000000000e+02 7.297325927106932397e+01 4.456931953340039740e+02 5.071472339047785383e+00
6.850000000000000000e+02 8.300713190209327763e+01 5.314984735896647408e+02 6.071406517668019198e+00
6.870000000000000000e+02 8.339905403749304469e+01 4.013260655505364980e+02 6.903057627014084652e+00
6.890000000000000000e+02 7.922700713159896679e+01 3.150116000175319186e+02 5.200974052596738062e+00
6.910000000000000000e+02 6.773244385725115535e+01 3.813581356179360569e+02 5.340795997012566687e+00
6.930000000000000000e+02 6.866896421125174754e+01 4.406117369440091807e+02 3.942668803677684686e+00
6.950000000000000000e+02 1.122570309241435922e+02 4.867736020749131853e+02 4.231628791269275602e+00
6.970000000000000000e+02 1.379707781615353497e+02 5.275388697696189411e+02 3.801484186953276279e+00
6.990000000000000000e+02 8.293592981921695184e+01 4.222468584501796158e+02 1.103719476615115980e+01
7.010000000000000000e+02 8.746388364732145249e+01 3.781293357920450262e+02 1.235388102283235590e+01
7.030000000000000000e+02 8.412529225348178841e+01 4.689003017713171175e+02 7.598459066813308738e+00
7.050000000000000000e+02 6.954850311975023658e+01 5.754781424487180175e+02 1.100127598860796851e+01
7.070000000000000000e+02 7.464561155491256272e+01 5.715775102548626592e+02 1.324710549500399992e+01
7.090000000000000000e+02 6.591061994062587814e+01 3.373926362757895845e+02 6.895069600011085598e+00
7.110000000000000000e+02 1.665230209894230384e+01 5.981227319609400865e+02 1.136975964414071072e+01
7.130000000000000000e+02 3.098655104747910372e+01 5.981285745766435866e+02 1.016337876498281112e+01
7.150000000000000000e+02 7.313825013326450630e+01 5.981288961631312304e+02 9.128262482738417560e+00
7.170000000000000000e+02 8.835175765699916894e+01 5.054433120053495827e+02 6.976126372043855106e+00
7.190000000000000000e+02 7.868913977148808669e+01 4.054635110342990174e+02 7.908247519688468508e+00
7.210000000000000000e+02 6.688940645959311837e+01 4.863504174580155563e+02 6.463644108058148596e+00
7.230000000000000000e+02 6.119223763998863319e+01 4.545602910388855662e+02 4.991619335193319351e+00
7.250000000000000000e+02 5.531588362638461831e+01 5.386873047877579666e+02 5.238903633635272783e+00
7.270000000000000000e+02 5.760584579913607683e+01 5.717909347689663946e+02 8.064460638362598743e+00
7.290000000000000000e+02 5.683368799580740216e+01 2.993699174485547587e+02 7.296510922622030826e+00
7.310000000000000000e+02 7.371476021432164316e+01 2.993743745361696824e+02 7.451232204549497418e+00
7.330000000000000000e+02 9.295741366504725534e+01 3.351844683280929189e+02 8.131176844320121333e+00
7.350000000000000000e+02 9.501613390723339592e+01 5.604771510224793474e+02 9.939058876527951725e+00
7.370000000000000000e+02 1.249061605838732447e+02 2.992579482827188713e+02 9.114234381746745939e+00
7.390000000000000000e+02 1.082259662742241488e+02 5.102648754914915799e+02 1.145521754428293271e+01
7.410000000000000000e+02 7.557869323385060056e+01 5.981256404434631122e+02 7.619607522208603712e+00
7.430000000000000000e+02 7.194725807414148733e+01 5.346250960588620273e+02 7.394873916791143920e+00
7.450000000000000000e+02 8.799121313381800746e+01 4.449744543755745099e+02 1.122217263139899757e+01
7.470000000000000000e+02 7.413562289253079030e+01 4.666751116328187550e+02 1.798992845524297124e+01
7.490000000000000000e+02 6.755980181398567197e+01 4.337215523417306713e+02 1.472435333585055162e+01
7.510000000000000000e+02 5.970876577740126123e+01 3.804158620214051894e+02 8.513026522549621333e+00
7.530000000000000000e+02 4.842137667302812076e+01 3.922924018717388890e+02 6.700519382954751357e+00
7.550000000000000000e+02 7.751944330260060667e+01 5.111123294791666467e+02 7.631923766359531847e+00
7.570000000000000000e+02 1.102785163130085948e+02 5.981255643617416808e+02 7.892458852027098182e+00
7.590000000000000000e+02 8.427649712790780256e+01 5.981254392216567339e+02 6.105358403489204555e+00
7.610000000000000000e+02 8.320034544425365652e+01 3.290983234198429273e+02 9.733580671179266730e+00
7.630000000000000000e+02 7.555725988205904287e+01 3.491600801899051021e+02 7.468820136730009551e+00
7.650000000000000000e+02 7.920889603050531491e+01 4.623772348801791168e+02 6.477902717877119798e+00
7.670000000000000000e+02 7.810228299893684323e+01 3.774724175745468528e+02 7.359207733334342194e+00
7.690000000000000000e+02 1.012090386849147023e+02 4.677073740833836837e+02 1.573591759462188122e+01
7.710000000000000000e+02 1.036704590989145629e+02 5.156555102511823634e+02 8.979028944945413926e+00
7.730000000000000000e+02 8.431851335163189276e+01 5.981236935338753256e+02 1.335685573798102332e+01
7.750000000000000000e+02 9.843267247003207387e+01 5.981296936795708916e+02 8.913706620148037274e+00
7.770000000000000000e+02 1.175895679876132647e+02 5.610234678093470393e+02 7.849494521878886744e+00
7.790000000000000000e+02 1.039876731291852110e+02 5.163872681047550941e+02 9.867206432066554456e+00
7.810000000000000000e+02 9.155674250020268801e+01 5.981374893843986911e+02 1.219261011674944228e+01
7.830000000000000000e+02 4.628289782448633360e+01 5.981271266674933713e+02 7.125624032273349506e+00
7.850000000000000000e+02 5.809564050184807371e+01 4.559594121809086573e+02 9.113970731442043061e+00
7.870000000000000000e+02 5.401493785943725356e+01 5.701508733247110285e+02 1.682320703465600431e+01
7.890000000000000000e+02 1.006048109726851578e+02 5.981236078638576146e+02 1.177020895349784269e+01
7.910000000000000000e+02 1.051417317202031114e+02 5.981232423379457259e+02 9.195635067174936950e+00
7.930000000000000000e+02 7.207354800811930318e+01 5.981239774230359671e+02 7.070095584142438661e+00
7.950000000000000000e+02 8.668205529313291891e+01 5.981247273064319643e+02 9.015527193808139828e+00
7.970000000000000000e+02 1.183361668979082708e+02 5.981257219279651736e+02 8.166957786122559071e+00
7.990000000000000000e+02 1.409494106871694612e+02 3.333554972620154331e+02 3.326205988088966503e+00
8.010000000000000000e+02 8.204773700821652938e+01 2.993753222937186251e+02 4.626171084030380243e+00
8.030000000000000000e+02 9.798026795695349733e+01 5.407929371514812829e+02 5.442324106259841976e+00
8.050000000000000000e+02 9.061018121128812197e+01 5.981242835359799983e+02 7.112977418220762793e+00
8.070000000000000000e+02 6.258185377993713416e+01 5.981182686871883334e+02 5.640254620122279405e+00
8.090000000000000000e+02 7.397295806710789634e+01 4.157419924895881422e+02 8.564077517543596585e+00
8.110000000000000000e+02 8.172045160233184902e+01 5.342048139411881493e+02 1.444530659243043580e+01
8.130000000000000000e+02 8.836985170823921010e+01 3.641905067273123109e+02 5.749015481175629105e+00
8.150000000000000000e+02 9.365258266522442909e+01 3.826915772155007858e+02 1.392517335295980274e+01
8.170000000000000000e+02 1.051819398223588138e+02 5.069089756655856149e+02 1.841317741340931846e+01
8.190000000000000000e+02 1.009800379841938422e+02 4.952042405957486153e+02 1.884863988075520425e+01
8.210000000000000000e+02 1.324831657640998515e+02 3.585632411069469754e+02 1.441002065509985464e+01
8.230000000000000000e+02 1.394672894493812123e+02 5.262358668001786555e+02 6.311299194950591662e+00
8.250000000000000000e+02 1.032830134563339044e+02 5.269342257155933567e+02 7.461870392347203840e+00
8.270000000000000000e+02 9.351521113067383340e+01 4.816636567035455414e+02 8.936805487354630984e+00
8.290000000000000000e+02 9.570459681607479752e+01 5.981243341343981683e+02 7.870625430309255322e+00
8.310000000000000000e+02 8.033526534870568980e+01 5.981248278321596672e+02 9.429816921360886894e+00
8.330000000000000000e+02 9.917715125154059308e+01 3.398775731659267194e+02 1.001967509603072592e+01
8.350000000000000000e+02 9.702032746141924235e+01 3.268836201944679942e+02 1.056858097667455176e+01
8.370000000000000000e+02 1.042227806682298734e+02 5.782703266497908317e+02 7.546973169896801892e+00
8.390000000000000000e+02 1.211950658249087667e+02 4.592642976484219162e+02 6.235197091195084695e+00
8.410000000000000000e+02 1.058649241902212736e+02 4.045911913913049034e+02 1.587271820321496918e+01
8.430000000000000000e+02 9.826855629901034206e+01 4.088796198876261769e+02 1.240115269595225911e+01
8.450000000000000000e+02 8.212242142575347259e+01 3.211474415600031307e+02 1.050958340557461845e+01
8.470000000000000000e+02 7.368355192319596370e+01 3.430172559402183765e+02 1.010687970791503609e+01
8.490000000000000000e+02 6.583410702631485378e+01 3.253406715473248028e+02 1.671039659533593991e+01
8.510000000000000000e+02 5.806220246380103589e+01 3.614929830277927181e+02 8.906340203837581626e+00
8.530000000000000000e+02 7.822084932522832901e+01 5.981083985550476427e+02 7.192174667080845296e+00
8.550000000000000000e+02 7.480244056868369285e+01 4.508037512813463650e+02 9.501795082379679513e+00
8.570000000000000000e+02 9.349360186952186780e+01 2.993497786414183679e+02 6.593395285696663777e+00
8.590000000000000000e+02 9.110104204410275486e+01 3.118066236580705777e+02 6.746113292231265213e+00
8.610000000000000000e+02 8.355787601993218061e+01 3.154236016970200467e+02 4.953113403668685244e+00
8.630000000000000000e+02 8.342123917854002002e+01 3.725918748003419978e+02 6.042150283544182265e+00
8.650000000000000000e+02 7.816761159136204640e+01 3.464803628104648396e+02 8.259078854203538711e+00
8.670000000000000000e+02 7.012891749465690339e+01 3.789859118972242413e+02 5.383531188602993289e+00
8.690000000000000000e+02 6.989859378469006401e+01 4.603646971924042077e+02 6.347665063187608148e+00
8.710000000000000000e+02 8.058440070429996638e+01 3.678557815671566686e+02 6.195070027400525703e+00
8.730000000000000000e+02 7.152327171281514495e+01 3.369883697246891074e+02 7.859118477335393926e+00
8.750000000000000000e+02 6.929424449592248436e+01 4.619521261249423674e+02 5.789455859961532447e+00
8.770000000000000000e+02 5.041669535241160816e+01 5.981053461306958070e+02 5.543470604797025025e+00
8.790000000000000000e+02 7.281857631661709718e+01 4.483346275640433305e+02 7.031093337780324859e+00
8.810000000000000000e+02 9.247502408055623846e+01 4.963817838335594388e+02 1.133393659243780682e+01
8.830000000000000000e+02 1.039022942814789445e+02 4.666210337208145802e+02 9.286603693295880646e+00
8.850000000000000000e+02 1.169502687782390495e+02 5.981236879919737248e+02 7.857626221845813497e+00
8.870000000000000000e+02 1.054059585202078466e+02 5.981252408005868801e+02 5.294251014024934143e+00
8.890000000000000000e+02 9.153593420938464931e+01 5.981242348877404993e+02 8.377321090624171518e+00
8.910000000000000000e+02 7.892618274405512580e+01 4.662417888676217217e+02 2.523010965251652848e+01
8.930000000000000000e+02 8.238308161873263202e+01 3.969593295211939221e+02 1.788391214398301798e+01
