# InfraPy Beamforming (fk) Results
# 
# Data summary:
#     CC.PR04.01.BDF	2023-05-08T13:05:30.940000Z - 2023-05-08T13:20:30.920000Z
#     CC.PR04.02.BDF	2023-05-08T13:05:30.940000Z - 2023-05-08T13:20:30.920000Z
#     CC.PR04.03.BDF	2023-05-08T13:05:30.940000Z - 2023-05-08T13:20:30.920000Z
# 
#   channel_cnt: 3
#   t0: 2023-05-08T13:05:30.940000Z
#   latitude: 46.93003
#   longitude: -121.988387
# 
# Algorithm parameters:
#   freq_min: 0.1
#   freq_max: 10.0
#   back_az_min: -180.0
#   back_az_max: 180.0
#   back_az_step: 2.0
#   trace_vel_min: 300.0
#   trace_vel_max: 600.0
#   trace_vel_step: 2.5
#   method: bartlett
#   signal_start: None
#   signal_end: None
#   window_len: 10.0
#   sub_window_len: None
#   window_step: 2.0
# 
# Time (rel t0) [s]      Back Az [deg]	           Tr. Velocity [m/s]       F-stat
5.000000000000000000e+00 3.101564964014026060e+01 2.993565982221850277e+02 1.575758314402228466e+00
7.000000000000000000e+00 3.700166413452845404e+01 2.993133917197961296e+02 1.508207031244199747e+00
9.000000000000000000e+00 1.054538633720286924e+02 2.994136678164640557e+02 1.613470492535035605e+00
1.100000000000000000e+01 1.022452784940016812e+02 2.993209320323338147e+02 1.653055663733128400e+00
1.300000000000000000e+01 2.008038244693648267e+01 4.666727119478742907e+02 1.611498497193746715e+00
1.500000000000000000e+01 1.434605297063177716e+02 5.054786307722973788e+02 1.800507165263066423e+00
1.700000000000000000e+01 1.451331018223916374e+02 5.285025022562587083e+02 1.972946654410486333e+00
1.900000000000000000e+01 1.400008658153151373e+02 5.981250306607038283e+02 1.874474121344410271e+00
2.100000000000000000e+01 1.163341987720665145e+02 5.805937612315356091e+02 1.843041982075653396e+00
2.300000000000000000e+01 8.246277061864596192e+01 4.619320664211232383e+02 1.986717112189633871e+00
2.500000000000000000e+01 7.623093285190982726e+01 5.981093269732754152e+02 2.047477980197144110e+00
2.700000000000000000e+01 2.492483101560475234e+01 2.993362126331329023e+02 1.888212031795292845e+00
2.900000000000000000e+01 2.921888137727434298e+01 3.067730943413512250e+02 1.736710857076500858e+00
3.100000000000000000e+01 7.962644141095755401e+01 2.994012685390575257e+02 1.599699531865120816e+00
3.300000000000000000e+01 8.946956214575193655e+01 2.403998351870833972e+02 1.491632054792891848e+00
3.500000000000000000e+01 6.559001074064885017e+01 5.176915270766314734e+02 1.621856990952667443e+00
3.700000000000000000e+01 -1.609936806614218483e+02 3.482001157827481848e+02 1.758545806704950865e+00
3.900000000000000000e+01 -1.460109669869506774e+02 3.284589122849882870e+02 1.442370978294499118e+00
4.100000000000000000e+01 1.040620719076190710e+02 5.980428485761904085e+02 1.643849265193242593e+00
4.300000000000000000e+01 9.665959414094149338e+01 5.979096020093455763e+02 1.793561709155805373e+00
4.500000000000000000e+01 1.071645792690860759e+02 4.903354682084278124e+02 1.495245578250987251e+00
4.700000000000000000e+01 6.513812809009885996e+01 4.302510356284449244e+02 1.780112707190092625e+00
4.900000000000000000e+01 8.443185260108133150e+01 3.894310216894394898e+02 1.860775087662304150e+00
5.100000000000000000e+01 1.004141786078281768e+02 2.985281988195109761e+02 1.897396441516428389e+00
5.300000000000000000e+01 7.239104376880526104e+01 5.272320827348480634e+02 1.598022249976186915e+00
5.500000000000000000e+01 5.213061273690102837e+01 4.485693095359692393e+02 1.579147156997040558e+00
5.700000000000000000e+01 8.413054328598724396e+01 3.423690636256056905e+02 1.471816126803993985e+00
5.900000000000000000e+01 -1.831668231568010441e+01 5.979641244880284603e+02 1.742181051063198982e+00
6.100000000000000000e+01 -1.836814777829061640e+01 5.895793544945890972e+02 1.570557938129286013e+00
6.300000000000000000e+01 -2.143256120006390120e+01 2.995158685307552560e+02 1.521865663666548185e+00
6.500000000000000000e+01 1.039154469787042814e+02 4.006102063598622181e+02 1.793439760118997084e+00
6.700000000000000000e+01 -1.642306822880073867e+02 3.496027047365396356e+02 1.639420412059464871e+00
6.900000000000000000e+01 9.030216006344561208e+01 3.413165612024328084e+02 1.680067805848193485e+00
7.100000000000000000e+01 8.492271886343729648e+01 3.741802891472404440e+02 1.749604803679188247e+00
7.300000000000000000e+01 -1.657140147096878593e+02 2.994811930251327681e+02 1.735477955107878056e+00
7.500000000000000000e+01 1.044341033861838071e+02 2.978416380793204894e+02 2.068011837431805500e+00
7.700000000000000000e+01 8.882531395807680497e+01 3.393960772620338275e+02 1.846462858600184553e+00
7.900000000000000000e+01 7.301862909027965998e+01 5.164282110952410676e+02 1.938734998342823701e+00
8.100000000000000000e+01 -1.619906653524169826e+02 3.355575505248671675e+02 1.686059138051150263e+00
8.300000000000000000e+01 -1.619813255918433867e+02 4.612182155727035138e+02 1.715517619405831917e+00
8.500000000000000000e+01 8.483251838799480993e+01 2.993546813041986070e+02 1.680116952157049592e+00
8.700000000000000000e+01 6.458478878076479646e+01 2.993704001373238270e+02 1.634535622388029630e+00
8.900000000000000000e+01 1.286249595954445226e+02 2.991854485748458501e+02 1.659116501733958859e+00
9.100000000000000000e+01 1.122003101708789643e+02 3.685671622403424408e+02 1.830695332160488409e+00
9.300000000000000000e+01 9.151376708125391701e+01 4.473287234908435721e+02 1.788073520988168408e+00
9.500000000000000000e+01 7.414486320807417030e+01 5.072862515381744402e+02 1.663856550679627899e+00
9.700000000000000000e+01 -7.536041054133494299e+01 3.957306578972371085e+02 1.822428973541698083e+00
9.900000000000000000e+01 1.169008130866756687e+02 5.980295697484058337e+02 1.877542000240453701e+00
1.010000000000000000e+02 9.589144664857593625e+01 3.720981400372449457e+02 1.941464578649070294e+00
1.030000000000000000e+02 9.078851839900276843e+01 3.786840684309535163e+02 1.728488393792162237e+00
1.050000000000000000e+02 1.121349578765777721e+01 4.789522725896850943e+02 1.777289840337419324e+00
1.070000000000000000e+02 1.422234824405877021e+02 2.993753669950675658e+02 1.639005387927406243e+00
1.090000000000000000e+02 8.928471559712218664e+01 4.421797741810075877e+02 1.624200727743381645e+00
1.110000000000000000e+02 -6.474565139815652515e+01 3.875981716172517508e+02 1.669471271311371519e+00
1.130000000000000000e+02 -8.650208360060155144e+01 5.408315685363654666e+02 1.625683579180893901e+00
1.150000000000000000e+02 -1.418056066531866293e+02 4.341895311440658247e+02 1.596797338927034460e+00
1.170000000000000000e+02 -1.294476261503505157e+02 4.981251559700659755e+02 1.837174027663902809e+00
1.190000000000000000e+02 1.826179858492871588e+01 4.758953742782599647e+02 1.808833221496059407e+00
1.210000000000000000e+02 4.841511783530980040e+01 5.167118600049813040e+02 1.809671172325051147e+00
1.230000000000000000e+02 1.469308436471638970e+02 2.993689269853792894e+02 2.136336362048450788e+00
1.250000000000000000e+02 5.327110745076825538e+01 5.978587264378310238e+02 1.809423513396835492e+00
1.270000000000000000e+02 5.662861058551452231e+01 5.623860617886515456e+02 1.678824576804746727e+00
1.290000000000000000e+02 7.674521027099407888e+01 4.972077368905962658e+02 1.688234228195924391e+00
1.310000000000000000e+02 8.697379315010348932e+01 4.536134713860279817e+02 1.669496265327405693e+00
1.330000000000000000e+02 -8.674949855399540866e+01 4.208887778858475599e+02 2.063095974037551628e+00
1.350000000000000000e+02 1.042568431853432287e+02 3.737754916005959558e+02 1.896500971211081632e+00
1.370000000000000000e+02 -7.363952831104913344e+01 2.993568552352243728e+02 1.676860867031531699e+00
1.390000000000000000e+02 8.367438007822380541e+01 3.729694508552241246e+02 1.801972846016807184e+00
1.410000000000000000e+02 8.970391720861341867e+01 3.762755421022764608e+02 1.657467118901704062e+00
1.430000000000000000e+02 1.235761547944646850e+02 3.396241569233410473e+02 1.929673684450116999e+00
1.450000000000000000e+02 9.073410472845921504e+01 3.536548396340453451e+02 1.947858650263310176e+00
1.470000000000000000e+02 1.013709930390190408e+02 2.994866814562528248e+02 2.054565199885780125e+00
1.490000000000000000e+02 1.012899207173861384e+02 2.995355004049764034e+02 2.014971319113202153e+00
1.510000000000000000e+02 -7.215505253219501469e+01 3.555910467936815280e+02 1.724491626510029407e+00
1.530000000000000000e+02 -6.401604159816373851e+01 3.252123383903805802e+02 1.796022707136202046e+00
1.550000000000000000e+02 1.001294934305138327e+02 2.993155812464139558e+02 1.940897325911070670e+00
1.570000000000000000e+02 1.007151081898418141e+02 2.993239976171128092e+02 1.747215304881831077e+00
1.590000000000000000e+02 1.075950751005031663e+02 2.994307221566274961e+02 1.864592554946813419e+00
1.610000000000000000e+02 1.120632649388189890e+02 2.993425299295594755e+02 2.045625796828863585e+00
1.630000000000000000e+02 1.169366803143206113e+02 2.992213155251803869e+02 2.021204819173496592e+00
1.650000000000000000e+02 1.154019204349932153e+02 3.061770835388648493e+02 1.919593213320733849e+00
1.670000000000000000e+02 9.519671946745381774e+01 4.203924404397700982e+02 1.951520751153591915e+00
1.690000000000000000e+02 8.523502026389903108e+01 5.984529269419051616e+02 2.031433932541923060e+00
1.710000000000000000e+02 1.089612019728432699e+02 3.563300852472706879e+02 1.909346613813060589e+00
1.730000000000000000e+02 1.056523195161116178e+02 3.361491430646299250e+02 2.110784410817552637e+00
1.750000000000000000e+02 1.059437268592920987e+02 3.026863666703345643e+02 2.105514612525194007e+00
1.770000000000000000e+02 1.058001636253169693e+02 3.269032901761061112e+02 1.984349263308940792e+00
1.790000000000000000e+02 1.074561309847099579e+02 3.213028791709385814e+02 2.209089276889149467e+00
1.810000000000000000e+02 1.085539975573352507e+02 2.993434822636426702e+02 2.017329244829088708e+00
1.830000000000000000e+02 1.066553176689073439e+02 3.433071418851815224e+02 2.171990011543540877e+00
1.850000000000000000e+02 1.083268454121226370e+02 3.240508741377678348e+02 2.585839944394512813e+00
1.870000000000000000e+02 1.097939303012676220e+02 3.506345133913076211e+02 2.301804456712064795e+00
1.890000000000000000e+02 1.055590518082074567e+02 3.680491418828950714e+02 2.266334530912329726e+00
1.910000000000000000e+02 1.022598142051583494e+02 2.992950448685191418e+02 2.327962031028593337e+00
1.930000000000000000e+02 1.024828813425965848e+02 2.992925515397878939e+02 2.119019367265242426e+00
1.950000000000000000e+02 1.029000365903160343e+02 4.273144989071845430e+02 1.836598970610144654e+00
1.970000000000000000e+02 1.076180552438122788e+02 3.597370614817347132e+02 2.506244726472725226e+00
1.990000000000000000e+02 1.094891430599540314e+02 3.634360915980831237e+02 2.890274818978497251e+00
2.010000000000000000e+02 1.014317121779494215e+02 4.403802461855715364e+02 2.104665831620473604e+00
2.030000000000000000e+02 1.110635345078928253e+02 5.027818725083449181e+02 1.817355633870826992e+00
2.050000000000000000e+02 -8.126291932385315420e+01 5.978944411755962847e+02 1.784256372893683107e+00
2.070000000000000000e+02 1.052315456650883334e+02 4.361388060701319773e+02 2.352534948779337665e+00
2.090000000000000000e+02 8.395561613634846765e+01 5.726812794067650429e+02 2.222145857130820801e+00
2.110000000000000000e+02 1.078862970544174829e+02 2.996802348108509477e+02 2.147322512022130425e+00
2.130000000000000000e+02 1.118858565452849945e+02 2.994012714896119292e+02 2.424503606389659005e+00
2.150000000000000000e+02 1.252821741531291480e+02 3.101748734014946081e+02 2.183734465587044760e+00
2.170000000000000000e+02 1.181112307528303802e+02 5.077981762659562150e+02 1.873050649827931124e+00
2.190000000000000000e+02 1.132968519764365425e+02 5.986840351236311335e+02 1.925076001684798310e+00
2.210000000000000000e+02 -7.941005526840140760e+01 5.858619599095360400e+02 1.681735915815603111e+00
2.230000000000000000e+02 1.538382071718023951e+02 3.104215024128946538e+02 1.697017908965199107e+00
2.250000000000000000e+02 9.557546814139081448e+01 5.981335519861943339e+02 2.003666708374909344e+00
2.270000000000000000e+02 9.316745724804385986e+01 5.982075284386475005e+02 2.007523154023584944e+00
2.290000000000000000e+02 1.172547073827885953e+02 2.993850604036570644e+02 1.534995699531993774e+00
2.310000000000000000e+02 8.174658996307796599e+01 2.994111368537125486e+02 1.917798166171032159e+00
2.330000000000000000e+02 1.145593234500087476e+02 2.993473983427804228e+02 1.828358868830478157e+00
2.350000000000000000e+02 1.466734592127500605e+02 3.963310000199524552e+02 1.745795886937930863e+00
2.370000000000000000e+02 4.275419987950076717e+01 5.981424273880792271e+02 1.626336750247588725e+00
2.390000000000000000e+02 1.860420703801072717e+00 5.981212889942863740e+02 1.740485637109910222e+00
2.410000000000000000e+02 1.896563451585046778e+01 4.987809944606328827e+02 1.588558105832456047e+00
2.430000000000000000e+02 9.464363788097705310e+01 2.993491404858796159e+02 1.574773530194453208e+00
2.450000000000000000e+02 9.743759702056557614e+01 3.290695884234482378e+02 1.974006951171418445e+00
2.470000000000000000e+02 -5.407394331867483572e+01 5.981306668867013059e+02 2.360184169634008455e+00
2.490000000000000000e+02 -5.028249595951999140e+01 4.581671124372404051e+02 3.984933395748528451e+00
2.510000000000000000e+02 -5.092726129479577679e+01 4.788571629175999647e+02 6.748114388194970559e+00
2.530000000000000000e+02 -4.963938818374555950e+01 5.031982108341804860e+02 7.385719754579808338e+00
2.550000000000000000e+02 -4.776847324268870665e+01 5.499817353629028958e+02 4.897644866386138496e+00
2.570000000000000000e+02 -4.728824180018730772e+01 5.980994541547674999e+02 2.266522111720613797e+00
2.590000000000000000e+02 -4.518940419057971525e+01 5.981182421913939606e+02 4.128467850524131677e+00
2.610000000000000000e+02 -4.619375128687716625e+01 5.981270277933564330e+02 5.237442782211012116e+00
2.630000000000000000e+02 -4.809539413974833622e+01 5.981264097152826480e+02 5.808830082594378830e+00
2.650000000000000000e+02 -4.603996317728342547e+01 5.981253890966657991e+02 5.546294148773744048e+00
2.670000000000000000e+02 -4.396906164476870771e+01 5.981247654327395367e+02 4.051457744081208290e+00
2.690000000000000000e+02 -4.079595631049443227e+01 5.981291318359466231e+02 3.902922035411092505e+00
2.710000000000000000e+02 -3.834173104454713155e+01 5.981247926201758673e+02 3.058259931747064009e+00
2.730000000000000000e+02 1.339393886751074092e+02 5.981255315427259802e+02 2.285428608440825737e+00
2.750000000000000000e+02 1.308129359513403074e+02 5.981119212504268035e+02 3.640170118069849359e+00
2.770000000000000000e+02 1.334580594777007434e+02 5.981326304355077355e+02 4.213970061560563529e+00
2.790000000000000000e+02 1.342562648662291167e+02 5.981208274024279490e+02 3.209651284777188973e+00
2.810000000000000000e+02 1.285859022240912282e+02 5.981086487274226329e+02 2.909145260450837878e+00
2.830000000000000000e+02 1.234593162816476735e+02 5.982680799102586207e+02 3.425860878224512795e+00
2.850000000000000000e+02 1.253970915892962523e+02 5.986169126530555786e+02 2.775942261607760031e+00
2.870000000000000000e+02 1.330743275840110869e+02 4.743321621763307121e+02 3.072112089407778246e+00
2.890000000000000000e+02 1.327545986603658434e+02 4.800813042191078353e+02 3.054208238787291751e+00
2.910000000000000000e+02 1.235721168495006594e+02 4.458947489783468541e+02 2.376763655027485989e+00
2.930000000000000000e+02 1.261900925974020282e+02 4.108941505182422702e+02 2.148012720429417044e+00
2.950000000000000000e+02 1.044300982879703099e+02 2.992968682047759899e+02 1.627936173884584115e+00
2.970000000000000000e+02 1.060684779883142426e+02 2.993198911451697199e+02 1.527181492263335105e+00
2.990000000000000000e+02 1.187870824209085328e+02 5.980601767578825729e+02 1.874655425353844551e+00
3.010000000000000000e+02 1.220570074744130551e+02 5.981201930244773166e+02 1.921146624680115211e+00
3.030000000000000000e+02 9.655921773440820743e+01 3.175299491502288447e+02 1.670338939469057093e+00
3.050000000000000000e+02 1.088240974293397301e+02 3.183875187806977465e+02 1.866531610814284869e+00
3.070000000000000000e+02 -1.686948516250223804e+02 2.990361036475374590e+02 1.748955387372183701e+00
3.090000000000000000e+02 8.089260141731014642e+01 2.990533095244060178e+02 1.903343928064080481e+00
3.110000000000000000e+02 8.371078820183761593e+01 3.120294285803286698e+02 1.636541860667124704e+00
3.130000000000000000e+02 1.255856067179356756e+02 4.092264503198349530e+02 1.715695471988976761e+00
3.150000000000000000e+02 1.319125080235355369e+02 3.853950588292991029e+02 1.612097732601497357e+00
3.170000000000000000e+02 -9.240590827093441817e+01 2.997161606296951391e+02 1.720034634642605420e+00
3.190000000000000000e+02 1.232637830745228484e+02 4.536858531669925583e+02 1.902634768696322531e+00
3.210000000000000000e+02 1.258508665803083062e+02 4.678188501370822792e+02 2.052151020544138227e+00
3.230000000000000000e+02 1.165507106833960762e+02 3.667674481036169709e+02 2.006776237471810109e+00
3.250000000000000000e+02 1.233003781744972116e+02 3.631050042054562823e+02 2.200151689454413528e+00
3.270000000000000000e+02 1.289971922993453006e+02 5.243620049826903369e+02 2.117700327817571004e+00
3.290000000000000000e+02 1.225206410414128300e+02 3.695135731168272173e+02 1.815884163754976743e+00
3.310000000000000000e+02 1.202199213229096983e+02 2.993314376753447732e+02 1.697773001361978507e+00
3.330000000000000000e+02 1.124496410797693358e+02 2.993221420863724234e+02 1.602859241065950568e+00
3.350000000000000000e+02 1.077689435925764627e+02 4.067663511524891646e+02 1.629964258561144241e+00
3.370000000000000000e+02 7.926308225958953813e+01 5.007350874838853656e+02 2.118778057002284054e+00
3.390000000000000000e+02 7.823066711204513979e+01 5.084677775762077658e+02 2.195728667858546146e+00
3.410000000000000000e+02 6.954440547790962057e+01 5.277169947408037842e+02 2.022625109722475223e+00
3.430000000000000000e+02 6.674112033384174936e+01 5.032308491439405316e+02 1.831984805967304952e+00
3.450000000000000000e+02 6.175809958943567324e+01 4.243660915341316695e+02 1.775631405107305216e+00
3.470000000000000000e+02 1.257515277426416134e+02 3.274423269150017290e+02 2.192972537028530233e+00
3.490000000000000000e+02 1.217343495258383115e+02 3.561794063949391784e+02 2.015191997317478112e+00
3.510000000000000000e+02 1.266701031924536949e+02 3.002419495032069676e+02 1.848834197145638125e+00
3.530000000000000000e+02 1.235445958340681756e+02 3.014647198551238603e+02 2.023015621637888284e+00
3.550000000000000000e+02 1.381026798971895460e+02 2.993255884823917654e+02 1.740560060216946869e+00
3.570000000000000000e+02 1.371857373621391503e+02 3.072522114130669024e+02 1.441747507696859332e+00
3.590000000000000000e+02 1.129882843918229298e+02 5.981485837081313548e+02 1.626452324360622592e+00
3.610000000000000000e+02 1.118407837245070056e+02 5.981290185457868347e+02 1.863288301945032366e+00
3.630000000000000000e+02 -9.041699963020265329e+01 3.295117083374099138e+02 1.753624820532700745e+00
3.650000000000000000e+02 -1.124575531680787748e+02 5.132884245404009107e+02 1.652913845074444943e+00
3.670000000000000000e+02 1.321472651181162519e+02 3.712348121956315481e+02 1.699190083354150005e+00
3.690000000000000000e+02 1.237457250735547944e+02 2.993929958208545372e+02 1.840595907108634632e+00
3.710000000000000000e+02 -3.480243527020281391e+00 4.373818037514383832e+02 1.654613718196954686e+00
3.730000000000000000e+02 9.775573984029817609e+01 2.994837258952218804e+02 1.805626978037636832e+00
3.750000000000000000e+02 2.173081239475529358e+01 5.980871269799920356e+02 1.910873942059883035e+00
3.770000000000000000e+02 2.303590055623384814e+01 5.981580383004300074e+02 1.916489461802481697e+00
3.790000000000000000e+02 9.486570866579251060e+01 2.991710312763266302e+02 1.793259259306187570e+00
3.810000000000000000e+02 1.243432717062347237e+01 3.149903816193296962e+02 1.887897743477488843e+00
3.830000000000000000e+02 1.607291459691095881e+01 3.073950073365064100e+02 1.889327328371148917e+00
3.850000000000000000e+02 7.741548796725973602e+01 5.806909734323355678e+02 2.211184112178401051e+00
3.870000000000000000e+02 8.397746988773404553e+01 5.895363997612276989e+02 1.925782398697894138e+00
3.890000000000000000e+02 9.369314269784207738e+01 4.692620903020261949e+02 2.030346265687164031e+00
3.910000000000000000e+02 1.011256711309493568e+02 4.121151763322948796e+02 1.824404926259118653e+00
3.930000000000000000e+02 7.072026148931919920e+01 3.822863526118230197e+02 1.723619164203433973e+00
3.950000000000000000e+02 9.623399133417954943e+01 3.262769647031224167e+02 1.936825465951899528e+00
3.970000000000000000e+02 -6.016226484497944682e+01 5.982480128335063227e+02 1.633644980652014578e+00
3.990000000000000000e+02 1.471951740247320828e+01 5.320891016686058492e+02 1.525443633084246908e+00
4.010000000000000000e+02 1.496514713592011958e+02 5.981078241238608371e+02 1.636586669798133498e+00
4.030000000000000000e+02 1.193106588565091926e+02 2.993645083326671283e+02 1.935764893635998796e+00
4.050000000000000000e+02 1.164762519440933204e+02 2.993687223510186755e+02 1.740099971210108620e+00
4.070000000000000000e+02 1.110895765609426320e+02 2.994288504205977119e+02 1.943971189861286142e+00
4.090000000000000000e+02 1.058901243116393971e+02 2.993964234059995988e+02 1.713493113524762856e+00
4.110000000000000000e+02 1.128446314084998363e+02 2.983158847494923407e+02 1.776234167001069508e+00
4.130000000000000000e+02 1.228060208413120193e+02 3.029971412435788238e+02 1.814447720213839377e+00
4.150000000000000000e+02 1.301279671690613213e+02 3.332817966174038702e+02 1.911488834424274863e+00
4.170000000000000000e+02 1.247701992528776032e+02 4.024806674742636687e+02 1.790660547506069955e+00
4.190000000000000000e+02 1.144180419697797788e+02 2.991851046562559304e+02 1.741404377112367730e+00
4.210000000000000000e+02 9.407945078991606636e+01 4.372961564303033697e+02 2.122546394636790623e+00
4.230000000000000000e+02 9.759241692747323782e+01 4.196045893680076233e+02 2.215124546140025519e+00
4.250000000000000000e+02 4.072194720607024010e+01 3.400494772865220057e+02 1.980269216810536470e+00
4.270000000000000000e+02 5.789250029874553150e+01 3.651584550408766177e+02 1.795054414734540194e+00
4.290000000000000000e+02 -6.814893848229347384e+01 2.995100210466220574e+02 1.921861523087446511e+00
4.310000000000000000e+02 -7.891590089470385294e+01 3.839687638562317034e+02 1.966903151939485062e+00
4.330000000000000000e+02 1.122641023492813304e+02 3.478985355204384859e+02 2.834924207273922914e+00
4.350000000000000000e+02 1.150063261839626989e+02 3.504480699034934901e+02 4.497251446975391254e+00
4.370000000000000000e+02 1.185387780580894912e+02 3.412875289528544158e+02 1.009295044193039104e+01
4.390000000000000000e+02 1.191473979401469165e+02 3.414589220234238383e+02 1.933788826485484336e+01
4.410000000000000000e+02 1.188725808569474083e+02 3.410387502697062700e+02 2.172434449972755743e+01
4.430000000000000000e+02 1.186592253262103895e+02 3.450110664335308570e+02 2.452657119288942411e+01
4.450000000000000000e+02 1.186616442163830101e+02 3.403346724357262474e+02 1.843364429403582960e+01
4.470000000000000000e+02 1.187896182317104632e+02 3.496262974033826367e+02 1.829110868749013363e+01
4.490000000000000000e+02 1.194683848642207380e+02 3.401022608610688849e+02 1.904272380360130157e+01
4.510000000000000000e+02 1.192281142224527315e+02 3.381195820537025725e+02 2.227556765937898930e+01
4.530000000000000000e+02 1.204373900966912174e+02 3.358455960942218894e+02 1.636853760921434997e+01
4.550000000000000000e+02 1.198197517530571048e+02 3.330549909292328721e+02 1.573112235598644304e+01
4.570000000000000000e+02 1.196628981532809490e+02 3.364504025047551181e+02 1.258272854316625633e+01
4.590000000000000000e+02 1.199367059047974067e+02 3.317826110839110356e+02 1.295383364543378235e+01
4.610000000000000000e+02 1.189501317267365721e+02 3.429672176172138052e+02 1.181451686131581802e+01
4.630000000000000000e+02 1.203708650093557395e+02 3.452670951159249739e+02 1.108811570660782841e+01
4.650000000000000000e+02 1.221304352249492524e+02 3.270113253213864368e+02 1.000078696133257772e+01
4.670000000000000000e+02 1.204448613203565230e+02 3.276696977293473196e+02 9.407445138137459750e+00
4.690000000000000000e+02 1.200613329402736014e+02 3.377928834368481148e+02 8.694399253974568254e+00
4.710000000000000000e+02 1.196484735564427098e+02 3.459695966887616692e+02 6.556320096618174276e+00
4.730000000000000000e+02 1.196583177023556885e+02 3.397350071527716864e+02 5.099306762042972174e+00
4.750000000000000000e+02 1.176576778595103860e+02 3.421305393928181502e+02 5.645492111592826490e+00
4.770000000000000000e+02 1.186171354757143916e+02 3.411599384081339394e+02 5.650480552091819320e+00
4.790000000000000000e+02 1.211671609590405012e+02 3.298387095109005145e+02 5.050715979380088427e+00
4.810000000000000000e+02 1.206707525478441312e+02 3.305013073096842504e+02 5.917365161959685871e+00
4.830000000000000000e+02 1.192380143612144394e+02 3.421011800006712065e+02 4.717472317764158873e+00
4.850000000000000000e+02 1.212480360225377325e+02 3.211264494903921900e+02 3.140972003424431058e+00
4.870000000000000000e+02 1.185029385302541129e+02 3.150001831226333024e+02 3.311315160394197488e+00
4.890000000000000000e+02 1.186014478361954616e+02 3.294677618841972730e+02 3.086831434239529770e+00
4.910000000000000000e+02 1.192476257064794254e+02 2.996866930431487503e+02 2.064603818273782032e+00
4.930000000000000000e+02 -8.564632243412108892e+01 3.333729092875448146e+02 2.092522797104129140e+00
4.950000000000000000e+02 1.006191588852458665e+02 3.451484139713967920e+02 1.886925960720471140e+00
4.970000000000000000e+02 1.548490658118482770e+02 5.981585674020961960e+02 1.844982536389911054e+00
4.990000000000000000e+02 1.230908066084666359e+02 2.997344958952928664e+02 1.776921776562288002e+00
5.010000000000000000e+02 8.032330378855472475e+01 3.579466028514837035e+02 1.822549059537159399e+00
5.030000000000000000e+02 9.074936965502213582e+01 3.811557810472058918e+02 1.838883546343648145e+00
5.050000000000000000e+02 1.000714635519815090e+02 3.713044103197456707e+02 2.104427358804921155e+00
5.070000000000000000e+02 1.020270947498131164e+02 3.398880162218596865e+02 2.305621400690256451e+00
5.090000000000000000e+02 1.000422061021511126e+02 3.591291387668385369e+02 1.944109476989461127e+00
5.110000000000000000e+02 1.233361828285275692e+02 2.994621663002840251e+02 1.784221554204920013e+00
5.130000000000000000e+02 6.612598499437214628e+01 4.859830324067310698e+02 1.762453850891642304e+00
5.150000000000000000e+02 7.181167419559351117e+01 4.187794473150073031e+02 2.027615544296440309e+00
5.170000000000000000e+02 7.475117277831375873e+01 3.570273367920186729e+02 1.709231224919888659e+00
5.190000000000000000e+02 -3.307077012611470934e+01 5.981104772896815120e+02 1.698362928466079058e+00
5.210000000000000000e+02 3.444298148242605606e+01 5.622714490036081543e+02 1.947172270291707141e+00
5.230000000000000000e+02 3.593457038704330131e+01 5.797942779816032726e+02 1.939894039595608133e+00
5.250000000000000000e+02 3.822254109826388202e+01 4.768848855335920121e+02 1.585126254339881413e+00
5.270000000000000000e+02 3.828737296215658859e+01 5.254250153840660005e+02 2.052600973707393361e+00
5.290000000000000000e+02 3.993613106134658608e+01 5.373509448743676558e+02 1.827121909673272482e+00
5.310000000000000000e+02 1.330751581563772135e+01 3.733705782573660485e+02 1.645813687871398479e+00
5.330000000000000000e+02 1.014123478948274482e+02 2.995025973701506246e+02 1.596005518310931404e+00
5.350000000000000000e+02 -7.776787772721701231e+01 3.643249272090441195e+02 1.709710893194303694e+00
5.370000000000000000e+02 -7.684096682631121666e+01 3.617138142620778467e+02 1.780109746203936361e+00
5.390000000000000000e+02 9.215138610873066227e+01 2.992875398268130311e+02 1.956454603702265649e+00
5.410000000000000000e+02 7.652848587793154422e+01 3.489419597486266866e+02 1.810043496430626231e+00
5.430000000000000000e+02 -1.044271029342027219e+02 2.995039576115450473e+02 1.838471243973901492e+00
5.450000000000000000e+02 3.607504253325939914e+01 4.651554794139270825e+02 1.903467667935538232e+00
5.470000000000000000e+02 9.144692755866060452e+01 4.252204891378563616e+02 2.152527584566959362e+00
5.490000000000000000e+02 1.039376723711960437e+02 3.370817223956538555e+02 2.298112115746979711e+00
5.510000000000000000e+02 1.022622469874248452e+02 3.578654531158907730e+02 1.787099798317660637e+00
5.530000000000000000e+02 6.471832188433653243e+01 3.657800945779226254e+02 1.592459765743866829e+00
5.550000000000000000e+02 6.815677196903382651e+01 3.436422826291357069e+02 1.456720610275739070e+00
5.570000000000000000e+02 -5.408173335792076841e+01 3.538716894741082797e+02 1.700117220915716709e+00
5.590000000000000000e+02 7.239123666130493007e+01 5.981068754329932062e+02 1.673498290717390535e+00
5.610000000000000000e+02 3.057266643429744235e+01 5.981507394801047894e+02 2.047509394623316936e+00
5.630000000000000000e+02 8.983297136229766977e+01 5.981486649527568034e+02 2.108680129735555298e+00
5.650000000000000000e+02 -1.556136120389084283e+02 4.008297627925962274e+02 1.540604202856344696e+00
5.670000000000000000e+02 7.672176977501499096e+01 3.994048962707455530e+02 1.614716635052978244e+00
5.690000000000000000e+02 9.181374984284629193e+01 3.229460534824365823e+02 1.655077420230604224e+00
5.710000000000000000e+02 -6.339801775892075852e+01 5.694199307214381633e+02 1.643407606051447978e+00
5.730000000000000000e+02 -5.768500149623393014e+01 4.153805115836718755e+02 2.007444564403777942e+00
5.750000000000000000e+02 -5.480264965334666272e+01 2.997096818269327514e+02 1.831570771060190950e+00
5.770000000000000000e+02 8.026184864079196757e+01 5.349431620980485604e+02 1.734883591784049273e+00
5.790000000000000000e+02 1.157839272889326736e+02 4.606699874553327732e+02 1.759794719457361545e+00
5.810000000000000000e+02 -7.448118354834436161e+01 3.296686332160534789e+02 1.730968686744251972e+00
5.830000000000000000e+02 -8.575487948041208597e+01 3.884791249231683423e+02 1.860290755998548207e+00
5.850000000000000000e+02 7.169382790884036183e+01 4.068494259731779721e+02 1.585833469539176699e+00
5.870000000000000000e+02 8.578619350879066019e+01 5.981784691826327389e+02 1.662260629751662666e+00
5.890000000000000000e+02 9.922228452795989995e+01 5.744308990660439349e+02 1.782140003517745264e+00
5.910000000000000000e+02 7.301711738018242670e+01 5.280863113696508435e+02 1.647594567126341669e+00
5.930000000000000000e+02 9.187752280322291654e+01 3.902762313846289999e+02 1.795374197771682612e+00
5.950000000000000000e+02 1.131890057782164405e+02 2.996563378801636759e+02 1.898592355221129457e+00
5.970000000000000000e+02 9.585719847935023097e+01 5.273367161282742472e+02 1.877624038617111912e+00
5.990000000000000000e+02 9.335416496194197578e+01 5.323558645402694083e+02 1.701634491291963869e+00
6.010000000000000000e+02 8.253837074920150485e+01 3.451718630826700291e+02 1.880946904561864974e+00
6.030000000000000000e+02 7.794937040955483099e+01 3.500283748298477917e+02 1.576329654731023933e+00
6.050000000000000000e+02 4.211085619042783890e+01 3.518185770746065941e+02 1.742997256663956884e+00
6.070000000000000000e+02 4.134032180069029039e+01 3.958898339821418517e+02 1.784957635985209956e+00
6.090000000000000000e+02 -5.774027792871782339e+01 3.598163554949537684e+02 1.855707483549958958e+00
6.110000000000000000e+02 1.515965317203875031e+02 4.262024683748843472e+02 1.591244484766390244e+00
6.130000000000000000e+02 1.270410253770498201e+02 4.330082412818844091e+02 1.619722011607170664e+00
6.150000000000000000e+02 1.082283731823112589e+02 4.603353042681446254e+02 1.522680207573862132e+00
6.170000000000000000e+02 -1.156999703414143710e+02 3.770979532017291262e+02 1.475283513767867483e+00
6.190000000000000000e+02 -1.430103289044013763e+02 5.008068330551903955e+02 1.809823064662240855e+00
6.210000000000000000e+02 -1.423528143905806189e+02 3.498706366276402377e+02 1.856116622203526800e+00
6.230000000000000000e+02 1.047000544583947175e+02 3.396810602563241446e+02 1.661892343589696841e+00
6.250000000000000000e+02 9.440328972967846255e+01 3.252375864113015496e+02 1.808594612539328850e+00
6.270000000000000000e+02 9.400000000000000000e+01 3.000000000000000000e+02 1.931634593447637993e+00
6.290000000000000000e+02 8.512758003871900314e+01 3.060276177578079455e+02 1.771246000860830172e+00
6.310000000000000000e+02 8.166146524605798618e+01 2.994015510042369783e+02 1.931121958120643134e+00
6.330000000000000000e+02 9.541143840153698363e+01 2.993956171077427371e+02 1.539322705554732273e+00
6.350000000000000000e+02 1.008268439655617499e+02 3.376852071166449036e+02 1.901819658430583759e+00
6.370000000000000000e+02 1.058991167418830344e+02 3.096270825490557286e+02 2.222427099528283545e+00
6.390000000000000000e+02 1.076892778000677566e+02 2.994332580881126660e+02 1.788231153505266402e+00
6.410000000000000000e+02 3.912916837416837978e+01 3.959973828766574684e+02 1.734192791345089857e+00
6.430000000000000000e+02 2.433948356334202856e+01 3.539569425667195333e+02 1.742507665317195364e+00
6.450000000000000000e+02 5.408992412202664468e+01 4.267523064999804205e+02 1.785082618579554081e+00
6.470000000000000000e+02 8.248425023750149876e+01 2.992899238629130991e+02 1.681790288597893035e+00
6.490000000000000000e+02 1.049347109704633851e+02 2.336769680901475397e+02 1.801767883807034121e+00
6.510000000000000000e+02 2.857578321670903065e+01 3.762264978268998448e+02 1.776115487429940965e+00
6.530000000000000000e+02 1.012607389266204763e+02 2.994307806633620999e+02 1.637254754245049293e+00
6.550000000000000000e+02 -5.829687573181128357e+01 5.985532210491969636e+02 1.591109710884150097e+00
6.570000000000000000e+02 -6.072009937859589712e+01 4.703110315063497069e+02 1.647440530893003796e+00
6.590000000000000000e+02 8.642093070580315839e+01 3.231417527234772251e+02 1.754047647292489298e+00
6.610000000000000000e+02 1.115818885805990845e+02 3.264416926222817210e+02 2.105529139615804901e+00
6.630000000000000000e+02 1.088537227431747425e+02 3.228377847671537779e+02 2.131099828833762810e+00
6.650000000000000000e+02 5.392620213812926977e+01 3.303051910811091716e+02 1.757529194632034830e+00
6.670000000000000000e+02 4.901678705999043473e+01 3.064773510510150345e+02 1.813494886968376019e+00
6.690000000000000000e+02 4.628848916584932027e+01 2.993780649570292667e+02 1.855721877942735798e+00
6.710000000000000000e+02 1.021565035627333913e+02 2.993701993772596666e+02 2.038520696385655917e+00
6.730000000000000000e+02 9.456246795987320297e+01 3.088635823724194438e+02 2.098337141929707883e+00
6.750000000000000000e+02 1.020773351405070315e+02 2.993500751338427790e+02 2.014752062507338515e+00
6.770000000000000000e+02 9.911710091679660195e+01 3.203824208911163964e+02 1.904142935199728992e+00
6.790000000000000000e+02 7.844112694470310032e+01 3.568511701711979072e+02 2.160465749617000331e+00
6.810000000000000000e+02 4.560050564156518504e+01 3.917656309063213484e+02 2.007615313180861616e+00
6.830000000000000000e+02 2.616062161621795212e+01 3.236597269022377645e+02 1.816645505354268497e+00
6.850000000000000000e+02 5.569456800263022700e+01 3.388754738369278812e+02 1.683497378868471728e+00
6.870000000000000000e+02 -3.853967092179334486e+01 5.981311272086169311e+02 1.837711977619787662e+00
6.890000000000000000e+02 -4.224379410467963680e+01 5.427253616122627591e+02 1.942944844484635780e+00
6.910000000000000000e+02 7.650348726456314807e+01 3.062054232874879744e+02 1.635892118294870023e+00
6.930000000000000000e+02 8.356491029692180916e+01 2.995550357463240516e+02 1.849685053909709165e+00
6.950000000000000000e+02 1.017735551677063484e+02 2.993876549367359985e+02 1.813136741389183237e+00
6.970000000000000000e+02 9.092805410441653180e+01 2.993773795259636472e+02 1.735885874262125039e+00
6.990000000000000000e+02 9.006692079618689206e+01 2.993677744991434224e+02 1.747080768287825325e+00
7.010000000000000000e+02 2.716708218477491599e+01 3.928292327709879714e+02 1.563215116199144106e+00
7.030000000000000000e+02 -7.208906371923573886e+01 5.981298571324720115e+02 1.495710487539047229e+00
7.050000000000000000e+02 1.048200180333934242e+02 2.992826932876409955e+02 1.840953638968756190e+00
7.070000000000000000e+02 1.101184249743784420e+02 2.993378614592779172e+02 1.890042798503939192e+00
7.090000000000000000e+02 -8.018157335130499064e+01 5.354328518828097003e+02 1.676340207933334714e+00
7.110000000000000000e+02 -1.559994892951633290e+02 2.993750714113893991e+02 1.497153656259120558e+00
7.130000000000000000e+02 8.680525415601323402e+01 2.993822635417699871e+02 1.451668613330573399e+00
7.150000000000000000e+02 8.465384352457554940e+01 5.980712146442965604e+02 1.594067847761862611e+00
7.170000000000000000e+02 1.013782507817930707e+02 5.361431901024595845e+02 1.896938843004870812e+00
7.190000000000000000e+02 8.985516956347579764e+01 5.311829319773393081e+02 1.590894690524619293e+00
7.210000000000000000e+02 7.707920061050278093e+01 2.994088480729110415e+02 1.538968106178491890e+00
7.230000000000000000e+02 8.578632768121072161e+01 2.993863535065000292e+02 1.651912464922947299e+00
7.250000000000000000e+02 3.612870293434704561e+00 4.874231200588845354e+02 1.662760550459577713e+00
7.270000000000000000e+02 1.216394891579867306e+02 2.993922292169461343e+02 1.715885623976573848e+00
7.290000000000000000e+02 1.230285399475944246e+02 2.993656400958769837e+02 1.841949534494587537e+00
7.310000000000000000e+02 1.042253256919603501e+02 2.993639236329433970e+02 2.002577844758272718e+00
7.330000000000000000e+02 1.030636961200120254e+02 2.995539978108342893e+02 2.030779327058710670e+00
7.350000000000000000e+02 8.684436093328153561e+01 4.186051775532320107e+02 2.053182195229085405e+00
7.370000000000000000e+02 2.955224975476166094e+01 5.981149972198016940e+02 1.744976755997322160e+00
7.390000000000000000e+02 9.575147286747105113e+01 2.993782028134730240e+02 1.610018371804861737e+00
7.410000000000000000e+02 2.973161863399941396e+01 5.981033451381393888e+02 1.529512067336056491e+00
7.430000000000000000e+02 1.116451267931387648e+01 3.663481304956875420e+02 1.760242759413078062e+00
7.450000000000000000e+02 9.761548660421792079e+01 3.395076362834011547e+02 1.995431492723117595e+00
7.470000000000000000e+02 4.691782018227507223e+01 4.443237797800762223e+02 1.759132095327280876e+00
7.490000000000000000e+02 4.492095356141123119e+01 4.532094014146285303e+02 2.001238715085637221e+00
7.510000000000000000e+02 1.015575717994324521e+02 2.994008162419176529e+02 2.041956433216628231e+00
7.530000000000000000e+02 9.891996279807081294e+01 2.991980972885324945e+02 2.148615086693757892e+00
7.550000000000000000e+02 9.971175296330102356e+01 3.707381783748507473e+02 2.167618640458892632e+00
7.570000000000000000e+02 9.883245572910442434e+01 4.063248313376963097e+02 2.405510914654462429e+00
7.590000000000000000e+02 9.939402173715689059e+01 4.203425380902640427e+02 2.006013283847851270e+00
7.610000000000000000e+02 2.132902458722873362e+01 2.993386752726434565e+02 1.949114932130016964e+00
7.630000000000000000e+02 2.746437473303509691e+01 2.993312319311232272e+02 1.774353050797528475e+00
7.650000000000000000e+02 1.150517441935841276e+02 2.994719529830150009e+02 2.035086666722839777e+00
7.670000000000000000e+02 9.224915405251019251e+01 3.057436919141844101e+02 2.061574675909443322e+00
7.690000000000000000e+02 9.098629797495185301e+01 3.133773525459426423e+02 2.049526044562042237e+00
7.710000000000000000e+02 9.096634288733156382e+01 3.347385577873482703e+02 2.046825259649144968e+00
7.730000000000000000e+02 8.684861857939877439e+01 3.610527079682723866e+02 1.760052289406484061e+00
7.750000000000000000e+02 8.210846792365671831e+01 2.993664167911067580e+02 1.978074236643323935e+00
7.770000000000000000e+02 7.866100509709634991e+01 5.757824031453396856e+02 1.919709598173023890e+00
7.790000000000000000e+02 9.429882420753679639e+01 2.993309183784390939e+02 1.914474371127324881e+00
7.810000000000000000e+02 9.292816530905682271e+01 2.992646863017170062e+02 2.046693538401763934e+00
7.830000000000000000e+02 9.525266004306365630e+01 2.996234221652382530e+02 2.453258248038061140e+00
7.850000000000000000e+02 2.818864229713640057e+01 4.945938109982171227e+02 2.153817608081344481e+00
7.870000000000000000e+02 5.662669149546167802e+01 4.876183276361870185e+02 2.187427620080299562e+00
7.890000000000000000e+02 5.891272152027665499e+01 4.134373356010829070e+02 1.960354428178603836e+00
7.910000000000000000e+02 3.432119604587887096e+01 3.702204382716622604e+02 1.951438209811877877e+00
7.930000000000000000e+02 3.489924894550465950e+01 3.242489920187090888e+02 1.753287181261724115e+00
7.950000000000000000e+02 9.669956974848987841e+01 2.992601715332566528e+02 1.708101249175240754e+00
7.970000000000000000e+02 6.295924430811999173e+01 4.842243081204930490e+02 1.699049184639172205e+00
7.990000000000000000e+02 6.844797332332414896e+01 4.538625706287585899e+02 1.633724788494094415e+00
8.010000000000000000e+02 9.307582149215488698e+01 3.659374970395893456e+02 1.562411280284359938e+00
8.030000000000000000e+02 1.052446272573481849e+02 2.993291432147318005e+02 1.584190984438299976e+00
8.050000000000000000e+02 9.831164508651973222e+01 4.493201189729437033e+02 1.893828820160961879e+00
8.070000000000000000e+02 7.501037456742248821e+01 5.295798728715451489e+02 2.135334934977290988e+00
8.090000000000000000e+02 7.786980883616661231e+01 2.993753697086467014e+02 2.143577659394180657e+00
8.110000000000000000e+02 8.423611658488121634e+01 3.087395958727439051e+02 2.140165736600402102e+00
8.130000000000000000e+02 8.327221215458069992e+01 3.520156549908482475e+02 1.846887402349731921e+00
8.150000000000000000e+02 7.666978191714589741e+01 4.430606218930711862e+02 1.958640004713064764e+00
8.170000000000000000e+02 7.430221867056530982e+01 4.549925190440607139e+02 2.136401283685042785e+00
8.190000000000000000e+02 7.580036604564385527e+01 4.372344492786557453e+02 1.893825234430133175e+00
8.210000000000000000e+02 9.143182437430414211e+01 3.218977744768163802e+02 1.676405396597696384e+00
8.230000000000000000e+02 9.960070754227844247e+01 3.257719264438625260e+02 2.051186284757963385e+00
8.250000000000000000e+02 9.719727799693042414e+01 3.784910944504184727e+02 1.787694684846020232e+00
8.270000000000000000e+02 8.694258086872740421e+01 4.091002273040441537e+02 1.547350842918180369e+00
8.290000000000000000e+02 8.682231457447322498e+01 3.753157087732221271e+02 1.565034752618622127e+00
8.310000000000000000e+02 9.571064314108332383e+01 2.994256944588409510e+02 1.749421108579659379e+00
8.330000000000000000e+02 1.147553023028440435e+02 5.980156898405772381e+02 1.631883744492540700e+00
8.350000000000000000e+02 1.060103263836890193e+02 2.993744191031365176e+02 1.704376084955840698e+00
8.370000000000000000e+02 1.117397099955564244e+02 2.994112550710744927e+02 1.832789555943875826e+00
8.390000000000000000e+02 1.683439072135593051e+02 2.994395842774148946e+02 1.599908303013705568e+00
8.410000000000000000e+02 -2.147236195137717019e+01 5.981400863204219149e+02 1.702252562653609358e+00
8.430000000000000000e+02 1.078865066453680015e+02 5.981520226766783708e+02 1.771909162014540406e+00
8.450000000000000000e+02 5.612405671744254221e+01 3.246022842765876248e+02 1.624380045027309372e+00
8.470000000000000000e+02 5.735154878093990050e+01 5.258577539520078972e+02 1.969822394344978189e+00
8.490000000000000000e+02 -2.442886537552084292e+01 4.011182041472484912e+02 1.930235997355128630e+00
8.510000000000000000e+02 -2.602473653120505048e+01 3.248311403857178448e+02 2.447376201486581415e+00
8.530000000000000000e+02 -2.590655685566029121e+01 4.399452416975177016e+02 2.674061178670477990e+00
8.550000000000000000e+02 -2.418862696909689092e+01 4.173559543707148123e+02 2.447585529180744235e+00
8.570000000000000000e+02 -1.865473391931456781e+00 5.344920432312595722e+02 1.762483945426567278e+00
8.590000000000000000e+02 1.724113916767039711e+01 5.247387517685147031e+02 1.743192628840957381e+00
8.610000000000000000e+02 6.821164776173185373e+01 4.824622412685286008e+02 1.828036152213987853e+00
8.630000000000000000e+02 9.473496456729230886e+01 3.856144892218986229e+02 1.638232761707272056e+00
8.650000000000000000e+02 6.944925822982541774e+01 4.057434303890575507e+02 1.793178160695743761e+00
8.670000000000000000e+02 7.651477409858395617e+01 4.027348911441598034e+02 1.660264922653878150e+00
8.690000000000000000e+02 -4.327686791727879978e+01 4.499360073134706681e+02 1.930838155611226181e+00
8.710000000000000000e+02 -4.604938241358362916e+01 4.614460734016986407e+02 2.588366671172146916e+00
8.730000000000000000e+02 -5.425720574256308737e+01 5.439295886543776533e+02 3.226400881146765265e+00
8.750000000000000000e+02 -5.743063750967881020e+01 5.301494285768930013e+02 5.528759663462324170e+00
8.770000000000000000e+02 -5.853229970111713953e+01 5.283242109513590776e+02 6.792288143292416258e+00
8.790000000000000000e+02 -6.003417791837503614e+01 5.044990260077477728e+02 4.273021346537754894e+00
8.810000000000000000e+02 -7.339944708401617390e+01 5.377921757893959693e+02 2.349469077683513429e+00
8.830000000000000000e+02 -7.390318923926372463e+01 4.899759095371710487e+02 2.251849637197647080e+00
8.850000000000000000e+02 -8.935128945786114230e+01 5.173472318554009917e+02 2.065917824111700885e+00
8.870000000000000000e+02 -1.028458943743643346e+02 5.550918414818714837e+02 2.525167790486262387e+00
8.890000000000000000e+02 -1.025224687849347447e+02 5.813050472318681159e+02 3.552646371919180091e+00
8.910000000000000000e+02 -1.031613504452931664e+02 5.674873944920398117e+02 3.269927218696354831e+00
8.930000000000000000e+02 -1.133599935435308907e+02 5.638905837135613410e+02 2.979419130943238514e+00
