# InfraPy Beamforming (fk) Results
# 
# Data summary:
#     CC.PR05.01.BDF	2023-05-08T13:05:30.940000Z - 2023-05-08T13:20:30.920000Z
#     CC.PR05.02.BDF	2023-05-08T13:05:30.940000Z - 2023-05-08T13:20:30.920000Z
#     CC.PR05.03.BDF	2023-05-08T13:05:30.940000Z - 2023-05-08T13:20:30.920000Z
# 
#   channel_cnt: 3
#   t0: 2023-05-08T13:05:30.940000Z
#   latitude: 46.841748
#   longitude: -121.948853
# 
# Algorithm parameters:
#   freq_min: 0.1
#   freq_max: 10.0
#   back_az_min: -180.0
#   back_az_max: 180.0
#   back_az_step: 2.0
#   trace_vel_min: 300.0
#   trace_vel_max: 600.0
#   trace_vel_step: 2.5
#   method: bartlett
#   signal_start: None
#   signal_end: None
#   window_len: 10.0
#   sub_window_len: None
#   window_step: 2.0
# 
# Time (rel t0) [s]      Back Az [deg]	           Tr. Velocity [m/s]       F-stat
5.000000000000000000e+00 -1.336517879929708101e+02 5.981137368090388691e+02 2.359048273705675935e+00
7.000000000000000000e+00 1.261810724809021593e+02 5.981255932831372775e+02 2.433659163492513766e+00
9.000000000000000000e+00 -1.440954856707165277e+02 5.981274091944769680e+02 2.792529301431965205e+00
1.100000000000000000e+01 -1.291250822772582865e+02 3.466147279415715161e+02 2.829892579458278323e+00
1.300000000000000000e+01 -1.348535530524517867e+02 5.562463550610293623e+02 3.031402464858481860e+00
1.500000000000000000e+01 -1.304585861597330165e+02 3.852776953020181736e+02 3.434237120286774747e+00
1.700000000000000000e+01 -1.305953606308337669e+02 3.975346814997297997e+02 3.016733437959554287e+00
1.900000000000000000e+01 -1.179328277274450727e+02 4.189522918424336808e+02 3.267524897949282803e+00
2.100000000000000000e+01 -1.161076599609025237e+02 3.777051811699574841e+02 3.751824748809568622e+00
2.300000000000000000e+01 -1.208871146391768860e+02 3.538576320550965875e+02 4.138105145896967763e+00
2.500000000000000000e+01 -1.219065936328049133e+02 3.662647398074749390e+02 3.278267244812033798e+00
2.700000000000000000e+01 -1.123340586562297005e+02 4.565649099829893203e+02 2.842258805734237725e+00
2.900000000000000000e+01 -1.095657434856603771e+02 4.225291808436343786e+02 3.045018061400015519e+00
3.100000000000000000e+01 -1.032497078536514294e+02 3.788041118128327298e+02 3.377102838318483347e+00
3.300000000000000000e+01 -1.267617762633689722e+02 5.510726756135502455e+02 3.717164860296170659e+00
3.500000000000000000e+01 -1.392279075126062651e+02 5.981141293228505447e+02 3.511653722307580328e+00
3.700000000000000000e+01 9.839470530933779457e+01 5.981099999752952954e+02 3.464159580677957262e+00
3.900000000000000000e+01 7.443515225280201264e+01 5.981347806283652062e+02 3.179215685896044530e+00
4.100000000000000000e+01 -1.582699416767914613e+02 5.981811428382978875e+02 3.254179989067880197e+00
4.300000000000000000e+01 -1.460266173201117113e+02 4.891618390817142767e+02 3.370046359527344659e+00
4.500000000000000000e+01 -1.251312154960765497e+02 2.993742197541889141e+02 2.881889980899714487e+00
4.700000000000000000e+01 -1.155828398622619204e+02 4.074611789619960405e+02 3.331806991629758130e+00
4.900000000000000000e+01 -1.148884569733079530e+02 5.127738964198583744e+02 3.438061329992355919e+00
5.100000000000000000e+01 -9.902373562879967039e+01 2.990106558060428483e+02 3.623694950024405337e+00
5.300000000000000000e+01 -9.804291771959569246e+01 2.993783841026725554e+02 3.086334632312324189e+00
5.500000000000000000e+01 -1.213090710890046466e+02 4.056175025540536012e+02 2.940603133056002960e+00
5.700000000000000000e+01 -1.235919148967103780e+02 4.663055226834230780e+02 3.547202065058293385e+00
5.900000000000000000e+01 -1.176332697622744945e+02 4.998454713928708202e+02 3.560776530411468688e+00
6.100000000000000000e+01 -1.106272106024884749e+02 4.081192368097963481e+02 3.066146304931587796e+00
6.300000000000000000e+01 -1.108492888920414146e+02 3.141618558526628249e+02 3.034238517061133233e+00
6.500000000000000000e+01 -1.250324243248714424e+02 2.993925191462743669e+02 3.091782994934425766e+00
6.700000000000000000e+01 -1.178194852344306014e+02 2.993816302325726610e+02 2.688938990221096503e+00
6.900000000000000000e+01 8.405205291636634968e+01 5.981275680708511118e+02 2.968341321209917005e+00
7.100000000000000000e+01 -1.309214686971591277e+02 5.981238385920038354e+02 3.815889802157180100e+00
7.300000000000000000e+01 -1.244528159677103787e+02 4.436990610602953211e+02 3.574917149059579913e+00
7.500000000000000000e+01 -1.192535729441907790e+02 3.403276460359424505e+02 2.919960824505883679e+00
7.700000000000000000e+01 -1.169853301856732344e+02 2.993470351733807320e+02 3.018183284145227407e+00
7.900000000000000000e+01 -9.823450692601453227e+01 3.274703428967696368e+02 3.276813593593698393e+00
8.100000000000000000e+01 -9.589181480889187981e+01 4.223222413793372425e+02 3.073710173051931172e+00
8.300000000000000000e+01 1.032537569580020005e+02 5.981241568749336466e+02 2.876147933963534964e+00
8.500000000000000000e+01 -1.226305700137999963e+02 5.981294174941995152e+02 3.064019992823005634e+00
8.700000000000000000e+01 -1.092396929079924917e+02 4.975529649100066081e+02 3.427551523662890620e+00
8.900000000000000000e+01 -9.947288907469729224e+01 3.236446772537080392e+02 3.051825992545181165e+00
9.100000000000000000e+01 -1.179086869123241001e+02 4.745588019423926198e+02 3.747224477605989978e+00
9.300000000000000000e+01 -1.171299747354364769e+02 4.517221497818305238e+02 3.371902470128442797e+00
9.500000000000000000e+01 -1.074641363339904387e+02 2.993800929761277416e+02 2.830214839519153092e+00
9.700000000000000000e+01 9.264792640457578443e+01 5.285611085348787128e+02 2.698327744392502670e+00
9.900000000000000000e+01 -9.197089649010702317e+01 3.194332336251370066e+02 3.965511437502756031e+00
1.010000000000000000e+02 -1.168083262077818176e+02 5.981234319117791074e+02 3.904195619547363272e+00
1.030000000000000000e+02 -1.280963888473423822e+02 5.981260295331154566e+02 3.694753033840610268e+00
1.050000000000000000e+02 -1.183571682784235861e+02 3.478786355720450842e+02 3.224878834354901525e+00
1.070000000000000000e+02 -1.132900483696582796e+02 3.681066535250885181e+02 3.518972310443094997e+00
1.090000000000000000e+02 -1.115898089938286404e+02 4.045196988064267885e+02 3.485105488472458379e+00
1.110000000000000000e+02 -1.115972755207668712e+02 4.845518269728272003e+02 4.068765884808843047e+00
1.130000000000000000e+02 -1.187894662856704997e+02 4.299645687568275321e+02 3.227993577289117511e+00
1.150000000000000000e+02 -1.226970465424581818e+02 4.071767595524333387e+02 3.078006703874627270e+00
1.170000000000000000e+02 -1.369680772810630742e+02 5.023352632291286568e+02 3.762765010009589073e+00
1.190000000000000000e+02 -1.278477722558859568e+02 4.925976503263663631e+02 4.813667291550730809e+00
1.210000000000000000e+02 1.148976871850438783e+02 4.329817483291824374e+02 3.223475751383740207e+00
1.230000000000000000e+02 1.157119569424370553e+02 5.981171449934442990e+02 3.567400950709641361e+00
1.250000000000000000e+02 -1.023045238119132989e+02 4.596541395159533749e+02 3.557803147248788544e+00
1.270000000000000000e+02 -9.978036278048143970e+01 2.993717899626383314e+02 3.256578597859799640e+00
1.290000000000000000e+02 -1.026604893004956693e+02 3.056182828327314382e+02 3.585997279937753301e+00
1.310000000000000000e+02 -1.071165802390776491e+02 5.980919784401638708e+02 3.462777218239289745e+00
1.330000000000000000e+02 -1.324333951070645128e+02 5.981273461029005603e+02 3.913558440136294170e+00
1.350000000000000000e+02 -1.346641431258040313e+02 4.300167588243820660e+02 3.940842538787228566e+00
1.370000000000000000e+02 -1.306521778221734849e+02 3.721893332705545845e+02 3.590142207438416833e+00
1.390000000000000000e+02 -9.920990717889141308e+01 3.173638779468944904e+02 3.921401614317414186e+00
1.410000000000000000e+02 -1.075828562859600765e+02 3.980359376610787763e+02 3.408894619464490905e+00
1.430000000000000000e+02 1.107628932542297093e+02 5.981222852551003371e+02 2.828542292917635148e+00
1.450000000000000000e+02 -1.410827819789735145e+02 4.596823787841275930e+02 2.882885588348951256e+00
1.470000000000000000e+02 -1.276012267229353654e+02 5.765578056780317411e+02 3.378542500988790387e+00
1.490000000000000000e+02 -1.068471261424981833e+02 5.249175449866247618e+02 2.924264589574191220e+00
1.510000000000000000e+02 -9.977773700244306099e+01 2.993660314695097782e+02 2.921845029342271971e+00
1.530000000000000000e+02 -1.104653843932774464e+02 5.403965104324554432e+02 3.443541396736705895e+00
1.550000000000000000e+02 -1.119193760928555150e+02 4.340406202680713363e+02 3.640603232949866985e+00
1.570000000000000000e+02 -1.174131419441910538e+02 3.988584999242426079e+02 3.214193375994118362e+00
1.590000000000000000e+02 -1.517218152227650023e+02 4.315517544372195289e+02 3.146168410098121981e+00
1.610000000000000000e+02 -1.317668915348805001e+02 3.601280872551020593e+02 3.014977662061653074e+00
1.630000000000000000e+02 -1.190638389910710657e+02 4.416810320152879399e+02 3.366172032527008362e+00
1.650000000000000000e+02 -1.428042332438084543e+02 5.981274579397525031e+02 3.226772810473287123e+00
1.670000000000000000e+02 -1.318821247642724472e+02 5.981239947259537075e+02 3.404665367999947900e+00
1.690000000000000000e+02 -1.187337181032448399e+02 4.246697728624951651e+02 3.309323178052640202e+00
1.710000000000000000e+02 -1.199723076675133484e+02 3.410316444325455336e+02 3.184457607901806764e+00
1.730000000000000000e+02 -1.214991697697355022e+02 2.993777822296073055e+02 2.471974748212513617e+00
1.750000000000000000e+02 -1.157659511414276778e+02 2.993745167256496416e+02 2.744202433380102057e+00
1.770000000000000000e+02 -1.232065327016742629e+02 5.981133519348757090e+02 2.620517701682881118e+00
1.790000000000000000e+02 1.276774629295189953e+02 5.981238997820462373e+02 2.999285508333874972e+00
1.810000000000000000e+02 -9.689093168915056253e+01 3.715140420730404571e+02 3.105661564348829451e+00
1.830000000000000000e+02 -9.975567024804146854e+01 3.455437496467690153e+02 3.137023443344613138e+00
1.850000000000000000e+02 -1.177297738336431223e+02 3.930665779536231526e+02 3.101574727707390178e+00
1.870000000000000000e+02 -1.673016759676293077e+02 5.981131586204589894e+02 2.756471311813522895e+00
1.890000000000000000e+02 1.650513655945117364e+02 5.981253849063341477e+02 2.926254556563111731e+00
1.910000000000000000e+02 -1.509123259116398401e+02 5.982275120519177563e+02 3.129498910053460037e+00
1.930000000000000000e+02 -1.237045120572588388e+02 3.041938084353288900e+02 3.305620724368729668e+00
1.950000000000000000e+02 -1.156181073222184068e+02 5.176387210611458158e+02 3.438130349799240815e+00
1.970000000000000000e+02 -9.614844811891227039e+01 4.565655640209147919e+02 3.251047820238789576e+00
1.990000000000000000e+02 -9.038455284770540743e+01 5.701406849337283802e+02 3.259379997873097956e+00
2.010000000000000000e+02 -1.211257380702160305e+02 5.031325281807847318e+02 3.093285678176823428e+00
2.030000000000000000e+02 -1.249348423259601901e+02 3.497333795369084442e+02 2.564594780847355704e+00
2.050000000000000000e+02 -1.155356535761894037e+02 3.767368201754168240e+02 2.533593983269645022e+00
2.070000000000000000e+02 -1.157224312513075262e+02 3.710872248478808615e+02 3.353777732288624414e+00
2.090000000000000000e+02 -1.170723964701835200e+02 4.170134279208352837e+02 3.474156811670101153e+00
2.110000000000000000e+02 -1.229047834870113149e+02 4.223953972055621762e+02 3.627122292377402246e+00
2.130000000000000000e+02 -1.106794072801979922e+02 5.068754653509629975e+02 3.805598532341153639e+00
2.150000000000000000e+02 -9.426501785027029712e+01 3.365182172664255518e+02 3.237886600466597820e+00
2.170000000000000000e+02 -9.489689242434111804e+01 2.994006364497734012e+02 3.499961436102950074e+00
2.190000000000000000e+02 -1.066420861849587851e+02 3.466870348948314131e+02 3.071803535512992678e+00
2.210000000000000000e+02 -1.173065231793879377e+02 4.086200514136837683e+02 3.014682739289697544e+00
2.230000000000000000e+02 -1.152462480551659496e+02 4.713301562423420137e+02 3.459118276194899977e+00
2.250000000000000000e+02 -1.326894938888208628e+02 5.711941062844616681e+02 3.444456852372187239e+00
2.270000000000000000e+02 -1.035872350909232722e+02 5.680174534964318127e+02 3.292698280933788801e+00
2.290000000000000000e+02 -1.119182516715930120e+02 3.704691237913854707e+02 3.550144744972856703e+00
2.310000000000000000e+02 -1.140560220307795021e+02 3.644855977776766736e+02 3.046602679376156697e+00
2.330000000000000000e+02 -1.268900311122613971e+02 4.346066223853791826e+02 2.862767343773926942e+00
2.350000000000000000e+02 -1.242923762258424034e+02 3.370076518203384808e+02 3.263588891794487523e+00
2.370000000000000000e+02 -1.237595985326904753e+02 3.259772827629203675e+02 3.812311471347687775e+00
2.390000000000000000e+02 -1.191030294428984462e+02 3.153822559337170333e+02 3.340962416407416313e+00
2.410000000000000000e+02 -1.174883223821031066e+02 3.828318365064142768e+02 3.333170660670449870e+00
2.430000000000000000e+02 4.826397631246798170e+01 4.382687629622540726e+02 2.825319167416370902e+00
2.450000000000000000e+02 -1.151979529040477530e+02 3.467930701379382867e+02 2.862726403763834249e+00
2.470000000000000000e+02 -1.061332529035255021e+02 3.059035182113411793e+02 2.655272861573132914e+00
2.490000000000000000e+02 -9.937124470612386062e+01 2.993767929503693495e+02 2.360450831509125269e+00
2.510000000000000000e+02 -1.038777609571188663e+02 4.801680400153973665e+02 3.049398457564423737e+00
2.530000000000000000e+02 -1.081450723454059073e+02 5.842945467607179353e+02 2.982889575116997261e+00
2.550000000000000000e+02 -1.077986496834667065e+02 3.602004725434456986e+02 2.848604970160147243e+00
2.570000000000000000e+02 -1.080808720377465022e+02 4.855834899342269750e+02 2.687489537265989270e+00
2.590000000000000000e+02 -9.851962306439378381e+01 3.836208537398107978e+02 2.882226340327857628e+00
2.610000000000000000e+02 -1.186507990409774607e+02 5.761335995290718301e+02 2.956213782963222236e+00
2.630000000000000000e+02 -1.263042334503911519e+02 5.898024305507295821e+02 2.861783631707894848e+00
2.650000000000000000e+02 -9.176312623878609998e+01 3.869856410418627775e+02 2.732587465202288346e+00
2.670000000000000000e+02 -1.063640298029958586e+02 3.823881429800734395e+02 2.641433297372553834e+00
2.690000000000000000e+02 -1.258916376913061583e+02 3.521908729937126168e+02 2.963232458774756939e+00
2.710000000000000000e+02 -1.016590292528873931e+02 3.800340379918310418e+02 2.960725107370870468e+00
2.730000000000000000e+02 -6.875103423341050757e+01 4.285387044302692061e+02 3.269847950695784711e+00
2.750000000000000000e+02 -4.353811234041431533e+01 3.101168065326082228e+02 4.934550264720082069e+00
2.770000000000000000e+02 -3.673755818227112968e+01 2.994139980359541937e+02 6.831173415544739669e+00
2.790000000000000000e+02 -2.990403635606959298e+01 2.993723699568120651e+02 5.957912406098930802e+00
2.810000000000000000e+02 -3.435743453987645779e+01 2.996817112673426777e+02 4.288565035830888661e+00
2.830000000000000000e+02 -3.880885009204797598e+01 3.486295205525229335e+02 5.524218487461831195e+00
2.850000000000000000e+02 -3.194807020009603349e+01 3.499381287842702477e+02 1.054712475375861302e+01
2.870000000000000000e+02 -3.409653280131146857e+01 3.387561523352197241e+02 1.603079792381158697e+01
2.890000000000000000e+02 -3.195229214677297236e+01 3.393027713760981214e+02 1.641204140668959255e+01
2.910000000000000000e+02 -2.729672817829798603e+01 3.164246476372046573e+02 1.085589677224430893e+01
2.930000000000000000e+02 -2.213254089848194539e+01 3.335147737665802765e+02 1.457951284476446041e+01
2.950000000000000000e+02 -1.744348249364697523e+01 3.364018495867509273e+02 1.716949667951973169e+01
2.970000000000000000e+02 -1.446466016612043859e+01 3.540219766167842863e+02 1.297674822477138434e+01
2.990000000000000000e+02 -1.477074461559857177e+01 3.692928316941561206e+02 8.316184436998295126e+00
3.010000000000000000e+02 -1.177410487130802785e+01 3.527535528942051997e+02 6.718852706884253401e+00
3.030000000000000000e+02 -7.832287192479488347e+00 3.683584379045095147e+02 4.785127321181821713e+00
3.050000000000000000e+02 9.719280982088651655e+00 3.449153940691040816e+02 3.487605061534559514e+00
3.070000000000000000e+02 3.748349766017225804e+00 3.518706081621029966e+02 3.197177545950841804e+00
3.090000000000000000e+02 -4.153158258397404712e-01 3.755827889597483704e+02 3.066821380973368427e+00
3.110000000000000000e+02 1.369009807866192752e+01 3.439166801706571164e+02 4.048606494016803836e+00
3.130000000000000000e+02 1.975321754756496517e+01 5.076289271358423321e+02 5.441841516948235480e+00
3.150000000000000000e+02 1.963651022039495686e+01 5.981216027233251680e+02 6.228342015173564228e+00
3.170000000000000000e+02 3.523155497719800877e+01 5.294444727821847891e+02 6.887964898303970962e+00
3.190000000000000000e+02 4.682410210676167139e+01 5.252045467083451058e+02 7.835090585054728329e+00
3.210000000000000000e+02 4.759950618107203013e+01 5.114687419882696418e+02 8.076384235888596663e+00
3.230000000000000000e+02 4.329479619191812390e+01 4.797407005875213599e+02 6.948071564739573880e+00
3.250000000000000000e+02 4.362250598456952844e+01 3.750464101976040183e+02 6.968053761066294705e+00
3.270000000000000000e+02 4.736212797938254937e+01 3.679886145344059969e+02 4.288787590744909117e+00
3.290000000000000000e+02 3.869266760341847800e+01 5.981175752344402099e+02 3.098380504741945707e+00
3.310000000000000000e+02 -1.014915997106684102e+02 5.981296758613997326e+02 3.157767923321727288e+00
3.330000000000000000e+02 3.535185139555256484e+01 5.981228456933996540e+02 4.623393817033607966e+00
3.350000000000000000e+02 4.088776582873768461e+01 5.981302232654401223e+02 4.904264274472564189e+00
3.370000000000000000e+02 5.256241220389386370e+01 4.352248127771059671e+02 4.269973976892994294e+00
3.390000000000000000e+02 5.147928196569130677e+01 3.267155485506181662e+02 4.591751963208295706e+00
3.410000000000000000e+02 5.451042074108810453e+01 5.128847089209256183e+02 3.914332108091788776e+00
3.430000000000000000e+02 6.745524980441238938e+01 4.446121009961771051e+02 3.676929613152335019e+00
3.450000000000000000e+02 6.618511655863085252e+01 3.504146140008738257e+02 3.956539270695345056e+00
3.470000000000000000e+02 6.059805601669648922e+01 4.384133306696014643e+02 3.111854277730865093e+00
3.490000000000000000e+02 7.462992197651524862e+01 5.351155811172056929e+02 3.189884475805416120e+00
3.510000000000000000e+02 8.642694326936259586e+01 3.576643183107877348e+02 3.310737079546207884e+00
3.530000000000000000e+02 9.254015838507241654e+01 3.775350042294317063e+02 3.171279720217244691e+00
3.550000000000000000e+02 -1.049970121420122808e+02 5.981066977348581304e+02 3.030017961858723741e+00
3.570000000000000000e+02 -1.070616256210801680e+02 3.724716652819779483e+02 2.951060945577706374e+00
3.590000000000000000e+02 -1.158328347859732474e+02 3.665512553517384617e+02 2.470972262018899190e+00
3.610000000000000000e+02 -9.844116203582447611e+01 4.153796274521963028e+02 2.833862929661341123e+00
3.630000000000000000e+02 -1.196797167166226359e+02 5.981222241321770525e+02 2.559148533207845411e+00
3.650000000000000000e+02 -9.550367150514922798e+01 5.695580560519803157e+02 3.402128078436200465e+00
3.670000000000000000e+02 -1.026138216187845416e+02 3.998664074796560612e+02 3.511931588150368100e+00
3.690000000000000000e+02 -1.067889367815514561e+02 4.826512211982703207e+02 3.659837216653083924e+00
3.710000000000000000e+02 -1.002272564253839562e+02 4.209859058065810018e+02 3.142611615969567396e+00
3.730000000000000000e+02 -1.075030656397584607e+02 3.678645454647631823e+02 3.198422536851616371e+00
3.750000000000000000e+02 -9.992496367981659944e+01 3.761906045182201410e+02 3.379617237208799363e+00
3.770000000000000000e+02 -1.064537603852638199e+02 4.591231143633801821e+02 2.979357431847857729e+00
3.790000000000000000e+02 -1.452746442052318514e+02 5.686633394703115982e+02 3.414440748363351652e+00
3.810000000000000000e+02 -1.429835226853753340e+02 5.982500452870406207e+02 3.403866506653918211e+00
3.830000000000000000e+02 -1.179525328435009470e+02 3.868671321624969437e+02 3.160050496209251492e+00
3.850000000000000000e+02 1.084251287715921990e+02 5.981230700256885484e+02 2.870782810188409861e+00
3.870000000000000000e+02 1.044434621822430245e+02 5.981223072184538978e+02 3.147335723571124344e+00
3.890000000000000000e+02 -1.282338825695034075e+02 5.245921608676386541e+02 2.471918678728636465e+00
3.910000000000000000e+02 -8.769006675490781788e+01 3.443863742589133494e+02 2.802603751603014892e+00
3.930000000000000000e+02 -7.970209344251762218e+01 3.321151815703354373e+02 2.525659314394246735e+00
3.950000000000000000e+02 -1.454638765873340560e+02 5.981200802853993537e+02 2.793857366676618437e+00
3.970000000000000000e+02 -1.311271557470134042e+02 5.038731093910574828e+02 3.022911723196640033e+00
3.990000000000000000e+02 -1.160700340068953409e+02 5.712707248763737198e+02 2.814229867425463549e+00
4.010000000000000000e+02 -1.115452861417174830e+02 5.819834015594822176e+02 2.415886560606831157e+00
4.030000000000000000e+02 -1.034828697792418808e+02 4.239892051435950862e+02 2.645004694991943683e+00
4.050000000000000000e+02 -1.145144652352527430e+02 3.432071416958093550e+02 3.763629006528232956e+00
4.070000000000000000e+02 -1.171881122990258461e+02 3.331799903723268130e+02 3.881187242961672723e+00
4.090000000000000000e+02 -1.151376912003871809e+02 3.903590252325153074e+02 2.538903605346624737e+00
4.110000000000000000e+02 -1.212795727602503604e+02 4.758148734533650668e+02 2.629699618538205108e+00
4.130000000000000000e+02 1.172556895138294095e+02 5.981131086298942137e+02 2.578060451379526441e+00
4.150000000000000000e+02 -1.038178287895906777e+02 3.929518702359034705e+02 2.410893699752756802e+00
4.170000000000000000e+02 7.646574886765779411e+01 4.624311707038395411e+02 3.555139729921566794e+00
4.190000000000000000e+02 7.135972095230799539e+01 4.041563352825272659e+02 6.604241050567607907e+00
4.210000000000000000e+02 7.294210230528727834e+01 3.773657447075068490e+02 2.893020783956831821e+01
4.230000000000000000e+02 7.329109689024275553e+01 3.799272919786375837e+02 9.611158282248597118e+01
4.250000000000000000e+02 7.400204886348990385e+01 3.757591130048209607e+02 5.453979284866633748e+01
4.270000000000000000e+02 7.443043015382723127e+01 3.857030417725006828e+02 5.493016419619116419e+01
4.290000000000000000e+02 7.123530577927651564e+01 3.883057264250448952e+02 7.065236846017961625e+01
4.310000000000000000e+02 7.177855217976765800e+01 3.837561543894734086e+02 6.047605491918908172e+01
4.330000000000000000e+02 7.534836529998315768e+01 3.799660262234979200e+02 4.036060430534866583e+01
4.350000000000000000e+02 7.518891172909643217e+01 3.839396634708316469e+02 3.657246140806806523e+01
4.370000000000000000e+02 7.586232539973602229e+01 3.848339955903259124e+02 5.172346395795218399e+01
4.390000000000000000e+02 7.480637725999798704e+01 3.863609648884478247e+02 4.690392704130568546e+01
4.410000000000000000e+02 7.338517519027912783e+01 3.845112364769083797e+02 5.096121519150958790e+01
4.430000000000000000e+02 7.385592917112998634e+01 3.738703579863158097e+02 5.763585114135336340e+01
4.450000000000000000e+02 7.380995820093085058e+01 3.804648379342629596e+02 4.667857423613802581e+01
4.470000000000000000e+02 7.464589397623890932e+01 3.828616938504503082e+02 3.756070283946397836e+01
4.490000000000000000e+02 7.402037328703372054e+01 3.927758700776102501e+02 4.079317398958361451e+01
4.510000000000000000e+02 7.155326935475619621e+01 3.929921132809403161e+02 2.853168865733695014e+01
4.530000000000000000e+02 7.376602883056477822e+01 3.893497361832430670e+02 2.881851063180321404e+01
4.550000000000000000e+02 7.294635843093176675e+01 3.917141756576288003e+02 2.379013264688251184e+01
4.570000000000000000e+02 7.175926976808044344e+01 3.894968737027180623e+02 1.983621991232872617e+01
4.590000000000000000e+02 7.268263348826850745e+01 3.895035858161238025e+02 1.576625062918647302e+01
4.610000000000000000e+02 7.522042444728921851e+01 4.031700567031061269e+02 1.740986788399438012e+01
4.630000000000000000e+02 7.291204008392739411e+01 4.070957054824115744e+02 1.770336571886609534e+01
4.650000000000000000e+02 7.268406529335223354e+01 4.016664182300955304e+02 2.217272053681733368e+01
4.670000000000000000e+02 7.579850903684832986e+01 4.124962741744494110e+02 1.896772114345229809e+01
4.690000000000000000e+02 7.436046751463167936e+01 4.164497059482603163e+02 9.437324931976471376e+00
4.710000000000000000e+02 7.317564816352542323e+01 4.113843305367403218e+02 7.228915983773752885e+00
4.730000000000000000e+02 6.838612872191140468e+01 3.653394395359165969e+02 7.348854074545069892e+00
4.750000000000000000e+02 6.677067798233454710e+01 4.113956414160509212e+02 7.241014157547970953e+00
4.770000000000000000e+02 7.942820916446103752e+01 5.040693122464539897e+02 4.838082751332059672e+00
4.790000000000000000e+02 7.535240944166237398e+01 5.981349603798583985e+02 3.594079996428509283e+00
4.810000000000000000e+02 6.232751217303911773e+01 5.687293061875570857e+02 3.652946829521430239e+00
4.830000000000000000e+02 9.308415910636459500e+01 5.312006536886862023e+02 3.010614846594504179e+00
4.850000000000000000e+02 -1.142416351944719963e+02 4.330465912359421736e+02 3.373036231583642852e+00
4.870000000000000000e+02 -1.187692421480468994e+02 3.877747925947877548e+02 3.729018767600844164e+00
4.890000000000000000e+02 -1.204398519792135005e+02 3.160269573793244149e+02 3.703376023628218938e+00
4.910000000000000000e+02 -1.175511126113558049e+02 2.994006706882323670e+02 3.572919017928559260e+00
4.930000000000000000e+02 -1.158616343540297891e+02 3.505647837132651716e+02 4.118915261701251218e+00
4.950000000000000000e+02 -1.123928341292935187e+02 3.669767037343047491e+02 4.048905800857093951e+00
4.970000000000000000e+02 -1.060624824313477035e+02 3.846766236048339920e+02 3.190726914704745454e+00
4.990000000000000000e+02 -1.123656147637183267e+02 3.231451255624061218e+02 2.401530621696889689e+00
5.010000000000000000e+02 -1.275520413522613126e+02 4.239213059985077621e+02 2.731599862120160260e+00
5.030000000000000000e+02 -1.076771252271326915e+02 3.864411096629924600e+02 2.753483287361049747e+00
5.050000000000000000e+02 -1.027128260003262454e+02 3.600173051125729557e+02 3.060889287025737815e+00
5.070000000000000000e+02 -1.024819724955129061e+02 3.455254810662956402e+02 3.054406894906356751e+00
5.090000000000000000e+02 -1.035652493941785082e+02 3.427901046840063941e+02 2.640090306841164303e+00
5.110000000000000000e+02 -1.041234796776469551e+02 3.035652802703905877e+02 2.824673065531684291e+00
5.130000000000000000e+02 -9.977364752832473016e+01 3.203388575501318201e+02 3.281539824630782309e+00
5.150000000000000000e+02 -1.100956450905140258e+02 3.940867176411172750e+02 2.999190121829822697e+00
5.170000000000000000e+02 -1.173686211063232037e+02 2.993580152149719993e+02 2.858969730134323317e+00
5.190000000000000000e+02 1.715121411933453999e+02 5.981200275807332218e+02 2.935660660155682944e+00
5.210000000000000000e+02 -1.117574680614162332e+02 4.022575432288279558e+02 2.685370399788335583e+00
5.230000000000000000e+02 -1.072722055181314431e+02 4.748059237994353339e+02 2.302619768225371732e+00
5.250000000000000000e+02 -1.117536745606725219e+02 5.981292564926031901e+02 2.758722251040797602e+00
5.270000000000000000e+02 -1.135927456157547653e+02 5.648902112473055013e+02 3.519655143408582099e+00
5.290000000000000000e+02 -1.174567166164770384e+02 4.344020015134666437e+02 2.539709559090771673e+00
5.310000000000000000e+02 -1.150143335434821665e+02 3.059139051762475106e+02 2.530963489358237339e+00
5.330000000000000000e+02 -1.105726512526462102e+02 2.993540676486691723e+02 2.527501880644062116e+00
5.350000000000000000e+02 -1.011520177947052304e+02 2.993855746415424619e+02 2.242869166009690218e+00
5.370000000000000000e+02 -1.117727006108413406e+02 3.347883495105089082e+02 2.833856843395651470e+00
5.390000000000000000e+02 -1.348206280096671605e+02 3.094686240049448429e+02 3.213773128101316878e+00
5.410000000000000000e+02 -1.320710879080695861e+02 3.031590631816458199e+02 3.479607465576724401e+00
5.430000000000000000e+02 -1.294783555203150343e+02 3.358591338041012477e+02 3.507470860758077791e+00
5.450000000000000000e+02 -1.068757689356445439e+02 3.102782265529172037e+02 2.966758199127018436e+00
5.470000000000000000e+02 -1.205717413623439995e+02 3.119514133273134462e+02 2.710481266437986037e+00
5.490000000000000000e+02 -1.300848062454604133e+02 3.923459389159237389e+02 3.010721999281168237e+00
5.510000000000000000e+02 -1.264286329539096982e+02 3.502140672915477353e+02 3.519838013688672440e+00
5.530000000000000000e+02 -1.220783882032098262e+02 3.129484911310213420e+02 3.099435997593363190e+00
5.550000000000000000e+02 -1.139974790051407325e+02 3.766974131928440102e+02 3.234180523780542771e+00
5.570000000000000000e+02 -1.013831623017422459e+02 3.568229676310854757e+02 3.706311855191045446e+00
5.590000000000000000e+02 -1.065341519231869398e+02 3.792527589461333264e+02 3.583486535835469056e+00
5.610000000000000000e+02 -9.503946950448198550e+01 2.993650015477805937e+02 2.931822628629812133e+00
5.630000000000000000e+02 -9.217152968185857276e+01 2.993776802167371329e+02 2.652053781702119917e+00
5.650000000000000000e+02 -1.055084775256816272e+02 2.993723322547972998e+02 2.789943340388614690e+00
5.670000000000000000e+02 -1.055980619791051396e+02 2.993740855177881031e+02 2.884864038007208364e+00
5.690000000000000000e+02 -1.124762071936001604e+02 2.993695739015772119e+02 3.051754896901301972e+00
5.710000000000000000e+02 -1.124025849119290399e+02 2.993718586337182046e+02 3.097798991634757915e+00
5.730000000000000000e+02 -1.162690430635589109e+02 3.183692103405520015e+02 3.331456415889005651e+00
5.750000000000000000e+02 -1.105119386948531428e+02 3.843702968647041871e+02 4.202165774632072193e+00
5.770000000000000000e+02 -1.154693474194229026e+02 3.431206520998105134e+02 4.385092640316380574e+00
5.790000000000000000e+02 -1.120969882924792103e+02 3.809736876881939907e+02 4.488212902468857735e+00
5.810000000000000000e+02 -1.265480342826294162e+02 4.227438621212938301e+02 3.393645184772507317e+00
5.830000000000000000e+02 -1.247222093967072567e+02 3.961780694943173557e+02 3.074738574148651260e+00
5.850000000000000000e+02 -1.019117744672508792e+02 3.448100352108947959e+02 2.803289092862722764e+00
5.870000000000000000e+02 -1.033121718948873280e+02 3.179413562901751220e+02 2.973668160822406481e+00
5.890000000000000000e+02 -9.924461809558147252e+01 2.993551254723178658e+02 3.058937734422908061e+00
5.910000000000000000e+02 -9.401857167278336647e+01 3.204171864449292002e+02 2.436853842558973415e+00
5.930000000000000000e+02 -7.826056620481934090e+01 5.186307723701009991e+02 2.311666215191517715e+00
5.950000000000000000e+02 -9.087544565106084349e+01 4.189560410323180122e+02 2.518674566611636134e+00
5.970000000000000000e+02 -1.055394335051028492e+02 2.993626303002380951e+02 3.551060918311927495e+00
5.990000000000000000e+02 -1.153518465597696547e+02 2.993593886979224976e+02 3.562819466822475523e+00
6.010000000000000000e+02 -1.212427492396537616e+02 3.923279204021397391e+02 3.174108372280928236e+00
6.030000000000000000e+02 -1.068818904645931553e+02 4.403592963536756884e+02 2.522317630600205529e+00
6.050000000000000000e+02 -1.168698491148206244e+02 2.993815897453278581e+02 2.614479051674403642e+00
6.070000000000000000e+02 -1.195398315347092506e+02 4.016136379775138607e+02 2.495586272925056637e+00
6.090000000000000000e+02 -1.135309422770191929e+02 4.376566706567763276e+02 2.741600694774020130e+00
6.110000000000000000e+02 -1.202410263136040953e+02 5.749774763722513171e+02 2.552853355054087281e+00
6.130000000000000000e+02 -1.069914507518186610e+02 3.253262522365940299e+02 2.220737977696470189e+00
6.150000000000000000e+02 -1.094220612916608246e+02 2.993617164541061015e+02 2.394557301444185438e+00
6.170000000000000000e+02 -1.046919691418841012e+02 3.050121613797230680e+02 2.674314329449984484e+00
6.190000000000000000e+02 -1.078629250725932991e+02 3.024782970605316450e+02 3.013535843387299185e+00
6.210000000000000000e+02 -1.069146561489104670e+02 3.126454283644166026e+02 3.232355205283993893e+00
6.230000000000000000e+02 -1.111203500788263909e+02 3.661338535718589355e+02 3.204811884287831258e+00
6.250000000000000000e+02 -1.154357679628434568e+02 3.843053184771983979e+02 2.722635274041989017e+00
6.270000000000000000e+02 -1.303072598111679952e+02 5.981149365823266635e+02 2.666248720051628052e+00
6.290000000000000000e+02 -7.064404198111921573e+01 4.708379613115067173e+02 2.544898782663992165e+00
6.310000000000000000e+02 -7.926301463391332902e+01 3.589370952079819403e+02 3.048623337872660155e+00
6.330000000000000000e+02 -1.052830904384345558e+02 3.022179312957641741e+02 3.020294254027219960e+00
6.350000000000000000e+02 -1.058229012226356502e+02 3.514137750551732893e+02 3.006971161307264495e+00
6.370000000000000000e+02 -1.134863543100487675e+02 2.995388034400247079e+02 2.940717601305548712e+00
6.390000000000000000e+02 -1.244578471566853608e+02 2.993733349514209863e+02 2.987322772171330687e+00
6.410000000000000000e+02 -1.378086767230536793e+02 2.993723989500384732e+02 2.256236338968001132e+00
6.430000000000000000e+02 -1.372525893987679240e+02 2.994275643474469462e+02 2.515273989573139524e+00
6.450000000000000000e+02 -1.293169203612048932e+02 2.994014007830113542e+02 3.256867764923757402e+00
6.470000000000000000e+02 -1.272765684773549850e+02 3.261400907102809583e+02 3.437541343227543678e+00
6.490000000000000000e+02 -1.263233368744563734e+02 3.474874735181958272e+02 3.216988896165019263e+00
6.510000000000000000e+02 -1.116434449912114104e+02 5.981308972118928295e+02 3.044744625743600608e+00
6.530000000000000000e+02 1.210160448340243988e+02 5.981259065652985782e+02 2.622986151270761290e+00
6.550000000000000000e+02 1.055246100655907924e+02 4.697362051520462387e+02 2.405779693710251799e+00
6.570000000000000000e+02 -1.132531202545390556e+02 5.980818612001075962e+02 2.189569344454732835e+00
6.590000000000000000e+02 -1.043703510032858617e+02 2.993897609531375110e+02 2.610238803443845512e+00
6.610000000000000000e+02 -9.755744027826061426e+01 3.647130848317150935e+02 2.535583429818184964e+00
6.630000000000000000e+02 1.135523331693235178e+02 5.981231048992578962e+02 2.608526874897403758e+00
6.650000000000000000e+02 -1.160475435672469047e+02 5.408444237679037769e+02 2.533585967492918201e+00
6.670000000000000000e+02 -9.904743123147609651e+01 3.632432308929975306e+02 2.663373327334972895e+00
6.690000000000000000e+02 -8.645634991288488891e+01 3.498519565260840523e+02 2.702274645931694419e+00
6.710000000000000000e+02 -1.053548813357023448e+02 4.942011055958050747e+02 2.842011504402176758e+00
6.730000000000000000e+02 -1.102591470732986636e+02 3.645242348156597245e+02 2.827426111350530569e+00
6.750000000000000000e+02 1.285114618956495178e+02 5.981290552664130473e+02 2.456660336340783513e+00
6.770000000000000000e+02 1.061568002046465011e+02 5.981242115306372398e+02 2.864302062143075034e+00
6.790000000000000000e+02 -1.086834370630355551e+02 5.981365443044952599e+02 3.067854425235433169e+00
6.810000000000000000e+02 -1.043881949699029548e+02 3.448884408749424892e+02 2.900933632953528019e+00
6.830000000000000000e+02 -1.039034310647656554e+02 5.981241253631395693e+02 2.956799861108693861e+00
6.850000000000000000e+02 -1.223001339428370073e+02 5.981336790947680129e+02 3.559502344939894591e+00
6.870000000000000000e+02 -1.136993386234028520e+02 4.009636117751840629e+02 3.327642993144376504e+00
6.890000000000000000e+02 -1.119582869659600419e+02 4.918364730689444286e+02 2.934215075954632379e+00
6.910000000000000000e+02 -1.111636751598762629e+02 4.016494376660905345e+02 3.133526622196807221e+00
6.930000000000000000e+02 -1.145354421464847547e+02 5.981390113347200668e+02 3.007969087134402919e+00
6.950000000000000000e+02 -1.352785819013020330e+02 5.980945198833746872e+02 2.820118748948467147e+00
6.970000000000000000e+02 -1.223320251259174825e+02 4.188165065094981401e+02 2.964689535137845056e+00
6.990000000000000000e+02 -1.125532187578200904e+02 3.679221998317990483e+02 2.872532873183524682e+00
7.010000000000000000e+02 -1.150242916308101115e+02 2.990206767560791263e+02 2.583197304898327218e+00
7.030000000000000000e+02 -1.130995469396033712e+02 3.234965319816333249e+02 3.138318398232002426e+00
7.050000000000000000e+02 -1.190400962423418463e+02 2.998304037465995293e+02 3.034793569157145932e+00
7.070000000000000000e+02 -1.197229290849287366e+02 2.993736159514435258e+02 2.548480957797213620e+00
7.090000000000000000e+02 -1.156830601049617968e+02 3.411550004104597065e+02 2.626441874346781447e+00
7.110000000000000000e+02 -1.192874404388971641e+02 3.892506409293851561e+02 2.688744029544329450e+00
7.130000000000000000e+02 -1.337631535397640903e+02 4.284036035839982333e+02 2.949193811727462311e+00
7.150000000000000000e+02 -1.365888066429861567e+02 3.554624596133088517e+02 2.273467036021052490e+00
7.170000000000000000e+02 -1.187150503385406068e+02 3.854875359435163205e+02 2.692793706401595877e+00
7.190000000000000000e+02 -1.178051379533492309e+02 3.683741325722530178e+02 2.742778694869686174e+00
7.210000000000000000e+02 -1.146255186725539517e+02 4.497833072554300884e+02 2.800809398465719635e+00
7.230000000000000000e+02 -1.220271484255538894e+02 3.882503721660746692e+02 2.772747444698687058e+00
7.250000000000000000e+02 -1.124266668292976732e+02 4.109767008170867371e+02 3.078332147505916438e+00
7.270000000000000000e+02 -1.117157196788570559e+02 3.816794517637187596e+02 2.498661161882099524e+00
7.290000000000000000e+02 -1.171490569407770010e+02 2.993747963802921390e+02 2.764413708194576103e+00
7.310000000000000000e+02 -1.179427729245498000e+02 2.993755698103875602e+02 3.277253374842456157e+00
7.330000000000000000e+02 -1.165087798208446657e+02 3.532666685846069754e+02 4.335224093310827698e+00
7.350000000000000000e+02 -1.025291694109013036e+02 4.420201507382828936e+02 3.830607866530673533e+00
7.370000000000000000e+02 -8.625322681281664927e+01 3.489422946462150321e+02 2.952476659283479243e+00
7.390000000000000000e+02 -8.108082672804098934e+01 2.993466427902318969e+02 2.678577865602203900e+00
7.410000000000000000e+02 -1.034180617175159114e+02 3.707012223810663158e+02 2.758698523842541217e+00
7.430000000000000000e+02 -1.205893973663620500e+02 3.440175006299228926e+02 3.031788212000736227e+00
7.450000000000000000e+02 -1.197163778606804669e+02 3.744270417299495080e+02 3.039438784426399032e+00
7.470000000000000000e+02 -1.285353525939083852e+02 3.294614813922444796e+02 3.220393805897385331e+00
7.490000000000000000e+02 -1.245369870012238209e+02 2.993666027826618574e+02 3.557419759534119486e+00
7.510000000000000000e+02 -1.181121775665662170e+02 2.993748925026813481e+02 3.459581621854107780e+00
7.530000000000000000e+02 -1.173001474680958722e+02 3.003967995220943408e+02 2.633733367633365408e+00
7.550000000000000000e+02 -1.116415433918372315e+02 3.184297998927245885e+02 2.914790287104797706e+00
7.570000000000000000e+02 -1.102486950122857507e+02 2.993595889436674611e+02 2.803309884284818754e+00
7.590000000000000000e+02 -1.128431519017854612e+02 3.687173416327198652e+02 2.827906938483077059e+00
7.610000000000000000e+02 -1.047495143592452251e+02 4.562182246837816137e+02 2.743370885499010203e+00
7.630000000000000000e+02 -6.418025402879436569e+01 4.797617533185043044e+02 2.686867329455099096e+00
7.650000000000000000e+02 -6.851385133872111055e+01 5.665136659685437053e+02 3.066600111102040671e+00
7.670000000000000000e+02 -9.878199581787690420e+01 5.980928932499442681e+02 3.284261200965328253e+00
7.690000000000000000e+02 -1.137964610070082614e+02 4.303610780343478268e+02 2.631100247601807940e+00
7.710000000000000000e+02 -9.970134841449065277e+01 3.789913132895445642e+02 3.209461309812652985e+00
7.730000000000000000e+02 -1.096071353149209671e+02 3.423218805843227983e+02 3.189986903673198260e+00
7.750000000000000000e+02 -1.055039643543485681e+02 2.993742783760102384e+02 3.167084828759727966e+00
7.770000000000000000e+02 -1.030282141308814943e+02 3.033612004414313219e+02 3.049158184704864993e+00
7.790000000000000000e+02 -9.529431194994411669e+01 3.346267331508199732e+02 3.056132865205386295e+00
7.810000000000000000e+02 -9.269159451939044914e+01 3.605199309248889108e+02 3.470903558248645826e+00
7.830000000000000000e+02 -1.082192262954653472e+02 3.854076960789955706e+02 4.028618192185221325e+00
7.850000000000000000e+02 -9.878853605733443999e+01 3.703501482505716353e+02 3.046728503239269248e+00
7.870000000000000000e+02 -8.842573596406431591e+01 3.261236815355575231e+02 3.592924269397152148e+00
7.890000000000000000e+02 -9.227381731272018328e+01 3.268671075216610689e+02 3.180663112830726558e+00
7.910000000000000000e+02 -1.098949913835732843e+02 3.622733390180877677e+02 3.300387060518556126e+00
7.930000000000000000e+02 -1.179167808623596301e+02 4.480180470707768450e+02 3.194503637450994749e+00
7.950000000000000000e+02 -1.014045658378426680e+02 4.204285182068124413e+02 3.007273812704208460e+00
7.970000000000000000e+02 -1.092328145609327379e+02 3.120008949439609864e+02 2.870102225433971199e+00
7.990000000000000000e+02 -1.120281860384498600e+02 3.686939779456386077e+02 2.949703542634436904e+00
8.010000000000000000e+02 -1.154767094957049522e+02 4.760038029557117625e+02 3.587910864796833188e+00
8.030000000000000000e+02 -1.116192631706270646e+02 3.609858721303054381e+02 3.405182348334155673e+00
8.050000000000000000e+02 -1.117692872423606900e+02 2.993845651621683714e+02 3.108833876191488876e+00
8.070000000000000000e+02 -1.066403987088611132e+02 2.992959271084646389e+02 3.294465977266651802e+00
8.090000000000000000e+02 -1.095252330674225476e+02 2.993818644828871811e+02 2.616944815202236096e+00
8.110000000000000000e+02 -1.069540902223780989e+02 3.264224812167513505e+02 3.237129303429560512e+00
8.130000000000000000e+02 -1.231351242905533212e+02 4.345185879935320372e+02 3.732452283978105800e+00
8.150000000000000000e+02 -1.186865805884339267e+02 3.602912722092630702e+02 3.504562746568168574e+00
8.170000000000000000e+02 -1.102505694130521618e+02 3.508523751292377710e+02 2.579060072738591280e+00
8.190000000000000000e+02 -1.127954165869645777e+02 4.139015145784411516e+02 2.830861918991920856e+00
8.210000000000000000e+02 -1.199562007089211733e+02 3.729714637103013501e+02 3.706038478031143057e+00
8.230000000000000000e+02 -1.064462281456010828e+02 5.777870484382516452e+02 3.111550065722290093e+00
8.250000000000000000e+02 -1.157880375257914949e+02 4.233268267336132453e+02 2.980413801866119705e+00
8.270000000000000000e+02 -1.254113439802521128e+02 2.994942354188590912e+02 2.997021876523777273e+00
8.290000000000000000e+02 -1.175114479486000079e+02 3.288170937417997948e+02 3.121257520442969557e+00
8.310000000000000000e+02 -1.062777958730420522e+02 3.830288266195826736e+02 2.984442933697919464e+00
8.330000000000000000e+02 -1.036741168435936800e+02 4.685021275461202208e+02 3.189582234692509566e+00
8.350000000000000000e+02 -9.367643525700742657e+01 4.001892276152032082e+02 2.728444937368569079e+00
8.370000000000000000e+02 -8.655500961669797277e+01 3.711984917114074847e+02 2.740253476430928536e+00
8.390000000000000000e+02 -9.996196975860689804e+01 3.446908733603146402e+02 2.986699869700794707e+00
8.410000000000000000e+02 -1.114519040860095345e+02 3.289378631898949834e+02 2.792293868059137374e+00
8.430000000000000000e+02 -1.169487843317708524e+02 3.324098915741563474e+02 3.006256543688437421e+00
8.450000000000000000e+02 -1.207459750925963391e+02 3.701773186278815047e+02 3.138321633255460874e+00
8.470000000000000000e+02 -1.230188561741427407e+02 4.077933507035284038e+02 2.945626336322396899e+00
8.490000000000000000e+02 -1.049914271881941801e+02 4.199214324841520920e+02 2.760259239126122033e+00
8.510000000000000000e+02 -1.229968287788767043e+02 3.492177578965161615e+02 3.061222361666017022e+00
8.530000000000000000e+02 -1.195581759926877368e+02 3.189827201390733649e+02 2.677763915213492218e+00
8.550000000000000000e+02 -1.181088896119707670e+02 3.574537631930765542e+02 3.004780958126258561e+00
8.570000000000000000e+02 -1.222053708780343868e+02 3.231432632200686612e+02 3.150127009899524211e+00
8.590000000000000000e+02 -1.209541490401081631e+02 3.161357079820219838e+02 3.092751376386696727e+00
8.610000000000000000e+02 -1.174293413131660770e+02 3.318472055709079314e+02 2.910414075015412383e+00
8.630000000000000000e+02 -1.038518836879281650e+02 3.848265523999560287e+02 2.790889811074686921e+00
8.650000000000000000e+02 9.491641566745653336e+01 3.216195534183536893e+02 2.379969498974174869e+00
8.670000000000000000e+02 -1.057670132685273785e+02 2.993765165650400490e+02 2.572488062939639164e+00
8.690000000000000000e+02 -1.081062766017511052e+02 3.507928708008484477e+02 3.502653597359683957e+00
8.710000000000000000e+02 -1.125089928818576936e+02 5.981292277215196691e+02 3.071908069278090458e+00
8.730000000000000000e+02 -1.145196324702279611e+02 4.339218227805981769e+02 3.239901617541407930e+00
8.750000000000000000e+02 -1.208835561173203388e+02 3.720994830950548362e+02 3.579638235886333675e+00
8.770000000000000000e+02 -1.273887289482243261e+02 3.784903590088476903e+02 3.280546166760458071e+00
8.790000000000000000e+02 -1.153082997391683335e+02 5.981199173601185066e+02 2.948010980241296153e+00
8.810000000000000000e+02 -9.550602338136137348e+01 5.981297187137699893e+02 3.394872346957841014e+00
8.830000000000000000e+02 -9.474587956226859831e+01 5.300836841314883259e+02 3.345149035612855037e+00
8.850000000000000000e+02 -1.142023218998490819e+02 3.817751589844015143e+02 3.529830578824563858e+00
8.870000000000000000e+02 -1.200320716569055435e+02 4.050777138417265633e+02 4.079675210403994612e+00
8.890000000000000000e+02 -1.140522163602554855e+02 5.929755474882930457e+02 3.162984362732789378e+00
8.910000000000000000e+02 -1.227576647527780125e+02 4.405090691593818519e+02 3.052162367722198510e+00
8.930000000000000000e+02 -1.114270967628656308e+02 4.806358834646852074e+02 2.841551071543048756e+00
