# InfraPy Beamforming (fk) Results
# 
# Data summary:
#     CC.PR05.01.BDF	2023-05-08T13:05:30.940000Z - 2023-05-08T13:20:30.920000Z
#     CC.PR05.02.BDF	2023-05-08T13:05:30.940000Z - 2023-05-08T13:20:30.920000Z
#     CC.PR05.03.BDF	2023-05-08T13:05:30.940000Z - 2023-05-08T13:20:30.920000Z
# 
#   channel_cnt: 3
#   t0: 2023-05-08T13:05:30.940000Z
#   latitude: 46.841748
#   longitude: -121.948853
# 
# Algorithm parameters:
#   freq_min: 1.0
#   freq_max: 10.0
#   back_az_min: -180.0
#   back_az_max: 180.0
#   back_az_step: 2.0
#   trace_vel_min: 300.0
#   trace_vel_max: 600.0
#   trace_vel_step: 2.5
#   method: bartlett
#   signal_start: None
#   signal_end: None
#   window_len: 10.0
#   sub_window_len: None
#   window_step: 2.0
# 
# Time (rel t0) [s]      Back Az [deg]	           Tr. Velocity [m/s]       F-stat
5.000000000000000000e+00 -1.340012774278425809e+02 5.981250424092357889e+02 2.159488285151126341e+00
7.000000000000000000e+00 1.277663603372140670e+02 5.981242400925150378e+02 2.159828564001441631e+00
9.000000000000000000e+00 -1.444090576435930871e+02 5.981359547111819666e+02 2.468075010795899971e+00
1.100000000000000000e+01 -1.289626742359569107e+02 3.462043935646837554e+02 2.510675420997530161e+00
1.300000000000000000e+01 -1.340926724700261730e+02 5.594652170951645758e+02 2.698757669944731763e+00
1.500000000000000000e+01 -1.303754953236465894e+02 3.860407823017085889e+02 2.996048139532245802e+00
1.700000000000000000e+01 -1.303565122742856772e+02 3.969816308256432649e+02 2.621410447997488458e+00
1.900000000000000000e+01 -1.177391595698885425e+02 4.188083481569668720e+02 2.979030013395382426e+00
2.100000000000000000e+01 -1.160099519762400746e+02 3.791779537377909151e+02 3.416766832965462353e+00
2.300000000000000000e+01 -1.206288695535968998e+02 3.536116162996128196e+02 3.682234644410951496e+00
2.500000000000000000e+01 -1.216925939662501008e+02 3.659824947831214104e+02 3.005421274834902512e+00
2.700000000000000000e+01 -1.123029851951546192e+02 4.586742984147752509e+02 2.472748498877548773e+00
2.900000000000000000e+01 -1.092141208121902736e+02 4.248887220578995993e+02 2.853217253471133752e+00
3.100000000000000000e+01 -1.028465806352335932e+02 3.785720649446870425e+02 3.092371023805101871e+00
3.300000000000000000e+01 -1.264990843062632706e+02 5.516201205877259781e+02 3.358980858926929436e+00
3.500000000000000000e+01 -1.389868265851114302e+02 5.981383134012055507e+02 3.185894451708678687e+00
3.700000000000000000e+01 9.794125416628055802e+01 5.981273680439117015e+02 3.126310687997172710e+00
3.900000000000000000e+01 7.410559900764704366e+01 5.981276285098152812e+02 2.793267454452038834e+00
4.100000000000000000e+01 -1.584966511108107738e+02 5.983622391696076193e+02 2.915318191823931926e+00
4.300000000000000000e+01 -1.456826630832725300e+02 4.832880009488807218e+02 2.976492295739288529e+00
4.500000000000000000e+01 -1.252915240443696945e+02 2.993744920554490818e+02 2.614566547545923214e+00
4.700000000000000000e+01 -1.160722320432924164e+02 4.052153629197978262e+02 3.052508958036566522e+00
4.900000000000000000e+01 -1.153150202050846502e+02 5.120974774725256111e+02 3.207743160699763063e+00
5.100000000000000000e+01 -9.897516785727148658e+01 2.994656432434358067e+02 3.225629228303347418e+00
5.300000000000000000e+01 -9.806485948937009312e+01 2.993797528913268593e+02 2.727601585274069151e+00
5.500000000000000000e+01 -1.212855398014705486e+02 4.024487887844550755e+02 2.657939476633578657e+00
5.700000000000000000e+01 -1.238045174209453165e+02 4.652745699063584084e+02 3.259894890414321456e+00
5.900000000000000000e+01 -1.174198562653145501e+02 5.005692337291334866e+02 3.488863975338950763e+00
6.100000000000000000e+01 -1.101388054963446450e+02 4.084544779704842767e+02 2.785956739484229061e+00
6.300000000000000000e+01 -1.104064281107756216e+02 3.139959728224804962e+02 2.735792953397784277e+00
6.500000000000000000e+01 -1.247856689670610422e+02 2.993566465146589621e+02 2.738200388143457786e+00
6.700000000000000000e+01 -1.177879385468966404e+02 2.993822582761387707e+02 2.449555159371168411e+00
6.900000000000000000e+01 8.426374978412269456e+01 5.981396283186638811e+02 2.644062361475627121e+00
7.100000000000000000e+01 -1.310660942905981301e+02 5.981239819152905284e+02 3.454525777365741401e+00
7.300000000000000000e+01 -1.246796438707005166e+02 4.423877587927394757e+02 3.173352675989591365e+00
7.500000000000000000e+01 -1.193917730981317362e+02 3.391457502759811291e+02 2.713126402317955765e+00
7.700000000000000000e+01 -1.168286852362859918e+02 2.993529194480340720e+02 2.715770558834999626e+00
7.900000000000000000e+01 -9.805507514622355814e+01 3.255005162806205021e+02 2.911608900078293427e+00
8.100000000000000000e+01 -9.588364385596871386e+01 4.202829164049395558e+02 2.676468574840361381e+00
8.300000000000000000e+01 1.030864520688315622e+02 5.981238533639718753e+02 2.537180023405516849e+00
8.500000000000000000e+01 -1.217589917049733970e+02 5.981232237797430571e+02 2.678269838001807734e+00
8.700000000000000000e+01 -1.089072020391581788e+02 4.941964372812679471e+02 3.014814688061658199e+00
8.900000000000000000e+01 -9.958430665695348694e+01 3.233669689617363474e+02 2.761041993099024427e+00
9.100000000000000000e+01 -1.170079216256317665e+02 4.763455585786352344e+02 3.525073478598409249e+00
9.300000000000000000e+01 -1.163537011558562853e+02 4.464549205413940172e+02 3.108300947264545755e+00
9.500000000000000000e+01 -1.069690991936549267e+02 2.993686183223495618e+02 2.522398465531212608e+00
9.700000000000000000e+01 9.106973769246721417e+01 5.373114135859192402e+02 2.391775431231899951e+00
9.900000000000000000e+01 -9.190233955864241011e+01 3.201144419338820057e+02 3.566697631756468923e+00
1.010000000000000000e+02 -1.163502289509191456e+02 5.981244702536197337e+02 3.477356056947142005e+00
1.030000000000000000e+02 -1.275290376736630975e+02 5.981199739970455767e+02 3.451851777260270815e+00
1.050000000000000000e+02 -1.183283314842134928e+02 3.452430013420038790e+02 3.144169262211219174e+00
1.070000000000000000e+02 -1.136051395495937442e+02 3.629098214538500997e+02 3.257950863798523500e+00
1.090000000000000000e+02 -1.114332589076874740e+02 4.015978275139158882e+02 3.114093213620577227e+00
1.110000000000000000e+02 -1.114656416716372291e+02 4.814694407628049930e+02 3.633717533346411344e+00
1.130000000000000000e+02 -1.188416447500494826e+02 4.284534863048824036e+02 2.904635420712344818e+00
1.150000000000000000e+02 -1.231266197833952276e+02 4.142632049482424463e+02 2.778724441489090591e+00
1.170000000000000000e+02 -1.367960583138710433e+02 5.028065820141100062e+02 3.388263054912900696e+00
1.190000000000000000e+02 -1.275263249692917782e+02 4.915336778978281700e+02 4.325304324798175060e+00
1.210000000000000000e+02 1.145095674965507158e+02 4.308767136600606591e+02 2.848460113818029438e+00
1.230000000000000000e+02 1.154516652180424927e+02 5.981107712207963232e+02 3.223698734154785139e+00
1.250000000000000000e+02 -1.024620801437889952e+02 4.578474234634950903e+02 3.160048006809305310e+00
1.270000000000000000e+02 -1.000290107791874163e+02 2.993753400997563858e+02 2.938825125375698288e+00
1.290000000000000000e+02 -1.029320893292047714e+02 3.052369365773766958e+02 3.213917258442722691e+00
1.310000000000000000e+02 -1.072634065347095458e+02 5.980971254051585220e+02 3.150438500456595126e+00
1.330000000000000000e+02 -1.311707771513861189e+02 5.981202083457682193e+02 3.521232171378728903e+00
1.350000000000000000e+02 -1.348617837517613509e+02 4.264437436526152965e+02 3.716716310296043879e+00
1.370000000000000000e+02 -1.307154651517242598e+02 3.706762712738649839e+02 3.482199111826229654e+00
1.390000000000000000e+02 -9.883516295371789795e+01 3.167819852798698435e+02 3.484889119282298164e+00
1.410000000000000000e+02 -1.073174814441581049e+02 3.979681820331560971e+02 2.965973290613796554e+00
1.430000000000000000e+02 1.099242741970846851e+02 5.981252645858332926e+02 2.575754353927384166e+00
1.450000000000000000e+02 -1.411015967167309952e+02 4.624658816554764371e+02 2.485648212241346133e+00
1.470000000000000000e+02 -1.272783920684380945e+02 5.776083804704325075e+02 2.971832901752925693e+00
1.490000000000000000e+02 -1.061264814934851302e+02 5.180735142703081237e+02 2.565605814281646246e+00
1.510000000000000000e+02 -9.945815399544942181e+01 2.993549697172168749e+02 2.635136242168737652e+00
1.530000000000000000e+02 -1.101774675830210128e+02 5.382345487902963441e+02 3.192990032274875656e+00
1.550000000000000000e+02 -1.120406681059678391e+02 4.327642872850726690e+02 3.419031235119879941e+00
1.570000000000000000e+02 -1.168896820039439319e+02 3.970026765536626954e+02 2.919370111536847556e+00
1.590000000000000000e+02 -1.515457103783675166e+02 4.307006624639022903e+02 2.851607406247342436e+00
1.610000000000000000e+02 -1.309734817812831409e+02 3.608074916741448419e+02 2.755432447600758561e+00
1.630000000000000000e+02 -1.189252899743096208e+02 4.430103575275016397e+02 2.995925414295706357e+00
1.650000000000000000e+02 -1.423035506716010730e+02 5.981259995443654134e+02 2.888947453103416052e+00
1.670000000000000000e+02 -1.321487814091421740e+02 5.981262666549251890e+02 3.057656113267313014e+00
1.690000000000000000e+02 -1.189829787825367333e+02 4.251914089539025667e+02 3.002875819621105169e+00
1.710000000000000000e+02 -1.201412348140023880e+02 3.398715331730841740e+02 2.955997675846704809e+00
1.730000000000000000e+02 -1.213941061054257631e+02 2.993779894144119567e+02 2.145512132172139985e+00
1.750000000000000000e+02 -1.156495795474073134e+02 2.993741756374792544e+02 2.405857348094221138e+00
1.770000000000000000e+02 -1.229938348117897817e+02 5.981347995162479947e+02 2.439382217651241191e+00
1.790000000000000000e+02 1.270600126548915227e+02 5.981215312341989829e+02 2.711076124369052653e+00
1.810000000000000000e+02 -9.679349533596059985e+01 3.688122861484575310e+02 2.919673048539515481e+00
1.830000000000000000e+02 -9.963543464493457691e+01 3.441374539369916761e+02 3.026007126382300516e+00
1.850000000000000000e+02 -1.172119114276448784e+02 3.919733856736509097e+02 2.922057411104447944e+00
1.870000000000000000e+02 -1.670504564446610516e+02 5.981078326576671316e+02 2.539463131372520888e+00
1.890000000000000000e+02 1.650489980897268083e+02 5.981253863772169552e+02 2.600891852342168242e+00
1.910000000000000000e+02 -1.506915210800371767e+02 5.982451811350348407e+02 2.884493399085051202e+00
1.930000000000000000e+02 -1.236083280902726216e+02 3.034737300179585304e+02 2.890888427002848537e+00
1.950000000000000000e+02 -1.151846654558336098e+02 5.151564248329697193e+02 3.010874354255679286e+00
1.970000000000000000e+02 -9.636288889864701446e+01 4.538669663133394465e+02 2.977224656459851904e+00
1.990000000000000000e+02 -9.057778032873892471e+01 5.669908645040410420e+02 2.995516830065565017e+00
2.010000000000000000e+02 -1.202415326689840640e+02 5.076356904410840230e+02 2.796482899520403631e+00
2.030000000000000000e+02 -1.243139040632773913e+02 3.457114810457359226e+02 2.299609818538224104e+00
2.050000000000000000e+02 -1.155422360689716612e+02 3.691067572798354490e+02 2.242877840327447636e+00
2.070000000000000000e+02 -1.156591411599017505e+02 3.698594749932631203e+02 2.930302408278146142e+00
2.090000000000000000e+02 -1.169317505220914484e+02 4.161534389152152471e+02 3.028725253628038239e+00
2.110000000000000000e+02 -1.226798111663493955e+02 4.206976768253819046e+02 3.196309934428887445e+00
2.130000000000000000e+02 -1.104954936345356771e+02 5.058698412657365679e+02 3.401830020579004632e+00
2.150000000000000000e+02 -9.425492925421119139e+01 3.353600508207176745e+02 3.037051002932101618e+00
2.170000000000000000e+02 -9.451930676194726288e+01 2.993900998019469739e+02 3.286339793774293749e+00
2.190000000000000000e+02 -1.067887280349820145e+02 3.457262731696678202e+02 2.784140044665322833e+00
2.210000000000000000e+02 -1.173329210966043377e+02 4.087268733731523298e+02 2.784260873934000902e+00
2.230000000000000000e+02 -1.154602761566707585e+02 4.701744888435852658e+02 3.053129601201807208e+00
2.250000000000000000e+02 -1.331828559055608423e+02 5.702609931729134587e+02 3.124295982183247222e+00
2.270000000000000000e+02 -1.041727216818167534e+02 5.661368846080484900e+02 2.900498974911405181e+00
2.290000000000000000e+02 -1.120362579686043887e+02 3.686641994482650375e+02 3.127553661657163975e+00
2.310000000000000000e+02 -1.141015810290369075e+02 3.626856284903626602e+02 2.662564304275136795e+00
2.330000000000000000e+02 -1.266629162440296312e+02 4.364240300444611194e+02 2.600744540833996865e+00
2.350000000000000000e+02 -1.239824978151080472e+02 3.381647922872049890e+02 3.070930061206729622e+00
2.370000000000000000e+02 -1.237876183837024797e+02 3.258445212838011571e+02 3.594038867522320047e+00
2.390000000000000000e+02 -1.191751062981878704e+02 3.150261393914960308e+02 2.995182618786687900e+00
2.410000000000000000e+02 -1.176444286901027851e+02 3.848360176345747732e+02 2.956094156652754990e+00
2.430000000000000000e+02 4.822849944583757065e+01 4.254144001989911885e+02 2.606906627672678667e+00
2.450000000000000000e+02 -1.151065597906067950e+02 3.453407012937888680e+02 2.483802767327255800e+00
2.470000000000000000e+02 -1.063536800394727635e+02 3.053525021381123565e+02 2.276423255576095261e+00
2.490000000000000000e+02 -9.947983046888472813e+01 2.993764816201334042e+02 2.035064596257623926e+00
2.510000000000000000e+02 -1.038425621931089609e+02 4.751981782959330189e+02 2.650904575227004845e+00
2.530000000000000000e+02 -1.080431078560447418e+02 5.818121241513480300e+02 2.632678672842847512e+00
2.550000000000000000e+02 -1.077304335800002804e+02 3.587043267467437886e+02 2.543417440214539749e+00
2.570000000000000000e+02 -1.079282320209560737e+02 4.870869490471334302e+02 2.380838109969411143e+00
2.590000000000000000e+02 -9.771490673800835225e+01 3.818019430156963949e+02 2.513278660960759137e+00
2.610000000000000000e+02 -1.177737700064297854e+02 5.758541232201587263e+02 2.552118626060703832e+00
2.630000000000000000e+02 -1.260868836705269302e+02 5.861631970942594307e+02 2.483828639514400471e+00
2.650000000000000000e+02 -9.138677507839184955e+01 3.817767891139915832e+02 2.393910621259604188e+00
2.670000000000000000e+02 -1.073885371822484842e+02 3.832453180087382520e+02 2.415323911016662883e+00
2.690000000000000000e+02 -1.264825412714492359e+02 3.503831032971979198e+02 2.599851205531378717e+00
2.710000000000000000e+02 -1.015317743775847248e+02 3.780228696997953648e+02 2.556600024067743337e+00
2.730000000000000000e+02 -6.884235304000773681e+01 4.270650925481141940e+02 2.870281178152641388e+00
2.750000000000000000e+02 -4.380404792570369921e+01 3.106234323686642256e+02 4.553288655739926583e+00
2.770000000000000000e+02 -3.672274076622147021e+01 2.994158762086178740e+02 6.501291008994012799e+00
2.790000000000000000e+02 -2.980393362547699709e+01 2.993693364247383784e+02 5.811780471016028571e+00
2.810000000000000000e+02 -3.452920314256130752e+01 3.022784363702832025e+02 4.016815454778021710e+00
2.830000000000000000e+02 -3.906049767176695298e+01 3.498283391052920024e+02 5.157509940942436977e+00
2.850000000000000000e+02 -3.198917638449583123e+01 3.501230837542177596e+02 1.045008295795272701e+01
2.870000000000000000e+02 -3.411073512956411236e+01 3.389344521310948153e+02 1.543177625599451019e+01
2.890000000000000000e+02 -3.190855912235892688e+01 3.389606900059524150e+02 1.746457114160901725e+01
2.910000000000000000e+02 -2.724010049833498215e+01 3.158666343448007865e+02 9.968619209309395046e+00
2.930000000000000000e+02 -2.209080816755543353e+01 3.328142806277662658e+02 1.376867655502168830e+01
2.950000000000000000e+02 -1.741884970536251132e+01 3.358765159836070779e+02 1.817683818981774735e+01
2.970000000000000000e+02 -1.452011624978371174e+01 3.544300359223514079e+02 1.291675696826828634e+01
2.990000000000000000e+02 -1.478334006593426508e+01 3.694146158133304993e+02 8.120128517696038273e+00
3.010000000000000000e+02 -1.176044964582693098e+01 3.523166912362511312e+02 6.383819389769705310e+00
3.030000000000000000e+02 -7.776473041483134452e+00 3.685812769519895937e+02 4.557300479766561274e+00
3.050000000000000000e+02 9.613698276577034463e+00 3.440735404157750281e+02 3.234709681436349182e+00
3.070000000000000000e+02 3.873398114022658767e+00 3.494868159168083253e+02 2.865072748493540988e+00
3.090000000000000000e+02 -4.107961685490582604e-01 3.713563504299987699e+02 2.716470708734008088e+00
3.110000000000000000e+02 1.354205794400742313e+01 3.417545107848648627e+02 3.595635620338816008e+00
3.130000000000000000e+02 1.952852347922349807e+01 5.063323405039634508e+02 5.091097690648989982e+00
3.150000000000000000e+02 1.960038119308707749e+01 5.981213313000811240e+02 5.863974614816510389e+00
3.170000000000000000e+02 3.532743851974930749e+01 5.304159658521896290e+02 6.301312479425828172e+00
3.190000000000000000e+02 4.676509044879767174e+01 5.240919998174380225e+02 7.251845446403593520e+00
3.210000000000000000e+02 4.759344162906069187e+01 5.105424442162152445e+02 7.424320792370457944e+00
3.230000000000000000e+02 4.344855545987527989e+01 4.785260872723749230e+02 6.797704952992845051e+00
3.250000000000000000e+02 4.376535708070618114e+01 3.737961841255532249e+02 6.384791173792105035e+00
3.270000000000000000e+02 4.759458441164202469e+01 3.663915060343746859e+02 4.022429162050667806e+00
3.290000000000000000e+02 3.985772081209045581e+01 5.981260369906050300e+02 2.972259789202783775e+00
3.310000000000000000e+02 -1.027048115607141341e+02 5.981179544357318036e+02 2.844546753173982978e+00
3.330000000000000000e+02 3.572191447246942886e+01 5.981241168330041091e+02 4.222426339351915026e+00
3.350000000000000000e+02 4.108654519558476892e+01 5.981169498999047391e+02 4.797974708361660845e+00
3.370000000000000000e+02 5.225350057172936147e+01 4.323649843695772006e+02 4.063355166426714682e+00
3.390000000000000000e+02 5.111283388266005545e+01 3.243904097775564992e+02 4.334021660824048716e+00
3.410000000000000000e+02 5.477499706765335219e+01 5.127590154562851694e+02 3.725375593205373814e+00
3.430000000000000000e+02 6.746431674767005404e+01 4.437859887558613536e+02 3.604881288274096374e+00
3.450000000000000000e+02 6.625699461080149888e+01 3.493729562470194878e+02 3.689233812325597217e+00
3.470000000000000000e+02 6.065535960264341497e+01 4.348274255628554670e+02 2.962254056845769146e+00
3.490000000000000000e+02 7.403463276904042800e+01 5.367916448793949939e+02 2.955099663680367694e+00
3.510000000000000000e+02 8.663371480896314836e+01 3.574204643865091953e+02 3.002783581952701564e+00
3.530000000000000000e+02 9.223060621332143683e+01 3.772813151710849411e+02 2.830252275986864685e+00
3.550000000000000000e+02 -1.046321483449502807e+02 5.981159470149882509e+02 2.816305658730460237e+00
3.570000000000000000e+02 -1.066226995558875359e+02 3.724210463009042655e+02 2.651349412027186769e+00
3.590000000000000000e+02 -1.165260768671675606e+02 3.648502150744278651e+02 2.314151763476471224e+00
3.610000000000000000e+02 -9.822520439113687019e+01 4.155870052566887125e+02 2.658020451560063613e+00
3.630000000000000000e+02 -1.188171930639499720e+02 5.981320200381156837e+02 2.304972651287319874e+00
3.650000000000000000e+02 -9.612897433933498803e+01 5.684413268205535132e+02 3.092443484162477940e+00
3.670000000000000000e+02 -1.032765775173619573e+02 3.994907929950011862e+02 3.283656505519489510e+00
3.690000000000000000e+02 -1.072929891850064763e+02 4.802192052207252573e+02 3.418635222933657847e+00
3.710000000000000000e+02 -9.972326332046250741e+01 4.203139006612197477e+02 2.850435739344675756e+00
3.730000000000000000e+02 -1.068348120512469279e+02 3.688900119755756464e+02 2.837405667516370134e+00
3.750000000000000000e+02 -9.990908289842029433e+01 3.755533364871514550e+02 3.074258029518517787e+00
3.770000000000000000e+02 -1.063749556950619848e+02 4.623110406465879123e+02 2.686836801145518372e+00
3.790000000000000000e+02 -1.457938300279869281e+02 5.718967549441873643e+02 3.053613116078605305e+00
3.810000000000000000e+02 -1.430078724014763907e+02 5.982320068459073354e+02 3.087839694162669346e+00
3.830000000000000000e+02 -1.180244667100839280e+02 3.897197691756244922e+02 2.827961207630971252e+00
3.850000000000000000e+02 1.075910122137803455e+02 5.981268301397108189e+02 2.557727904594210955e+00
3.870000000000000000e+02 1.041859098439752813e+02 5.981238449587169725e+02 2.871834738714587498e+00
3.890000000000000000e+02 -1.288112847719421836e+02 5.248509147986776497e+02 2.210149564546193712e+00
3.910000000000000000e+02 -8.811263582021796026e+01 3.453198156171682740e+02 2.486810218720143517e+00
3.930000000000000000e+02 -8.003009905063690610e+01 3.329943613172667938e+02 2.205432587675737466e+00
3.950000000000000000e+02 -1.450840187925617215e+02 5.981164939778949474e+02 2.430787891228477271e+00
3.970000000000000000e+02 -1.307495507006905768e+02 5.030101882842828331e+02 2.758768916152304573e+00
3.990000000000000000e+02 -1.159490695860240379e+02 5.669335394702712847e+02 2.525724318484242836e+00
4.010000000000000000e+02 -1.122529749464393234e+02 5.850678947579789337e+02 2.228278696520155755e+00
4.030000000000000000e+02 -1.032618929789951920e+02 4.261055751783241021e+02 2.394085678783571147e+00
4.050000000000000000e+02 -1.145818999548072838e+02 3.434802238447476270e+02 3.407086660847052695e+00
4.070000000000000000e+02 -1.169007193046477653e+02 3.337425177408749164e+02 3.413602192006067959e+00
4.090000000000000000e+02 -1.149313691097623291e+02 3.928243337350331217e+02 2.268155084567132107e+00
4.110000000000000000e+02 -1.218385543258028036e+02 4.800309481201276185e+02 2.407083711339733867e+00
4.130000000000000000e+02 1.159078259531554949e+02 5.981236017754891918e+02 2.379750925236437276e+00
4.150000000000000000e+02 -1.037060810432054865e+02 3.909438586183820235e+02 2.342869022252753286e+00
4.170000000000000000e+02 7.656852944064702626e+01 4.637792179024156667e+02 3.099068209716625333e+00
4.190000000000000000e+02 7.136648239290039442e+01 4.045322426363904356e+02 5.848583522830728576e+00
4.210000000000000000e+02 7.295619002555986299e+01 3.773157280397083468e+02 2.623416152162218040e+01
4.230000000000000000e+02 7.330362944719520613e+01 3.799471561004923501e+02 8.776649695726572986e+01
4.250000000000000000e+02 7.401413080523924748e+01 3.757826438215698772e+02 4.960222538951275340e+01
4.270000000000000000e+02 7.444650924967967853e+01 3.857618749036858503e+02 4.999613480271101196e+01
4.290000000000000000e+02 7.124549753331130830e+01 3.883857231929023897e+02 6.457441707000320719e+01
4.310000000000000000e+02 7.179251926667750183e+01 3.838476674048259838e+02 5.517763728768290576e+01
4.330000000000000000e+02 7.537251821068387869e+01 3.800205399771840007e+02 3.671542528586941501e+01
4.350000000000000000e+02 7.521579529393393670e+01 3.840406640691178950e+02 3.327708952025781031e+01
4.370000000000000000e+02 7.589125511379167222e+01 3.848405519194903945e+02 4.730734948138150031e+01
4.390000000000000000e+02 7.483106976590309500e+01 3.864095952657596058e+02 4.272805103151989670e+01
4.410000000000000000e+02 7.340028500470599226e+01 3.845477235217481962e+02 4.640766226933374128e+01
4.430000000000000000e+02 7.387151229441390399e+01 3.738829642421147810e+02 5.268503848828290614e+01
4.450000000000000000e+02 7.383601924719509668e+01 3.803560592712887001e+02 4.325295153190263164e+01
4.470000000000000000e+02 7.466770605172332864e+01 3.828659297633784035e+02 3.464902118644339168e+01
4.490000000000000000e+02 7.402804918632600106e+01 3.927305762869128216e+02 3.767324635243495834e+01
4.510000000000000000e+02 7.151114205310122429e+01 3.925291726452909415e+02 2.695324890121840511e+01
4.530000000000000000e+02 7.375586102639972808e+01 3.890291592311850195e+02 2.637413526054046997e+01
4.550000000000000000e+02 7.294355865931086669e+01 3.913594034215979605e+02 2.179584936603695766e+01
4.570000000000000000e+02 7.180012579554427532e+01 3.890726630458480599e+02 1.812749038049179262e+01
4.590000000000000000e+02 7.255859862267391236e+01 3.889973517697899297e+02 1.603479335189092936e+01
4.610000000000000000e+02 7.519685829102508023e+01 4.035481441725572722e+02 1.699916623775953539e+01
4.630000000000000000e+02 7.290809537753912650e+01 4.066895914802042284e+02 1.640698266987930509e+01
4.650000000000000000e+02 7.267610975293690956e+01 4.011821683308617708e+02 2.027384427507576703e+01
4.670000000000000000e+02 7.579420376784767654e+01 4.119238336214901324e+02 1.763654604196710451e+01
4.690000000000000000e+02 7.445654675568296454e+01 4.169670297054590264e+02 8.537323407180020141e+00
4.710000000000000000e+02 7.322558503218283477e+01 4.113313164982491799e+02 6.442288702887328355e+00
4.730000000000000000e+02 6.839416646085784635e+01 3.649260101546907435e+02 6.543119420245401052e+00
4.750000000000000000e+02 6.679437858288942209e+01 4.104981431016320812e+02 6.648464004025395724e+00
4.770000000000000000e+02 7.947993187741961663e+01 5.036658903218350360e+02 4.409070842772915277e+00
4.790000000000000000e+02 7.544885205333167733e+01 5.981350767255430583e+02 3.204034068394055357e+00
4.810000000000000000e+02 6.227176529939114147e+01 5.639014905776421074e+02 3.252063946933381189e+00
4.830000000000000000e+02 9.290113910264147989e+01 5.255265338431100872e+02 2.613138543464553099e+00
4.850000000000000000e+02 -1.142030409473771613e+02 4.310667160887819591e+02 2.927208337872873933e+00
4.870000000000000000e+02 -1.186990119471791587e+02 3.894910968346302411e+02 3.290333275596132978e+00
4.890000000000000000e+02 -1.202501659194417982e+02 3.169825370977916350e+02 3.240487689853905007e+00
4.910000000000000000e+02 -1.174366230030846907e+02 2.994084487014823139e+02 3.118229864653501604e+00
4.930000000000000000e+02 -1.157058843629489360e+02 3.513825665868756118e+02 3.783403474474271277e+00
4.950000000000000000e+02 -1.122516033627845644e+02 3.682313372667785529e+02 3.633894354776522118e+00
4.970000000000000000e+02 -1.058116678707068985e+02 3.858188588889599373e+02 2.788976012220974798e+00
4.990000000000000000e+02 -1.124487958187961567e+02 3.213307298237845089e+02 2.098700925506254311e+00
5.010000000000000000e+02 -1.275293209121979174e+02 4.172558774804851396e+02 2.453688477340592478e+00
5.030000000000000000e+02 -1.078371190094542698e+02 3.874458379001490016e+02 2.402766858826567820e+00
5.050000000000000000e+02 -1.024237877973266677e+02 3.616773901749310198e+02 2.719264418062265154e+00
5.070000000000000000e+02 -1.024756090308333114e+02 3.461857340519134709e+02 2.766390156961803903e+00
5.090000000000000000e+02 -1.030243267078508467e+02 3.431967775133870759e+02 2.477770663950191299e+00
5.110000000000000000e+02 -1.040714695821392013e+02 3.044445602515569362e+02 2.497576516164277116e+00
5.130000000000000000e+02 -9.984293287756733548e+01 3.204132873362311784e+02 2.877277564560985823e+00
5.150000000000000000e+02 -1.102045662814422542e+02 3.916892313112404622e+02 2.645297337162369367e+00
5.170000000000000000e+02 -1.173311020263470255e+02 2.993602748169267329e+02 2.567653311056807386e+00
5.190000000000000000e+02 1.704820904614244625e+02 5.981303396903892917e+02 2.540696573806278113e+00
5.210000000000000000e+02 -1.118781825763629030e+02 4.012464677246047700e+02 2.290805223718899608e+00
5.230000000000000000e+02 -1.071875796986220024e+02 4.687545024236166569e+02 1.974121785348706748e+00
5.250000000000000000e+02 -1.113042369838931194e+02 5.981380495562667647e+02 2.496760054356863101e+00
5.270000000000000000e+02 -1.135690268843755462e+02 5.695640613672372865e+02 3.156788598011048830e+00
5.290000000000000000e+02 -1.177164655276734493e+02 4.332691189685876907e+02 2.254339849568419041e+00
5.310000000000000000e+02 -1.152539526129446728e+02 3.056167516408146412e+02 2.181824488789068983e+00
5.330000000000000000e+02 -1.104584814701566131e+02 2.993592169879762537e+02 2.201658555123573002e+00
5.350000000000000000e+02 -1.009319698022590046e+02 2.993550535956951535e+02 1.986232726732899634e+00
5.370000000000000000e+02 -1.115910305153129087e+02 3.348191493206240352e+02 2.678146627123950019e+00
5.390000000000000000e+02 -1.344363697708752454e+02 3.101824030280953366e+02 2.913398486997574643e+00
5.410000000000000000e+02 -1.317443715774533928e+02 3.037931748315166942e+02 3.154084960616055699e+00
5.430000000000000000e+02 -1.293616917783376152e+02 3.355446652175280633e+02 3.461713781971341941e+00
5.450000000000000000e+02 -1.068578273129756440e+02 3.110895920268216628e+02 2.658073767392340692e+00
5.470000000000000000e+02 -1.207649686348737390e+02 3.119777957338581587e+02 2.353677150096290749e+00
5.490000000000000000e+02 -1.300881772386179023e+02 3.937375087175823296e+02 2.760709253783880879e+00
5.510000000000000000e+02 -1.262577418185470606e+02 3.513177905011168605e+02 3.123586282534951408e+00
5.530000000000000000e+02 -1.219116808389327389e+02 3.131254938224366242e+02 2.713570011042071073e+00
5.550000000000000000e+02 -1.140478853349378170e+02 3.761552751700068598e+02 2.903202264430839730e+00
5.570000000000000000e+02 -1.017702496817980915e+02 3.573474012652877718e+02 3.359464676125835769e+00
5.590000000000000000e+02 -1.067585762238109481e+02 3.803923200967001321e+02 3.160743482214859235e+00
5.610000000000000000e+02 -9.534384495666226655e+01 2.993683113239766840e+02 2.618319701306955238e+00
5.630000000000000000e+02 -9.224474472317947971e+01 2.993786692299867127e+02 2.398477192188978258e+00
5.650000000000000000e+02 -1.053095217751880881e+02 2.993712502441726997e+02 2.560089628584655497e+00
5.670000000000000000e+02 -1.056475922838299084e+02 2.993742254136047336e+02 2.668775181842979460e+00
5.690000000000000000e+02 -1.126902012611302553e+02 2.993669217878760946e+02 2.762783970609689277e+00
5.710000000000000000e+02 -1.125108965583984855e+02 2.993709984287975203e+02 2.764430399926855131e+00
5.730000000000000000e+02 -1.163735612366495502e+02 3.178837595248004959e+02 3.162779684448040474e+00
5.750000000000000000e+02 -1.108135262292177146e+02 3.823104043127401042e+02 4.066361536581084124e+00
5.770000000000000000e+02 -1.155843419988232341e+02 3.426485398426224265e+02 4.068122727520983695e+00
5.790000000000000000e+02 -1.117698467637432174e+02 3.820957079976099635e+02 4.112457166144237064e+00
5.810000000000000000e+02 -1.266276956624291614e+02 4.243726486635686115e+02 3.065824108760514033e+00
5.830000000000000000e+02 -1.249464692578729199e+02 3.970373050784411362e+02 2.716319221874922807e+00
5.850000000000000000e+02 -1.020135649148697183e+02 3.451950972661057335e+02 2.545638025290552164e+00
5.870000000000000000e+02 -1.032116966720697206e+02 3.165377789484002733e+02 2.680161490691922666e+00
5.890000000000000000e+02 -9.922790273291218455e+01 2.993556369990740791e+02 2.730955287790166164e+00
5.910000000000000000e+02 -9.439393203590771009e+01 3.204067918647833153e+02 2.148615201516089090e+00
5.930000000000000000e+02 -7.827871683328197605e+01 5.159197401386605861e+02 2.085478652084308049e+00
5.950000000000000000e+02 -9.059163178630512903e+01 4.133507514339400473e+02 2.315705402056841944e+00
5.970000000000000000e+02 -1.055687489270160171e+02 2.993637712318813442e+02 3.175891246785185640e+00
5.990000000000000000e+02 -1.155049925761003067e+02 2.993641299024026807e+02 3.170181583839653428e+00
6.010000000000000000e+02 -1.212857216325985377e+02 3.929037832316726053e+02 2.896542888049787656e+00
6.030000000000000000e+02 -1.073971194913400495e+02 4.459887807302961846e+02 2.335710246137778334e+00
6.050000000000000000e+02 -1.169817929571685511e+02 2.993808055516739159e+02 2.447726068372527486e+00
6.070000000000000000e+02 -1.193737193153552596e+02 4.027893438895848135e+02 2.450062661901155181e+00
6.090000000000000000e+02 -1.129686320107775543e+02 4.403478590304935096e+02 2.584349280598592813e+00
6.110000000000000000e+02 -1.192868604957919842e+02 5.753577310242872045e+02 2.303697275698298519e+00
6.130000000000000000e+02 -1.064478989519317196e+02 3.258472871105907416e+02 1.957930969971138468e+00
6.150000000000000000e+02 -1.093822076039445079e+02 2.993605780372334380e+02 2.168767758379923638e+00
6.170000000000000000e+02 -1.047846913750708495e+02 3.039635842548282767e+02 2.482880030709301522e+00
6.190000000000000000e+02 -1.080971629912085916e+02 3.020016634233368791e+02 2.798699439152906976e+00
6.210000000000000000e+02 -1.072706217163684386e+02 3.127449298562336821e+02 3.156036870317377563e+00
6.230000000000000000e+02 -1.107517554545027849e+02 3.662325572838053631e+02 2.993123645641514230e+00
6.250000000000000000e+02 -1.148068803595986367e+02 3.864901242553322618e+02 2.417950599102135723e+00
6.270000000000000000e+02 -1.296190906774649818e+02 5.981340328071058821e+02 2.424136280608033545e+00
6.290000000000000000e+02 -7.127779640158216523e+01 4.650566291873842601e+02 2.206467398881512221e+00
6.310000000000000000e+02 -7.932698540317521463e+01 3.575715186554920706e+02 2.752444171396508210e+00
6.330000000000000000e+02 -1.049854052402579896e+02 3.020690386182553766e+02 2.743250180404950722e+00
6.350000000000000000e+02 -1.059945518945147427e+02 3.522138823755731210e+02 2.863023704968685745e+00
6.370000000000000000e+02 -1.135025317215353198e+02 2.996455161829078406e+02 2.893975532557352182e+00
6.390000000000000000e+02 -1.243430046542103469e+02 2.993739359874609818e+02 2.859991714246195027e+00
6.410000000000000000e+02 -1.378111510041100871e+02 2.993724031589322294e+02 2.201283719245618720e+00
6.430000000000000000e+02 -1.374182312885688759e+02 2.994303548029845388e+02 2.331357002901143893e+00
6.450000000000000000e+02 -1.293090823692070899e+02 2.994035599608883444e+02 3.069050409023937664e+00
6.470000000000000000e+02 -1.271943386309354764e+02 3.272148143200442405e+02 3.119184535549853088e+00
6.490000000000000000e+02 -1.260907056214052204e+02 3.485744362208877192e+02 2.971632662526724200e+00
6.510000000000000000e+02 -1.116439951433165874e+02 5.981309842829751915e+02 2.939704341517423991e+00
6.530000000000000000e+02 1.199749980774029865e+02 5.981250626195896984e+02 2.539127665496986985e+00
6.550000000000000000e+02 1.034865042025521262e+02 4.782273153504345373e+02 2.288366856017729933e+00
6.570000000000000000e+02 -1.126524253670046107e+02 5.981560075366489855e+02 2.153672483190000264e+00
6.590000000000000000e+02 -1.041946078892908218e+02 2.993822311212069849e+02 2.393957291222361672e+00
6.610000000000000000e+02 -9.699226282487016704e+01 3.617034789053059285e+02 2.377327235437158404e+00
6.630000000000000000e+02 1.133115817271856827e+02 5.981219292112589301e+02 2.432329182457286798e+00
6.650000000000000000e+02 -1.160774480525811043e+02 5.325645017361302962e+02 2.379412089495268390e+00
6.670000000000000000e+02 -9.983334250297629353e+01 3.596245818240348058e+02 2.423818456833019663e+00
6.690000000000000000e+02 -8.719340421081044212e+01 3.499805438313317723e+02 2.551026968260370342e+00
6.710000000000000000e+02 -1.047316062049378189e+02 4.887169366974273430e+02 2.586772965231298294e+00
6.730000000000000000e+02 -1.097503694780476593e+02 3.609244682439791063e+02 2.664470602480193406e+00
6.750000000000000000e+02 1.276992142520427649e+02 5.981228369897526136e+02 2.295645558162517030e+00
6.770000000000000000e+02 1.064961507456713434e+02 5.981224256658548484e+02 2.718611232755462570e+00
6.790000000000000000e+02 -1.097905561186020833e+02 5.981205063209054060e+02 3.056174210932011803e+00
6.810000000000000000e+02 -1.045691493150857809e+02 3.454393870542312470e+02 2.687894234430488360e+00
6.830000000000000000e+02 -1.033479427732260376e+02 5.981189820249577451e+02 2.710225717358414332e+00
6.850000000000000000e+02 -1.219029030080015019e+02 5.981223089202188703e+02 3.199148812565083766e+00
6.870000000000000000e+02 -1.134605693098941401e+02 4.021093085287275244e+02 2.945520076908819007e+00
6.890000000000000000e+02 -1.120169125756559652e+02 4.925399609859639440e+02 2.601128788469621256e+00
6.910000000000000000e+02 -1.111475645979350162e+02 4.029270736099393275e+02 2.825117160538838768e+00
6.930000000000000000e+02 -1.153917806819580107e+02 5.981100069299953930e+02 2.726029982750181713e+00
6.950000000000000000e+02 -1.379993500352053672e+02 5.981249757288341016e+02 2.571380260295942133e+00
6.970000000000000000e+02 -1.225366218350282992e+02 4.204509035582582896e+02 2.594496280817327083e+00
6.990000000000000000e+02 -1.125126138829356535e+02 3.693409923237148291e+02 2.488009382360528488e+00
7.010000000000000000e+02 -1.149304377596831159e+02 2.989901805980880454e+02 2.355004991231320233e+00
7.030000000000000000e+02 -1.128973877207454848e+02 3.235808483064295729e+02 2.851100870828502387e+00
7.050000000000000000e+02 -1.190744968635758170e+02 3.015778988824905582e+02 2.824304208721533094e+00
7.070000000000000000e+02 -1.198764287127987131e+02 2.993743623844213744e+02 2.379023429198204642e+00
7.090000000000000000e+02 -1.154959015303915066e+02 3.386966448096818567e+02 2.499792620151186640e+00
7.110000000000000000e+02 -1.193326875029865874e+02 3.864403487198011931e+02 2.553896337202521405e+00
7.130000000000000000e+02 -1.336558815950082248e+02 4.221692892679719193e+02 2.718164966919497161e+00
7.150000000000000000e+02 -1.366488870531056818e+02 3.511829121821778585e+02 2.130243665413950716e+00
7.170000000000000000e+02 -1.181956709995557873e+02 3.898875905561068294e+02 2.546468508186003010e+00
7.190000000000000000e+02 -1.173158251421205165e+02 3.708574771787062900e+02 2.588120415970665444e+00
7.210000000000000000e+02 -1.145032286888734347e+02 4.503351922217821652e+02 2.545897812044019659e+00
7.230000000000000000e+02 -1.221850594892013504e+02 3.864204488693900998e+02 2.548638518243385498e+00
7.250000000000000000e+02 -1.131367734909588876e+02 4.091243873444428800e+02 2.830639768062992001e+00
7.270000000000000000e+02 -1.121689052365257879e+02 3.778428199875318114e+02 2.300548946866549649e+00
7.290000000000000000e+02 -1.170888618964765158e+02 2.993746923314693049e+02 2.480979518502817172e+00
7.310000000000000000e+02 -1.178783743211920978e+02 2.993762828520446533e+02 3.086361832789298987e+00
7.330000000000000000e+02 -1.167859170644409232e+02 3.521881905766229579e+02 4.250824900625095104e+00
7.350000000000000000e+02 -1.024610004183801664e+02 4.400198561957359971e+02 3.551776467530718850e+00
7.370000000000000000e+02 -8.583620154216232834e+01 3.453926426824226610e+02 2.652046068053181216e+00
7.390000000000000000e+02 -8.129762146421919056e+01 2.993544570603856982e+02 2.457063421805981474e+00
7.410000000000000000e+02 -1.033011533376497084e+02 3.673906532965079919e+02 2.455537343761930558e+00
7.430000000000000000e+02 -1.203239829618245977e+02 3.431730333703419547e+02 2.717425562230881830e+00
7.450000000000000000e+02 -1.192793402472047859e+02 3.748628665667954465e+02 2.721274419739111217e+00
7.470000000000000000e+02 -1.283380112348137914e+02 3.313245050968217242e+02 2.952802731634960764e+00
7.490000000000000000e+02 -1.245086745900167813e+02 2.993671205804371880e+02 3.187329323787423618e+00
7.510000000000000000e+02 -1.181315042183120028e+02 2.993748715454719900e+02 3.105549597078340440e+00
7.530000000000000000e+02 -1.174478879421378679e+02 2.994920223668499375e+02 2.434885463213372514e+00
7.550000000000000000e+02 -1.117705834677290255e+02 3.171423018253358919e+02 2.592945181667031918e+00
7.570000000000000000e+02 -1.102968038275610780e+02 2.993597121734679831e+02 2.597659345508989137e+00
7.590000000000000000e+02 -1.130657398147428552e+02 3.658155146414081287e+02 2.584143930198474326e+00
7.610000000000000000e+02 -1.051534879361950487e+02 4.548228570744016679e+02 2.539617798173175789e+00
7.630000000000000000e+02 -6.473881599557425659e+01 4.816058713506774893e+02 2.353568403460542413e+00
7.650000000000000000e+02 -6.842188621028117268e+01 5.689775724687940510e+02 2.802575902843673639e+00
7.670000000000000000e+02 -9.838817815428906499e+01 5.981095797758824801e+02 2.934270262739161694e+00
7.690000000000000000e+02 -1.131833308689625994e+02 4.333051185470148994e+02 2.434633055885130126e+00
7.710000000000000000e+02 -9.960218877486211397e+01 3.786794001908402265e+02 3.179524816966355250e+00
7.730000000000000000e+02 -1.092909127762815871e+02 3.415035051032972433e+02 3.091480180105429909e+00
7.750000000000000000e+02 -1.053884843335383863e+02 2.993740627129683389e+02 2.958091398949077355e+00
7.770000000000000000e+02 -1.028202316447330418e+02 3.028349862548885199e+02 2.802828292158658474e+00
7.790000000000000000e+02 -9.506379641890239895e+01 3.355094356036518093e+02 2.760002776129003355e+00
7.810000000000000000e+02 -9.281582787750568286e+01 3.610353164471787295e+02 3.292888120492662551e+00
7.830000000000000000e+02 -1.087472383822203170e+02 3.851422269045914391e+02 4.016708951565398422e+00
7.850000000000000000e+02 -9.916781523656625552e+01 3.716125214850505358e+02 2.947789310317048272e+00
7.870000000000000000e+02 -8.834736811447139360e+01 3.260817952180968859e+02 3.464904863259145706e+00
7.890000000000000000e+02 -9.202381660562090815e+01 3.261765497133467306e+02 2.839262680047771159e+00
7.910000000000000000e+02 -1.098588376724106865e+02 3.614221638320058219e+02 3.059992869617004452e+00
7.930000000000000000e+02 -1.187526320727881313e+02 4.468898782490979329e+02 3.023343230209751820e+00
7.950000000000000000e+02 -1.012071312968693917e+02 4.230682121006515217e+02 2.852843482588829360e+00
7.970000000000000000e+02 -1.092027669451525753e+02 3.128020318416879491e+02 2.801102596311376036e+00
7.990000000000000000e+02 -1.121479816175614133e+02 3.687111519904797774e+02 2.790077357717503315e+00
8.010000000000000000e+02 -1.148427249407713902e+02 4.770039136858150073e+02 3.279153491987671476e+00
8.030000000000000000e+02 -1.109814074184752144e+02 3.613548082363054732e+02 3.154282479865491595e+00
8.050000000000000000e+02 -1.117349670410517177e+02 2.993857927033836290e+02 2.956408600135105758e+00
8.070000000000000000e+02 -1.065178369401565277e+02 2.993105483825085571e+02 3.003003399065472312e+00
8.090000000000000000e+02 -1.096011903893464989e+02 2.993807133136207881e+02 2.332182611450687837e+00
8.110000000000000000e+02 -1.068057496529338977e+02 3.257695181744724096e+02 2.833759101862646457e+00
8.130000000000000000e+02 -1.233161185178488637e+02 4.371908389778223523e+02 3.450454627162086840e+00
8.150000000000000000e+02 -1.186442339087217590e+02 3.619248669244209395e+02 3.218941205421764540e+00
8.170000000000000000e+02 -1.092881963325736336e+02 3.556397233925792989e+02 2.359962009104453973e+00
8.190000000000000000e+02 -1.121117458267992504e+02 4.173314653489799753e+02 2.616420507195434286e+00
8.210000000000000000e+02 -1.197036622117731071e+02 3.719621453706099601e+02 3.413836708446549739e+00
8.230000000000000000e+02 -1.075913373388732595e+02 5.722502231318719623e+02 2.811424128902752173e+00
8.250000000000000000e+02 -1.164385186094772138e+02 4.218832547396261248e+02 2.657601686902595350e+00
8.270000000000000000e+02 -1.256448430633756885e+02 2.994512681112962582e+02 2.844423891923880010e+00
8.290000000000000000e+02 -1.173396771102129321e+02 3.295355495846580425e+02 2.801920024872026183e+00
8.310000000000000000e+02 -1.061026935856883711e+02 3.839280741142008537e+02 2.764561701198999799e+00
8.330000000000000000e+02 -1.038420715346375403e+02 4.734228981987017733e+02 3.025647995731290063e+00
8.350000000000000000e+02 -9.352859245246116870e+01 3.985456824636307260e+02 2.618100243636049207e+00
8.370000000000000000e+02 -8.619710647750281396e+01 3.699873067678965981e+02 2.591479866812127497e+00
8.390000000000000000e+02 -1.000600282063803377e+02 3.438187076544299998e+02 2.801773725128297254e+00
8.410000000000000000e+02 -1.114626874280843793e+02 3.292748770588542016e+02 2.623008586201424297e+00
8.430000000000000000e+02 -1.172226588444610798e+02 3.320639095990372880e+02 2.757549197343170277e+00
8.450000000000000000e+02 -1.206898245052931742e+02 3.701764033217631891e+02 2.909390686936472292e+00
8.470000000000000000e+02 -1.223298205526640601e+02 4.092114426558861737e+02 2.894689978248418782e+00
8.490000000000000000e+02 -1.044822026396732184e+02 4.203728741081485509e+02 2.690062485635378309e+00
8.510000000000000000e+02 -1.233418298899714927e+02 3.467896579803102100e+02 2.870931344389750173e+00
8.530000000000000000e+02 -1.197451403478894605e+02 3.179338621394751954e+02 2.537906056074425987e+00
8.550000000000000000e+02 -1.184618808855411345e+02 3.563538698472956412e+02 2.851597272358753710e+00
8.570000000000000000e+02 -1.220737274093412310e+02 3.233890935114545186e+02 2.855102009933099705e+00
8.590000000000000000e+02 -1.207087881880510452e+02 3.161974147810713021e+02 2.851721085977996228e+00
8.610000000000000000e+02 -1.177453074078957513e+02 3.303713156936188966e+02 2.805790213572631142e+00
8.630000000000000000e+02 -1.047978917192325241e+02 3.844625414924449274e+02 2.660977430685503187e+00
8.650000000000000000e+02 9.574052749457594302e+01 3.191964047801195079e+02 2.242251563394459524e+00
8.670000000000000000e+02 -1.057438615060353300e+02 2.993766195905806740e+02 2.676709871670043484e+00
8.690000000000000000e+02 -1.081447056444534098e+02 3.494627149114746771e+02 3.404619188759486104e+00
8.710000000000000000e+02 -1.121682860832068798e+02 5.981278363653791530e+02 2.896234575991512017e+00
8.730000000000000000e+02 -1.145727776950453318e+02 4.328560074689124235e+02 2.993173670875333592e+00
8.750000000000000000e+02 -1.215043335212068172e+02 3.706243830642883381e+02 3.431816198969491083e+00
8.770000000000000000e+02 -1.277841625335206857e+02 3.780778083038300679e+02 3.224389763041535684e+00
8.790000000000000000e+02 -1.148714822454257529e+02 5.981226052088829874e+02 2.997449019067282894e+00
8.810000000000000000e+02 -9.502098345992538952e+01 5.981340183994371955e+02 3.400899129127063603e+00
8.830000000000000000e+02 -9.422148606428800122e+01 5.313290563228530345e+02 3.217912642039118420e+00
8.850000000000000000e+02 -1.139677969695630395e+02 3.815752853218453993e+02 3.445174013886528996e+00
8.870000000000000000e+02 -1.201000271351994968e+02 4.039500731549396164e+02 3.813723883568343354e+00
8.890000000000000000e+02 -1.142303800800105620e+02 5.915839051255846925e+02 2.824027470095804127e+00
8.910000000000000000e+02 -1.236781261151126898e+02 4.335607147400268104e+02 2.670212536879940757e+00
8.930000000000000000e+02 -1.120170308238177768e+02 4.779112303645677571e+02 2.480494473294814650e+00
