# InfraPy Beamforming (fk) Results
# 
# Data summary:
#     CC.PR04.01.BDF	2023-05-08T13:05:30.940000Z - 2023-05-08T13:20:30.920000Z
#     CC.PR04.02.BDF	2023-05-08T13:05:30.940000Z - 2023-05-08T13:20:30.920000Z
#     CC.PR04.03.BDF	2023-05-08T13:05:30.940000Z - 2023-05-08T13:20:30.920000Z
# 
#   channel_cnt: 3
#   t0: 2023-05-08T13:05:30.940000Z
#   latitude: 46.93003
#   longitude: -121.988387
# 
# Algorithm parameters:
#   freq_min: 1.0
#   freq_max: 10
#   back_az_min: -180.0
#   back_az_max: 180.0
#   back_az_step: 2.0
#   trace_vel_min: 300.0
#   trace_vel_max: 600.0
#   trace_vel_step: 2.5
#   method: bartlett
#   signal_start: None
#   signal_end: None
#   window_len: 10.0
#   sub_window_len: None
#   window_step: 2.0
# 
# Time (rel t0) [s]      Back Az [deg]	           Tr. Velocity [m/s]       F-stat
5.000000000000000000e+00 3.104265741998627703e+01 2.993582804616222006e+02 1.481606920270819083e+00
7.000000000000000000e+00 3.648365483967261014e+01 2.993504210789226363e+02 1.419901579893769306e+00
9.000000000000000000e+00 1.052867085024018508e+02 2.994229108751782178e+02 1.611508612873708390e+00
1.100000000000000000e+01 1.022268493963480296e+02 2.993248865159568481e+02 1.631131290104376408e+00
1.300000000000000000e+01 2.013784023559269087e+01 4.643975436035019584e+02 1.499605203835593592e+00
1.500000000000000000e+01 1.433370973790204346e+02 5.042038942729687392e+02 1.656219651636247070e+00
1.700000000000000000e+01 1.451144661503543603e+02 5.281850255948826316e+02 1.805199376213606710e+00
1.900000000000000000e+01 1.397104121807460331e+02 5.981135871269291329e+02 1.689983051511634748e+00
2.100000000000000000e+01 1.163342576812667062e+02 5.767072628978703506e+02 1.590984083099366453e+00
2.300000000000000000e+01 8.248404095513151901e+01 4.582584312765893060e+02 1.766151853376390024e+00
2.500000000000000000e+01 7.579353501661110215e+01 5.981397548950303644e+02 1.898952158865578888e+00
2.700000000000000000e+01 2.478004509261432986e+01 2.993976146991323617e+02 1.781229683899349769e+00
2.900000000000000000e+01 2.931092656615424730e+01 3.050298372247091265e+02 1.648798633783139733e+00
3.100000000000000000e+01 7.925414853114762082e+01 2.994210878184692319e+02 1.462095851512203781e+00
3.300000000000000000e+01 7.607297811670329679e+01 2.993518564829427078e+02 1.375057958526516799e+00
3.500000000000000000e+01 3.859264904771342231e+01 3.060216489704629339e+02 1.502667653643048551e+00
3.700000000000000000e+01 -1.608044940398064000e+02 3.483341440396234816e+02 1.592279762095816675e+00
3.900000000000000000e+01 -1.460569013450214300e+02 3.281783058360548466e+02 1.325302284353173210e+00
4.100000000000000000e+01 1.037152306447994619e+02 5.995753324798831727e+02 1.482461318653240046e+00
4.300000000000000000e+01 9.634684239296322517e+01 5.979807500319385554e+02 1.646519120298549410e+00
4.500000000000000000e+01 4.562018981778334847e+01 3.887933538896594996e+02 1.342917895891377000e+00
4.700000000000000000e+01 6.588005995582857111e+01 4.268008471647190731e+02 1.708352854731280512e+00
4.900000000000000000e+01 8.443374295191084400e+01 3.879644709698122256e+02 1.683533193011891527e+00
5.100000000000000000e+01 9.994506406599860782e+01 2.994169188539170250e+02 1.673708726033981575e+00
5.300000000000000000e+01 7.189635770397212866e+01 5.250433566555698235e+02 1.432638463907878856e+00
5.500000000000000000e+01 5.128548016288265643e+01 4.370869674702124144e+02 1.427668001717334878e+00
5.700000000000000000e+01 8.324330850851767138e+01 3.421057183984139556e+02 1.322797560120239524e+00
5.900000000000000000e+01 -1.821083954001212746e+01 5.978938218465917771e+02 1.579436852712005956e+00
6.100000000000000000e+01 -1.826635511411529222e+01 5.665054863055884198e+02 1.470516119332765603e+00
6.300000000000000000e+01 -2.123840438941737929e+01 2.995299920615392466e+02 1.432753436993781992e+00
6.500000000000000000e+01 1.037448072227438161e+02 4.015983595043653622e+02 1.598573023835195173e+00
6.700000000000000000e+01 -1.642719432865489466e+02 3.489772963511443891e+02 1.594854602302409274e+00
6.900000000000000000e+01 9.025702035994041239e+01 3.387239354103856499e+02 1.495378479022718698e+00
7.100000000000000000e+01 8.479800528085364419e+01 3.697054447361795724e+02 1.510901486963597717e+00
7.300000000000000000e+01 -1.654417558333443026e+02 2.995430384328942637e+02 1.494134040402797625e+00
7.500000000000000000e+01 1.038599846412938490e+02 2.994821666288035544e+02 1.920376832851163895e+00
7.700000000000000000e+01 8.825334055341662065e+01 3.306400941108071834e+02 1.753510976443237723e+00
7.900000000000000000e+01 7.272367142994517053e+01 5.122868481453422191e+02 1.844652092856714942e+00
8.100000000000000000e+01 -1.615589285208337742e+02 3.382087376266428578e+02 1.534909368645217764e+00
8.300000000000000000e+01 -1.619677330422714192e+02 4.602926223139022568e+02 1.566861442107317703e+00
8.500000000000000000e+01 8.295954200952469648e+01 2.993614784580235550e+02 1.503866230628922551e+00
8.700000000000000000e+01 6.441842715221073945e+01 2.993718236700376565e+02 1.471933808214120010e+00
8.900000000000000000e+01 1.286609120077799275e+02 2.991527785070556433e+02 1.462749552558285204e+00
9.100000000000000000e+01 1.115557589040953985e+02 3.719117902929116894e+02 1.632343943306982625e+00
9.300000000000000000e+01 9.119957625945764335e+01 4.475946734926994850e+02 1.710469904280561781e+00
9.500000000000000000e+01 7.337517536518743100e+01 5.043870014226151284e+02 1.528952064663038790e+00
9.700000000000000000e+01 7.643244547925382903e+01 4.294773870841329426e+02 1.563869837686884035e+00
9.900000000000000000e+01 1.164021388476252952e+02 5.980770380688067007e+02 1.668914485522781987e+00
1.010000000000000000e+02 9.590229192182708573e+01 3.700913884534166982e+02 1.730174208904381228e+00
1.030000000000000000e+02 8.979333719369581956e+01 3.799647580279806220e+02 1.535946467149873484e+00
1.050000000000000000e+02 1.132116416795367897e+01 4.734548094057929575e+02 1.636734305685837443e+00
1.070000000000000000e+02 1.421578730488578231e+02 2.993753343092241153e+02 1.524577624829334788e+00
1.090000000000000000e+02 8.912803896293817729e+01 4.387954160486839328e+02 1.485697947854879741e+00
1.110000000000000000e+02 -6.456094283847997417e+01 3.892577005062786952e+02 1.542780448678569005e+00
1.130000000000000000e+02 -8.578027838771664904e+01 5.401675550588835222e+02 1.535495384826363940e+00
1.150000000000000000e+02 -1.403171692297816548e+02 4.431514812956235119e+02 1.512558228441676755e+00
1.170000000000000000e+02 -1.296602234965036473e+02 4.972270080816905420e+02 1.632614201837433665e+00
1.190000000000000000e+02 1.873379669745325060e+01 4.755690051524588284e+02 1.670372557387802992e+00
1.210000000000000000e+02 4.906580240709694607e+01 5.156240565927306534e+02 1.659567067420431474e+00
1.230000000000000000e+02 1.468980370027201729e+02 2.993703936244818919e+02 1.942443988026561152e+00
1.250000000000000000e+02 5.228413355927200712e+01 5.856657392254412571e+02 1.665137161065327609e+00
1.270000000000000000e+02 5.464636271959260228e+01 5.545146422351435831e+02 1.552834455372135158e+00
1.290000000000000000e+02 7.703365235476968564e+01 4.924848715204946643e+02 1.656956723352755789e+00
1.310000000000000000e+02 8.724086478361800800e+01 4.483744269150733430e+02 1.654018899894064143e+00
1.330000000000000000e+02 -8.651488761544555928e+01 4.187493266698013485e+02 1.862541862110335789e+00
1.350000000000000000e+02 1.038075232950384077e+02 3.679583418271667483e+02 1.704905003361740556e+00
1.370000000000000000e+02 9.046480876918086267e+01 3.636801917356106628e+02 1.555778472604767204e+00
1.390000000000000000e+02 8.357682911445128582e+01 3.707227862717929270e+02 1.715861148928213176e+00
1.410000000000000000e+02 8.880546996946613092e+01 3.721575176783565553e+02 1.491246729898247692e+00
1.430000000000000000e+02 1.227370568115495502e+02 3.437250959881637300e+02 1.776176364938990337e+00
1.450000000000000000e+02 9.030173001826891266e+01 3.506851822522535258e+02 1.790852834646665670e+00
1.470000000000000000e+02 1.009961192417092093e+02 2.990884061447159183e+02 1.908974025296163779e+00
1.490000000000000000e+02 1.012049460578137001e+02 2.995454860063605338e+02 1.901861492535583675e+00
1.510000000000000000e+02 -7.208059127345414652e+01 3.527686369327066700e+02 1.548099413858889273e+00
1.530000000000000000e+02 -6.418161905552004498e+01 3.236646946312333739e+02 1.587224278086899920e+00
1.550000000000000000e+02 9.977441522318318334e+01 2.994497381716744258e+02 1.761397473740798914e+00
1.570000000000000000e+02 9.988404243935875115e+01 2.993820862002176568e+02 1.596568428276985196e+00
1.590000000000000000e+02 1.072231015589404137e+02 2.994738714693982615e+02 1.651635156914994074e+00
1.610000000000000000e+02 1.119114092747351208e+02 2.994163656103272615e+02 1.900304581196312848e+00
1.630000000000000000e+02 1.168955190041822334e+02 2.982966225126821200e+02 1.847812083783277659e+00
1.650000000000000000e+02 1.154722617371768649e+02 3.047287871654463061e+02 1.741624648494497274e+00
1.670000000000000000e+02 9.535966711892609737e+01 4.167450276502310089e+02 1.697382817171660729e+00
1.690000000000000000e+02 8.477809223048346610e+01 5.979646664015863280e+02 1.824910891414279979e+00
1.710000000000000000e+02 1.088548365735454269e+02 3.556308080857762093e+02 1.700654583847389878e+00
1.730000000000000000e+02 1.054957957876550125e+02 3.355028646878325276e+02 1.921136201625772033e+00
1.750000000000000000e+02 1.057669531581684623e+02 3.038283324985506511e+02 2.025891520642276955e+00
1.770000000000000000e+02 1.057553124932550617e+02 3.272038312054826292e+02 1.887843472187534344e+00
1.790000000000000000e+02 1.076489401283358802e+02 3.209354026274714329e+02 1.985733874875415639e+00
1.810000000000000000e+02 1.088587975224302369e+02 2.993246848301628802e+02 1.772052914492507014e+00
1.830000000000000000e+02 1.068369459696901771e+02 3.453633754275533079e+02 1.941506902382095889e+00
1.850000000000000000e+02 1.083316629902188453e+02 3.239001754195997478e+02 2.422650933747803492e+00
1.870000000000000000e+02 1.096714768336914858e+02 3.504491023535211411e+02 2.055276509725969092e+00
1.890000000000000000e+02 1.053714128195404527e+02 3.676989273420228983e+02 2.052451572875918284e+00
1.910000000000000000e+02 1.020722285290747493e+02 2.993553302915022982e+02 2.124441686525232242e+00
1.930000000000000000e+02 1.024071256723501193e+02 2.993078162248712601e+02 2.021611768717293423e+00
1.950000000000000000e+02 1.030955732019896942e+02 4.200382038078661822e+02 1.763549348256977511e+00
1.970000000000000000e+02 1.075681827855005110e+02 3.575420658592638574e+02 2.496856021831348471e+00
1.990000000000000000e+02 1.093758244738072136e+02 3.632808516577988485e+02 2.763643774784095619e+00
2.010000000000000000e+02 1.010930163642003095e+02 4.378086873512955890e+02 2.001191746084663770e+00
2.030000000000000000e+02 1.106772479798928401e+02 4.977148333703847811e+02 1.651590992776604594e+00
2.050000000000000000e+02 -8.122078528353242177e+01 5.979024699307577748e+02 1.605818941520661625e+00
2.070000000000000000e+02 1.050666959179354478e+02 4.353978102362100913e+02 2.160474805549617905e+00
2.090000000000000000e+02 8.364194085182424487e+01 5.712273046999109738e+02 1.993531681277550538e+00
2.110000000000000000e+02 1.077611331938724959e+02 2.996828213916842287e+02 1.985462294465887068e+00
2.130000000000000000e+02 1.116813566346715447e+02 2.994395206495438515e+02 2.236844377909805726e+00
2.150000000000000000e+02 1.251143348933262871e+02 3.070497528003842831e+02 1.879252750268121330e+00
2.170000000000000000e+02 1.179609924592046042e+02 5.094334969241528484e+02 1.563344690272463477e+00
2.190000000000000000e+02 1.132042161765827473e+02 5.988135547656454492e+02 1.646524057994478429e+00
2.210000000000000000e+02 -7.870734862152046674e+01 5.743653935792690390e+02 1.507066933308758294e+00
2.230000000000000000e+02 1.539123500063431607e+02 3.097567866950055304e+02 1.551304892017967729e+00
2.250000000000000000e+02 9.486899715618947937e+01 5.981103305387392766e+02 1.802054986523629054e+00
2.270000000000000000e+02 9.263545972596148204e+01 5.980742621104881209e+02 1.893702891229173568e+00
2.290000000000000000e+02 1.169102732174129784e+02 2.993649004401905813e+02 1.428110071932694458e+00
2.310000000000000000e+02 8.140857378019128987e+01 2.994464197016280878e+02 1.783600136288241655e+00
2.330000000000000000e+02 1.143962683554303794e+02 2.993570280280694078e+02 1.627659240515348271e+00
2.350000000000000000e+02 1.468811299422968943e+02 3.927315092379291173e+02 1.560081172224827784e+00
2.370000000000000000e+02 4.295621309343179206e+01 5.981468809134773892e+02 1.449267608121895812e+00
2.390000000000000000e+02 1.441148659626597439e+00 5.981100234255361556e+02 1.574830775326048427e+00
2.410000000000000000e+02 1.841799578498861933e+01 4.978136048582919670e+02 1.472261012103495359e+00
2.430000000000000000e+02 9.449697775589315540e+01 2.993553604814832170e+02 1.531651461376325907e+00
2.450000000000000000e+02 9.759651402463767056e+01 3.163532150011706676e+02 1.852323041744349474e+00
2.470000000000000000e+02 9.025159652188966675e+01 4.186273243020639256e+02 2.193778376005588004e+00
2.490000000000000000e+02 -5.022746137394240407e+01 4.581944406921024324e+02 3.642195029173190157e+00
2.510000000000000000e+02 -5.087760967663889744e+01 4.782281027878703412e+02 6.709404734028187711e+00
2.530000000000000000e+02 -4.959575374885106669e+01 5.020465320296283380e+02 7.437395644126360672e+00
2.550000000000000000e+02 -4.770695445227803333e+01 5.487113023598749351e+02 4.809742890080637601e+00
2.570000000000000000e+02 -4.684846655127253001e+01 5.981459072832376478e+02 2.083411417283933531e+00
2.590000000000000000e+02 -4.506381425870957003e+01 5.981166081227320319e+02 3.980101217738086117e+00
2.610000000000000000e+02 -4.612865334221217495e+01 5.981263702520102470e+02 4.952334471599280086e+00
2.630000000000000000e+02 -4.810163622344957446e+01 5.981265039322537405e+02 5.458842242894160535e+00
2.650000000000000000e+02 -4.599416903939567192e+01 5.981249425287142003e+02 5.207561913561066014e+00
2.670000000000000000e+02 -4.388079194399296767e+01 5.981240810060529611e+02 3.971151816182168837e+00
2.690000000000000000e+02 -4.079078154680797752e+01 5.981291129819647949e+02 3.651577818814688126e+00
2.710000000000000000e+02 -3.841322295102096973e+01 5.981247146067762515e+02 2.862317122463976737e+00
2.730000000000000000e+02 -3.845711818367153967e+01 5.981197019989432420e+02 2.119781214493929866e+00
2.750000000000000000e+02 1.307527294798816229e+02 5.981128532988986990e+02 3.270008908037976614e+00
2.770000000000000000e+02 1.334589712411938649e+02 5.981326606778671930e+02 3.895913559443620944e+00
2.790000000000000000e+02 1.341710001334181470e+02 5.981222419401730122e+02 2.926804120950683430e+00
2.810000000000000000e+02 1.284584741766576883e+02 5.981121822370581640e+02 2.698416235808236419e+00
2.830000000000000000e+02 1.234309043250996609e+02 5.982851318943116894e+02 3.153726153624883732e+00
2.850000000000000000e+02 1.254721407339262527e+02 5.986141018306990418e+02 2.781713809809726712e+00
2.870000000000000000e+02 1.330750792364361530e+02 4.729935331299820973e+02 2.872350875899906786e+00
2.890000000000000000e+02 1.326939229343916224e+02 4.813987921307829652e+02 2.785509082093853728e+00
2.910000000000000000e+02 1.236094130480219917e+02 4.474748361114474733e+02 2.195068525898614453e+00
2.930000000000000000e+02 1.262611373995919877e+02 4.115217396556581662e+02 2.046181477764744017e+00
2.950000000000000000e+02 1.047359634862461917e+02 2.992242161570629833e+02 1.471160952576015646e+00
2.970000000000000000e+02 1.060419901758677668e+02 2.993465748692927377e+02 1.404362916026835606e+00
2.990000000000000000e+02 1.183510785501002260e+02 5.980925040036398741e+02 1.783392680950530940e+00
3.010000000000000000e+02 1.219388954105075697e+02 5.981300664745764379e+02 1.695502042481013216e+00
3.030000000000000000e+02 9.627161814600624723e+01 3.171512635068110626e+02 1.585925894046567475e+00
3.050000000000000000e+02 1.087160732680705166e+02 3.180743055673190156e+02 1.797567296637529566e+00
3.070000000000000000e+02 -1.684528279639474704e+02 2.991944539615148528e+02 1.640967128286921595e+00
3.090000000000000000e+02 8.074187929998358015e+01 2.991343387145582255e+02 1.680034196161955817e+00
3.110000000000000000e+02 8.411833574976901673e+01 3.100873844816357519e+02 1.581634649962849970e+00
3.130000000000000000e+02 1.252904074696549799e+02 4.071756987604750293e+02 1.619713692032507257e+00
3.150000000000000000e+02 1.314384952944074314e+02 3.778327292719974366e+02 1.469126763563435967e+00
3.170000000000000000e+02 -9.243937278849348615e+01 2.996693168210331351e+02 1.491655368374567470e+00
3.190000000000000000e+02 1.230199319861968803e+02 4.542213058610707321e+02 1.629246298465586218e+00
3.210000000000000000e+02 1.258886870545561152e+02 4.670264901528876749e+02 1.872664138499608777e+00
3.230000000000000000e+02 1.166211678432365346e+02 3.661808191135214088e+02 1.918114435524547412e+00
3.250000000000000000e+02 1.231563484475001502e+02 3.605465591781398302e+02 2.069834309700875785e+00
3.270000000000000000e+02 1.286818469865876864e+02 5.257119371244402828e+02 1.880078278785801693e+00
3.290000000000000000e+02 1.222145760168875910e+02 3.684910434162176784e+02 1.588080726599249370e+00
3.310000000000000000e+02 1.200431918408204695e+02 2.993671062571875154e+02 1.437997744300036906e+00
3.330000000000000000e+02 1.119243332033095584e+02 2.993823199604534580e+02 1.404399875882049065e+00
3.350000000000000000e+02 1.058984754359105978e+02 4.027585297294991165e+02 1.424531872221649120e+00
3.370000000000000000e+02 7.737439692416346304e+01 4.999997910201553282e+02 1.980180662488339793e+00
3.390000000000000000e+02 7.627253436536743436e+01 5.106261145093327514e+02 2.060622720003919106e+00
3.410000000000000000e+02 6.910919780651812516e+01 5.282155495794610260e+02 1.874033206315359079e+00
3.430000000000000000e+02 6.596453678203165794e+01 5.051189027901844497e+02 1.593317615039205437e+00
3.450000000000000000e+02 6.079074613244313241e+01 4.197989175457731221e+02 1.516392180865338890e+00
3.470000000000000000e+02 1.256768820929134307e+02 3.267039433976908072e+02 1.911443527508260631e+00
3.490000000000000000e+02 1.216300143401039549e+02 3.557055678412436919e+02 1.825950254426380814e+00
3.510000000000000000e+02 1.266315833163858855e+02 2.977588429011775020e+02 1.814493886439495718e+00
3.530000000000000000e+02 1.233864617675277628e+02 3.005170474822245978e+02 1.801562675643497480e+00
3.550000000000000000e+02 1.109265799982109968e+02 4.149375549033803168e+02 1.600833714824194454e+00
3.570000000000000000e+02 1.373488253377787487e+02 3.010333185895999009e+02 1.386512998725372592e+00
3.590000000000000000e+02 1.127243001167310581e+02 5.981081961147036736e+02 1.446356129281402447e+00
3.610000000000000000e+02 1.114615583221569040e+02 5.981388253960849397e+02 1.710717537905212637e+00
3.630000000000000000e+02 -9.032969086185389074e+01 3.292585577278836126e+02 1.604528087699012451e+00
3.650000000000000000e+02 -1.127816305694744727e+02 5.126339284252261450e+02 1.522844133218101748e+00
3.670000000000000000e+02 1.322674275261797732e+02 3.733091943981875716e+02 1.562625230437443946e+00
3.690000000000000000e+02 1.237352416546153933e+02 2.993939405893871140e+02 1.778161633304865985e+00
3.710000000000000000e+02 -3.531074135263195135e+00 4.363210142643816880e+02 1.529844564701552168e+00
3.730000000000000000e+02 9.716039418256698923e+01 2.996480409289139288e+02 1.661409567474790405e+00
3.750000000000000000e+02 2.189137403202020593e+01 5.981077990499603629e+02 1.720763639394398359e+00
3.770000000000000000e+02 2.306606576305793865e+01 5.980998446626236955e+02 1.764969515750903106e+00
3.790000000000000000e+02 9.475218941221523039e+01 2.992139459849042282e+02 1.684610592791567552e+00
3.810000000000000000e+02 1.262459983506950145e+01 3.149786478450433265e+02 1.705149381504028394e+00
3.830000000000000000e+02 1.617766647063605134e+01 3.068262991971047882e+02 1.703744899826464154e+00
3.850000000000000000e+02 7.717997607564664975e+01 5.771521238488312520e+02 1.963949872165590360e+00
3.870000000000000000e+02 8.350298008672656636e+01 5.831266846410425160e+02 1.696132761685767543e+00
3.890000000000000000e+02 9.346081388700800119e+01 4.657343747400148573e+02 1.834187554472355819e+00
3.910000000000000000e+02 1.005320071740409276e+02 4.026110631995509266e+02 1.635433821271430332e+00
3.930000000000000000e+02 6.991044318092190224e+01 3.811851475978741632e+02 1.578947295082199664e+00
3.950000000000000000e+02 9.606621228202770624e+01 3.234975087411587538e+02 1.795600932557193552e+00
3.970000000000000000e+02 9.944182932535871089e+01 3.295064605638496005e+02 1.588505528487583973e+00
3.990000000000000000e+02 1.471295819007986161e+01 5.296775334578088632e+02 1.508734278350182922e+00
4.010000000000000000e+02 1.496206982121883868e+02 5.981067470748464530e+02 1.448739223688868316e+00
4.030000000000000000e+02 1.186333899866906876e+02 2.993840523952681565e+02 1.694590536436536121e+00
4.050000000000000000e+02 8.880103768623907712e+00 4.484053613286553173e+02 1.574563910955157242e+00
4.070000000000000000e+02 1.109697803317972813e+02 2.992810813728552262e+02 1.790298431648446931e+00
4.090000000000000000e+02 1.058283335620773755e+02 2.994071502645646206e+02 1.620470014183971630e+00
4.110000000000000000e+02 1.125079046769626387e+02 2.989783766079960401e+02 1.584232211725220996e+00
4.130000000000000000e+02 1.223520789952631134e+02 3.036355836987169141e+02 1.543675487742721453e+00
4.150000000000000000e+02 1.299771376910711069e+02 3.333894851082812920e+02 1.659574867090543027e+00
4.170000000000000000e+02 3.288825644764266087e+01 3.832841347430082237e+02 1.569736956922686888e+00
4.190000000000000000e+02 1.143308261579964409e+02 2.992433072777701000e+02 1.594081419612648709e+00
4.210000000000000000e+02 9.388461874263278162e+01 4.361866786064645112e+02 1.927855085415667302e+00
4.230000000000000000e+02 9.710707076306906060e+01 4.192754902113284743e+02 2.077595177317856923e+00
4.250000000000000000e+02 4.035257350214426708e+01 3.384885115771851360e+02 1.886078349534787479e+00
4.270000000000000000e+02 5.753889820497170149e+01 3.620150298294092863e+02 1.624762148575435550e+00
4.290000000000000000e+02 9.348864615784260934e+01 3.173660063860000946e+02 1.728454586729042175e+00
4.310000000000000000e+02 -7.853170198445714334e+01 3.813586862756450842e+02 1.755465141087414027e+00
4.330000000000000000e+02 1.122251200281566383e+02 3.480244981350896296e+02 2.541100177852798403e+00
4.350000000000000000e+02 1.150242904394643801e+02 3.505696813280288779e+02 3.949450570191416432e+00
4.370000000000000000e+02 1.185514694069367749e+02 3.413138245396996808e+02 9.059001741103093863e+00
4.390000000000000000e+02 1.191570624223297301e+02 3.414924319577452252e+02 1.748522585928969164e+01
4.410000000000000000e+02 1.188831456170179450e+02 3.410853403704290940e+02 1.969968010992273832e+01
4.430000000000000000e+02 1.186687746183518470e+02 3.450762499876879019e+02 2.240470780154370445e+01
4.450000000000000000e+02 1.186748456142656067e+02 3.403801485737297412e+02 1.695962131762246017e+01
4.470000000000000000e+02 1.187872487447599639e+02 3.496907803709903533e+02 1.662219303387638547e+01
4.490000000000000000e+02 1.194736810647908811e+02 3.402297325065859468e+02 1.799741178953949827e+01
4.510000000000000000e+02 1.192332087386125465e+02 3.381332431192734020e+02 2.023239914899237846e+01
4.530000000000000000e+02 1.204463621801208433e+02 3.358518988445079572e+02 1.479934160728216774e+01
4.550000000000000000e+02 1.198302494519013379e+02 3.330693773372519217e+02 1.424011121353085407e+01
4.570000000000000000e+02 1.196728812484853250e+02 3.364294160498789097e+02 1.134340390143217547e+01
4.590000000000000000e+02 1.199480151193456550e+02 3.318411956026992016e+02 1.176088241573616777e+01
4.610000000000000000e+02 1.189575882330064616e+02 3.429694534021425056e+02 1.090468646371668271e+01
4.630000000000000000e+02 1.203787998169735829e+02 3.453520615016797137e+02 1.015915803951211061e+01
4.650000000000000000e+02 1.221259515860614897e+02 3.270740437063196282e+02 9.435496474292529356e+00
4.670000000000000000e+02 1.204179788207599984e+02 3.276069038807595462e+02 8.887879661415986732e+00
4.690000000000000000e+02 1.200286354676066622e+02 3.377471738734660107e+02 8.989897839820335079e+00
4.710000000000000000e+02 1.196268791069331741e+02 3.457894335132261290e+02 7.041110375959505951e+00
4.730000000000000000e+02 1.196212436979967322e+02 3.394534642818784960e+02 4.878466973496764503e+00
4.750000000000000000e+02 1.176014385917222853e+02 3.414812061752066370e+02 5.177012111070199651e+00
4.770000000000000000e+02 1.185507648071955629e+02 3.409277669418887058e+02 5.261350884069035061e+00
4.790000000000000000e+02 1.211216680021607459e+02 3.295157987811260227e+02 4.690140653899844025e+00
4.810000000000000000e+02 1.206400659327067046e+02 3.302367818503911963e+02 5.582446946956169498e+00
4.830000000000000000e+02 1.192469144933692604e+02 3.420870126237904287e+02 4.385679387852046140e+00
4.850000000000000000e+02 1.212483422012378327e+02 3.206283480620966202e+02 2.802916165411782234e+00
4.870000000000000000e+02 1.184878236920498438e+02 3.145665099196444316e+02 2.970307907884740306e+00
4.890000000000000000e+02 1.185105595232265614e+02 3.297919236774587830e+02 3.054392328730335393e+00
4.910000000000000000e+02 1.192489648846652983e+02 2.927534700621795878e+02 1.943414356033702495e+00
4.930000000000000000e+02 -8.550921598952992042e+01 3.329942734628996277e+02 1.848541695969176279e+00
4.950000000000000000e+02 1.008495461493463239e+02 3.423934631740243617e+02 1.778344805825784469e+00
4.970000000000000000e+02 1.539950288157156422e+02 5.981247959388228992e+02 1.634400882072957417e+00
4.990000000000000000e+02 1.230758531050708626e+02 2.972789123880269244e+02 1.623401084816920248e+00
5.010000000000000000e+02 8.015541294765633040e+01 3.558421903687442978e+02 1.770077293084399095e+00
5.030000000000000000e+02 9.068469271937362919e+01 3.641361980453695537e+02 1.714764740868311099e+00
5.050000000000000000e+02 9.994940345317121455e+01 3.659896774137531565e+02 1.918315826212855457e+00
5.070000000000000000e+02 1.019162268426452584e+02 3.381481984564974823e+02 2.039894892130831305e+00
5.090000000000000000e+02 9.965042539274914191e+01 3.600099920956159281e+02 1.711210400757739780e+00
5.110000000000000000e+02 1.233160488423606154e+02 2.994663015179708623e+02 1.597211831164818019e+00
5.130000000000000000e+02 6.538143671330813333e+01 4.746806519992362041e+02 1.577706717073293463e+00
5.150000000000000000e+02 7.186818728643832799e+01 4.047229366061819178e+02 1.797974024258897741e+00
5.170000000000000000e+02 7.467478532347338671e+01 3.554265291614139528e+02 1.569946097044308431e+00
5.190000000000000000e+02 -3.240041049334631396e+01 5.981314282316677691e+02 1.461661657827010963e+00
5.210000000000000000e+02 3.462527592250241781e+01 5.591166891494146967e+02 1.724870758667532700e+00
5.230000000000000000e+02 3.557732387470950641e+01 5.759869093408694880e+02 1.755016409629360563e+00
5.250000000000000000e+02 3.782272231076360214e+01 4.653641405598929737e+02 1.492967567711705579e+00
5.270000000000000000e+02 3.812905588584384020e+01 5.207682562307694525e+02 1.899109511345945744e+00
5.290000000000000000e+02 3.947268494203295575e+01 5.308875699447715988e+02 1.641642426628898255e+00
5.310000000000000000e+02 1.257514801394269455e+01 3.635675860881277686e+02 1.502885992479831900e+00
5.330000000000000000e+02 1.010378194328111334e+02 2.989842085567764798e+02 1.446683893304467228e+00
5.350000000000000000e+02 -7.749047605784018344e+01 3.620401220075775655e+02 1.503225621854781258e+00
5.370000000000000000e+02 -7.669410373999276942e+01 3.594017102661476315e+02 1.642010308175928079e+00
5.390000000000000000e+02 9.208965698438733227e+01 2.993288101362774114e+02 1.744932011461981292e+00
5.410000000000000000e+02 7.631972463769385229e+01 3.487686664472923894e+02 1.637646343999356491e+00
5.430000000000000000e+02 -1.044234154888881250e+02 2.994952977440493100e+02 1.632478157012247300e+00
5.450000000000000000e+02 3.523226513026522611e+01 4.612640603383304096e+02 1.701062478935113864e+00
5.470000000000000000e+02 9.130829267793122028e+01 4.244126421513111040e+02 1.965045861854859632e+00
5.490000000000000000e+02 1.039397188492575737e+02 3.361869036589960729e+02 2.227114798588881062e+00
5.510000000000000000e+02 1.021639683684876445e+02 3.538269518233215081e+02 1.733586222408919797e+00
5.530000000000000000e+02 6.467679487893991563e+01 3.644571676913263332e+02 1.510539788856336996e+00
5.550000000000000000e+02 6.796101695693413092e+01 3.442290656261747586e+02 1.369607764335402100e+00
5.570000000000000000e+02 -5.388696592762975968e+01 3.525737740344864619e+02 1.502266107851853327e+00
5.590000000000000000e+02 7.178886918957202568e+01 5.981357564249419738e+02 1.527951997423398156e+00
5.610000000000000000e+02 3.095200649657925140e+01 5.981687199695190884e+02 1.823334437811374054e+00
5.630000000000000000e+02 8.971400765340973749e+01 5.981673030273768745e+02 1.866913891894456112e+00
5.650000000000000000e+02 -1.588363149689450040e+02 3.913497908252986122e+02 1.362146036952755823e+00
5.670000000000000000e+02 7.644166628754744863e+01 3.965808296048226111e+02 1.559037273113402344e+00
5.690000000000000000e+02 9.244304987373062943e+01 3.180475006061718659e+02 1.543745789539257673e+00
5.710000000000000000e+02 9.528815208807013448e+01 2.993712392671483826e+02 1.505418251417675490e+00
5.730000000000000000e+02 -5.760675100029184392e+01 4.143613942508177388e+02 1.883480137755662032e+00
5.750000000000000000e+02 1.178676500717560671e+01 5.980963979843157858e+02 1.675456059702448597e+00
5.770000000000000000e+02 7.926711500332888249e+01 5.361848306865300628e+02 1.563676492278654795e+00
5.790000000000000000e+02 1.158720975974823659e+02 4.587310071327038372e+02 1.568373802234503511e+00
5.810000000000000000e+02 -7.433041423074874388e+01 3.281242944366206302e+02 1.480420048678512623e+00
5.830000000000000000e+02 -8.703229125717642489e+01 3.944345573392403139e+02 1.599102618832540346e+00
5.850000000000000000e+02 7.225936976552050339e+01 4.016268937787531286e+02 1.486939899703413115e+00
5.870000000000000000e+02 8.518508784371348952e+01 5.985031080178218872e+02 1.540475378269531959e+00
5.890000000000000000e+02 9.936568116961055352e+01 5.710987609116037902e+02 1.575885448594602112e+00
5.910000000000000000e+02 7.254172738264840348e+01 5.257246306799016793e+02 1.383105136368575128e+00
5.930000000000000000e+02 9.127809732932293230e+01 3.907537555199074291e+02 1.589016146922026085e+00
5.950000000000000000e+02 1.132793826696641872e+02 2.996411355103640517e+02 1.701894952344552125e+00
5.970000000000000000e+02 9.573131830030541778e+01 5.261063561122979308e+02 1.689462776706633251e+00
5.990000000000000000e+02 9.260950500138409325e+01 5.338216220073339855e+02 1.519790375024794304e+00
6.010000000000000000e+02 8.237240362512662273e+01 3.438614496875758277e+02 1.828938371214696712e+00
6.030000000000000000e+02 7.787543278221572507e+01 3.481641462616337321e+02 1.444672562428678475e+00
6.050000000000000000e+02 4.239756034062857992e+01 3.512812181110610368e+02 1.637768358595777407e+00
6.070000000000000000e+02 4.191517760012317240e+01 3.935785155875691430e+02 1.637564760125354457e+00
6.090000000000000000e+02 -5.759194458854441478e+01 3.590869932054457081e+02 1.609907045186388830e+00
6.110000000000000000e+02 1.501555691550414338e+02 4.353621323262419764e+02 1.346335695076503525e+00
6.130000000000000000e+02 1.260494828673332535e+02 4.259269954706384169e+02 1.458353909468911302e+00
6.150000000000000000e+02 1.078353776717399484e+02 4.539239023875096564e+02 1.419136212526632246e+00
6.170000000000000000e+02 -7.011874696975701227e+01 2.994633879088294748e+02 1.317383400949165173e+00
6.190000000000000000e+02 -1.436472591810468487e+02 5.031697191386535906e+02 1.584655249226657014e+00
6.210000000000000000e+02 -1.426215288840800213e+02 3.484312203758594819e+02 1.637505446695066036e+00
6.230000000000000000e+02 1.045529597283424721e+02 3.372569083729312638e+02 1.459527989101446988e+00
6.250000000000000000e+02 9.450169731262722905e+01 3.231566901194352113e+02 1.554602524027946187e+00
6.270000000000000000e+02 9.557437068126067459e+01 2.965419019047778306e+02 1.730987262025822870e+00
6.290000000000000000e+02 8.486445672292043696e+01 3.055122321559214811e+02 1.671597503399052220e+00
6.310000000000000000e+02 8.141827440142063210e+01 2.994176398358082452e+02 1.780759027249571913e+00
6.330000000000000000e+02 9.519380004661790906e+01 2.994014669579960923e+02 1.431699806382345175e+00
6.350000000000000000e+02 1.006923002104578870e+02 3.370735039993010673e+02 1.806605888837553353e+00
6.370000000000000000e+02 1.057981625688909020e+02 3.093805253200163179e+02 2.040907452589364457e+00
6.390000000000000000e+02 1.071007804075475889e+02 2.989324054788813214e+02 1.610609722084356932e+00
6.410000000000000000e+02 3.860519238321342783e+01 3.924468310611778747e+02 1.632426480979991323e+00
6.430000000000000000e+02 2.420390949448719553e+01 3.513560116362905887e+02 1.684128777659678500e+00
6.450000000000000000e+02 5.362445099149068284e+01 4.260937735792452372e+02 1.671052981927078518e+00
6.470000000000000000e+02 8.246286607066056717e+01 2.992975006952314061e+02 1.603517084368043077e+00
6.490000000000000000e+02 9.000000000000000000e+01 3.000000000000000000e+02 1.709635314406377393e+00
6.510000000000000000e+02 2.836631715876300674e+01 3.768261984365814783e+02 1.720422731813410433e+00
6.530000000000000000e+02 1.011984049087638056e+02 2.994345337636319755e+02 1.594639024364825630e+00
6.550000000000000000e+02 -5.801257819239827995e+01 5.981414768601554215e+02 1.387990873142871617e+00
6.570000000000000000e+02 8.943074964482718769e+01 5.981609914140427691e+02 1.416893141822939794e+00
6.590000000000000000e+02 8.551235035642073967e+01 3.218443299596683005e+02 1.607819415251936501e+00
6.610000000000000000e+02 1.111022447429280078e+02 3.265196716726571253e+02 1.955455095867328463e+00
6.630000000000000000e+02 1.088444907464065068e+02 3.206106185396529895e+02 1.954033728252408730e+00
6.650000000000000000e+02 5.372642393868567723e+01 3.281051536920397780e+02 1.637969605699663989e+00
6.670000000000000000e+02 4.881025171981957556e+01 3.042340893556763604e+02 1.700585184987919662e+00
6.690000000000000000e+02 4.635064600939420387e+01 2.993783504890783433e+02 1.774312812385005156e+00
6.710000000000000000e+02 1.018610353976097684e+02 2.993789857421539864e+02 1.921432767220083493e+00
6.730000000000000000e+02 9.454822096252556207e+01 3.077210193006542340e+02 1.866094166246621056e+00
6.750000000000000000e+02 1.020021318549225384e+02 2.993743991397061563e+02 1.746630930246235058e+00
6.770000000000000000e+02 9.930076957943087734e+01 3.171818184452883429e+02 1.767179760850584591e+00
6.790000000000000000e+02 7.888309512763625264e+01 3.536668030771712665e+02 2.070406187607488402e+00
6.810000000000000000e+02 4.608586508867270481e+01 3.922885133867545164e+02 1.905325216792183474e+00
6.830000000000000000e+02 2.647865405571798547e+01 3.242026609463066507e+02 1.632421735853969880e+00
6.850000000000000000e+02 5.573543608132025895e+01 3.367903174910647408e+02 1.493080228969316359e+00
6.870000000000000000e+02 -3.852552660540923313e+01 5.981317803024530804e+02 1.574742364306016107e+00
6.890000000000000000e+02 -4.230390218341901232e+01 5.399166223822223856e+02 1.742738134011444062e+00
6.910000000000000000e+02 7.641533822624198535e+01 3.050577068924775404e+02 1.487478357918019745e+00
6.930000000000000000e+02 8.200000000000000000e+01 3.000000000000000000e+02 1.771164665072896272e+00
6.950000000000000000e+02 1.012398154862170401e+02 2.994145507960029704e+02 1.592162936786415406e+00
6.970000000000000000e+02 9.002119041460541382e+01 2.993750698276282378e+02 1.568268397881448006e+00
6.990000000000000000e+02 8.985389518354890015e+01 2.993898203873075659e+02 1.629269562527216886e+00
7.010000000000000000e+02 2.669992997939468893e+01 3.903062513076177993e+02 1.473157520386755071e+00
7.030000000000000000e+02 -7.078243338222809200e+01 5.981583743158350899e+02 1.347746992885253903e+00
7.050000000000000000e+02 1.042598235135723712e+02 2.993506318393961578e+02 1.703435732435258032e+00
7.070000000000000000e+02 1.099603581690841168e+02 2.993853534353333430e+02 1.658593498443273750e+00
7.090000000000000000e+02 -8.013261480338043441e+01 5.352971885549530953e+02 1.488740918434806160e+00
7.110000000000000000e+02 -1.561370378007041211e+02 2.993553602960296303e+02 1.450665662619386342e+00
7.130000000000000000e+02 8.691779898628956857e+01 2.993832302778826602e+02 1.390884061420992523e+00
7.150000000000000000e+02 8.465374241554155788e+01 5.980698987359489820e+02 1.408747182414193500e+00
7.170000000000000000e+02 1.014554929540624357e+02 5.348175265328136447e+02 1.747283490043935794e+00
7.190000000000000000e+02 8.941770363078570938e+01 5.319010510485840086e+02 1.532805491113193641e+00
7.210000000000000000e+02 7.696338866856045513e+01 2.993287179918555125e+02 1.530024659127128928e+00
7.230000000000000000e+02 8.558862783041055877e+01 2.993948052725691582e+02 1.617197950666245276e+00
7.250000000000000000e+02 3.641166658193625061e+00 4.810048144668692203e+02 1.593873276598307687e+00
7.270000000000000000e+02 1.212096047543879678e+02 2.994084818876614804e+02 1.532970783514341351e+00
7.290000000000000000e+02 1.227662631606773402e+02 2.993840945255152519e+02 1.647007563405969988e+00
7.310000000000000000e+02 1.038088694054382017e+02 2.993839232468708360e+02 1.776759366297177678e+00
7.330000000000000000e+02 1.029051781133046859e+02 2.989349329870036058e+02 1.900414415776396693e+00
7.350000000000000000e+02 8.714895638170261805e+01 4.142590129944979935e+02 1.903495775771572696e+00
7.370000000000000000e+02 8.687892591391432973e+01 2.993365215357567877e+02 1.678104123329689168e+00
7.390000000000000000e+02 9.491846931630742290e+01 2.993624378391463665e+02 1.501593147188817090e+00
7.410000000000000000e+02 2.986737566807841660e+01 5.981131509996542945e+02 1.474421705582402931e+00
7.430000000000000000e+02 9.915332758848464323e+01 3.187974122633580123e+02 1.729685293240140975e+00
7.450000000000000000e+02 9.781268584785901510e+01 3.360361558344210380e+02 1.846762215736806434e+00
7.470000000000000000e+02 4.692902055889288704e+01 4.420504088870409873e+02 1.616821944297287317e+00
7.490000000000000000e+02 4.471709040805080804e+01 4.501283663206471033e+02 1.814305535348257559e+00
7.510000000000000000e+02 1.012698598936744645e+02 2.994153829883950948e+02 1.856467185147240295e+00
7.530000000000000000e+02 9.857893387257010431e+01 2.992748081911108216e+02 1.921985315535078565e+00
7.550000000000000000e+02 9.960193015482394685e+01 3.675030122545454674e+02 1.931671336868012290e+00
7.570000000000000000e+02 9.874795444358595375e+01 4.047220800652316939e+02 2.204278298441965767e+00
7.590000000000000000e+02 9.938181103853005993e+01 4.172636616863720747e+02 1.863004244777475948e+00
7.610000000000000000e+02 2.173618527780942955e+01 2.993614682735623092e+02 1.809400072814974836e+00
7.630000000000000000e+02 2.776399999542792685e+01 2.993583846514524680e+02 1.652171893747309550e+00
7.650000000000000000e+02 1.147311933585551600e+02 2.992975662794038954e+02 1.906060425721529228e+00
7.670000000000000000e+02 9.193357733634084639e+01 3.047325376092676947e+02 1.941819838732426140e+00
7.690000000000000000e+02 9.083592345513083899e+01 3.132288262977861564e+02 1.903786648537800108e+00
7.710000000000000000e+02 9.083238747229248133e+01 3.329097362053028633e+02 1.886787026932868816e+00
7.730000000000000000e+02 8.667044083084344663e+01 3.564794020450623862e+02 1.629099075146593467e+00
7.750000000000000000e+02 8.190630582208581245e+01 2.993818157491877514e+02 1.875682574519221602e+00
7.770000000000000000e+02 7.808663372337441899e+01 5.735567269155741315e+02 1.859742184082112670e+00
7.790000000000000000e+02 9.410751728826114970e+01 2.993603903783543956e+02 1.821406258725250638e+00
7.810000000000000000e+02 9.281162553689101458e+01 2.992818630592991553e+02 1.826046353424799040e+00
7.830000000000000000e+02 9.507431980747554690e+01 2.996424420263521711e+02 2.150352707088816651e+00
7.850000000000000000e+02 2.757832241893710545e+01 4.899506461333565426e+02 1.889083366677356324e+00
7.870000000000000000e+02 5.636259382827508801e+01 4.874140384830287758e+02 1.957252233983584055e+00
7.890000000000000000e+02 5.870749155579353840e+01 4.128319382826726383e+02 1.785220138383782906e+00
7.910000000000000000e+02 3.436694458068700442e+01 3.684287838718944954e+02 1.818117101777155131e+00
7.930000000000000000e+02 3.510010684313255780e+01 3.230386203420080165e+02 1.651681283792662214e+00
7.950000000000000000e+02 9.639179369038929224e+01 2.993240998297521855e+02 1.539151453885657883e+00
7.970000000000000000e+02 6.370837708208895123e+01 4.815330828329358610e+02 1.579102437996590114e+00
7.990000000000000000e+02 6.741820084948572855e+01 4.544397435236434148e+02 1.547285540113734426e+00
8.010000000000000000e+02 9.235635621886741831e+01 3.673700456559360532e+02 1.428695453301853657e+00
8.030000000000000000e+02 1.049635682897428239e+02 2.993167137634852111e+02 1.424748937158092366e+00
8.050000000000000000e+02 9.842911818560916970e+01 4.464597941998026727e+02 1.653599694822767141e+00
8.070000000000000000e+02 7.599810653380288272e+01 5.175359499112578305e+02 1.919522982474264783e+00
8.090000000000000000e+02 7.767066692635836489e+01 2.993757200205329809e+02 2.039646076162807020e+00
8.110000000000000000e+02 8.418901627244619590e+01 3.086010704464111427e+02 2.142534380554239171e+00
8.130000000000000000e+02 8.285120944477716876e+01 3.517130255037342863e+02 1.672809386178067070e+00
8.150000000000000000e+02 7.554263163000908321e+01 4.430562960098782810e+02 1.777560268717963243e+00
8.170000000000000000e+02 7.387737968623910945e+01 4.533894799363824859e+02 1.916201872520558069e+00
8.190000000000000000e+02 7.674517570988274429e+01 4.271160919772016200e+02 1.732220114421716195e+00
8.210000000000000000e+02 9.127179893447600989e+01 3.209508585671157448e+02 1.531190956640035461e+00
8.230000000000000000e+02 9.970107833703295341e+01 3.259243131787609968e+02 1.844452809315246355e+00
8.250000000000000000e+02 9.716867825117414270e+01 3.776805390977034449e+02 1.574352536900083477e+00
8.270000000000000000e+02 8.629938358835732970e+01 4.087107596049053768e+02 1.326749596251674213e+00
8.290000000000000000e+02 8.651489643064691393e+01 3.747835749796714140e+02 1.435187942085611956e+00
8.310000000000000000e+02 9.565108510675770503e+01 2.994348187522621174e+02 1.540066339069215307e+00
8.330000000000000000e+02 -8.251687123410344782e+01 2.994323578407015134e+02 1.431852685264927816e+00
8.350000000000000000e+02 1.059321970430396647e+02 2.993785310761073220e+02 1.541782951257237633e+00
8.370000000000000000e+02 1.116588159752384684e+02 2.994203736841703858e+02 1.626538747887215974e+00
8.390000000000000000e+02 7.678234789902417257e-01 5.148976530417814956e+02 1.442242745293568440e+00
8.410000000000000000e+02 -2.104313890962387035e+01 5.981525564496803327e+02 1.466244584860149303e+00
8.430000000000000000e+02 1.077557049173264971e+02 5.981882952281952157e+02 1.546238236145641043e+00
8.450000000000000000e+02 5.534948189723085221e+01 3.223676566320805250e+02 1.385947068455709363e+00
8.470000000000000000e+02 5.709543283561271920e+01 5.263841847825447076e+02 1.712708460516816356e+00
8.490000000000000000e+02 -2.442192407963980827e+01 3.988619430523890514e+02 1.846288553051185000e+00
8.510000000000000000e+02 -2.588295595628237322e+01 3.234198178695103820e+02 2.259486586930258056e+00
8.530000000000000000e+02 -2.570470796481214393e+01 4.399637011321723890e+02 2.537701971831392456e+00
8.550000000000000000e+02 -2.392535387479073350e+01 4.199136080509109092e+02 2.356301394443850228e+00
8.570000000000000000e+02 1.594144990685883556e+00 5.476314949080715451e+02 1.650320700788364903e+00
8.590000000000000000e+02 1.769624479651346860e+01 5.261600528155423717e+02 1.590566029961999028e+00
8.610000000000000000e+02 6.835857115089875435e+01 4.816561146465890602e+02 1.708870103340068836e+00
8.630000000000000000e+02 9.463406913081978189e+01 3.847604480747496041e+02 1.472887479631013630e+00
8.650000000000000000e+02 6.918994528179889869e+01 4.033028032916963639e+02 1.641652380720162840e+00
8.670000000000000000e+02 7.613996045123499812e+01 4.001521889119259754e+02 1.601898911909590550e+00
8.690000000000000000e+02 -4.314402358997593012e+01 4.475289014889628447e+02 1.876382565810599923e+00
8.710000000000000000e+02 -4.600035420196442715e+01 4.585916404315407249e+02 2.522768582512824764e+00
8.730000000000000000e+02 -5.423928817096248167e+01 5.436333406241494686e+02 3.170317074240406097e+00
8.750000000000000000e+02 -5.732414984393346202e+01 5.307073013320099335e+02 5.809743808471732329e+00
8.770000000000000000e+02 -5.848767958322196137e+01 5.290831471013034388e+02 6.552646975136442009e+00
8.790000000000000000e+02 -6.000721669294880911e+01 5.050780477941710842e+02 3.989257171507957001e+00
8.810000000000000000e+02 -7.336435224643805952e+01 5.389136315655838416e+02 2.148672304684005052e+00
8.830000000000000000e+02 -7.385032540306299609e+01 4.904309601667408742e+02 2.054805029599374055e+00
8.850000000000000000e+02 -8.955037880030012332e+01 5.180519808583183021e+02 1.943342730942709817e+00
8.870000000000000000e+02 -1.028881454794433665e+02 5.557494259015694524e+02 2.326536582030495737e+00
8.890000000000000000e+02 -1.023938721108985135e+02 5.819793053603807493e+02 3.176715456532342330e+00
8.910000000000000000e+02 -1.029557220267195419e+02 5.677334500246929565e+02 2.985527532328868805e+00
8.930000000000000000e+02 -1.132751961239024610e+02 5.633694736994353889e+02 2.814088846022373414e+00
