# InfraPy Beamforming (fk) Results
# 
# Data summary:
#     CC.PR04.01.BDF	2023-05-08T13:05:30.940000Z - 2023-05-08T13:20:30.920000Z
#     CC.PR04.02.BDF	2023-05-08T13:05:30.940000Z - 2023-05-08T13:20:30.920000Z
#     CC.PR04.03.BDF	2023-05-08T13:05:30.940000Z - 2023-05-08T13:20:30.920000Z
# 
#   channel_cnt: 3
#   t0: 2023-05-08T13:05:30.940000Z
#   latitude: 46.92976
#   longitude: -121.98847
# 
# Algorithm parameters:
#   freq_min: 1.0
#   freq_max: 10.0
#   back_az_min: -180.0
#   back_az_max: 180.0
#   back_az_step: 2.0
#   trace_vel_min: 300.0
#   trace_vel_max: 600.0
#   trace_vel_step: 2.5
#   method: bartlett
#   signal_start: None
#   signal_end: None
#   window_len: 10.0
#   sub_window_len: None
#   window_step: 1.0
# 
# Time (rel t0) [s]      Back Az [deg]	           Tr. Velocity [m/s]       F-stat
5.000000000000000000e+00 -1.690175438690991712e+02 5.985921055395762096e+02 1.401644905287257492e+00
6.000000000000000000e+00 1.309591239122060244e+02 4.165053233198305520e+02 1.451194119270581506e+00
7.000000000000000000e+00 1.278185195762056594e+02 4.640381015539347800e+02 1.460792522646692015e+00
8.000000000000000000e+00 -1.689850000015140381e+02 4.421759847505132939e+02 1.577140633222556154e+00
9.000000000000000000e+00 -1.706269087122729502e+02 4.095791334222430464e+02 1.623947900980304837e+00
1.000000000000000000e+01 -1.742638860891361503e+02 3.709070409177270449e+02 1.667901870914880291e+00
1.100000000000000000e+01 -1.715727333038519760e+02 3.909004150805901077e+02 1.646863286528754688e+00
1.200000000000000000e+01 -1.625226023888768339e+02 4.307609434630196574e+02 1.566901755119584072e+00
1.300000000000000000e+01 -1.534689641480669309e+02 4.620810659168973871e+02 1.533321277702033747e+00
1.400000000000000000e+01 3.363295504631138044e+01 3.649774345333198085e+02 1.532341510643743687e+00
1.500000000000000000e+01 1.597173021061619522e+02 3.615698903309504999e+02 1.609158520590475927e+00
1.600000000000000000e+01 1.589434227414301972e+02 3.551672621475475466e+02 1.600948932375691580e+00
1.700000000000000000e+01 -7.460664574570867735e+00 3.409852926071515071e+02 1.616108390163550679e+00
1.800000000000000000e+01 -7.142999690613233810e+00 3.506858097674220289e+02 1.699596731534825711e+00
1.900000000000000000e+01 -1.621745316223359623e+02 3.767062980719025518e+02 1.669077734268846758e+00
2.000000000000000000e+01 -1.647074399833729217e+02 3.561476735245167333e+02 1.783780741336652653e+00
2.100000000000000000e+01 -1.671637826135803095e+02 3.623511119078308980e+02 1.758056589262906089e+00
2.200000000000000000e+01 -1.644731204094489101e+02 3.997788392382414600e+02 1.750413769064614655e+00
2.300000000000000000e+01 1.763637723517608720e+02 4.164181788078691966e+02 1.766246730002451581e+00
2.400000000000000000e+01 1.728123689451892346e+02 4.586233703190060282e+02 1.777690395762508979e+00
2.500000000000000000e+01 1.723873152144373648e+02 5.160859936172741982e+02 1.911468733511311857e+00
2.600000000000000000e+01 1.753328701924324662e+02 5.615529874015622909e+02 1.848628225877332110e+00
2.700000000000000000e+01 1.785042610345832088e+02 5.982283378999256911e+02 1.704531357728287455e+00
2.800000000000000000e+01 -1.804646307481511656e+02 5.980426228722732276e+02 1.580983816555450394e+00
2.900000000000000000e+01 -1.804932109779350071e+02 5.980637520162840701e+02 1.500803950176897494e+00
3.000000000000000000e+01 -1.804864295546707069e+02 2.993851646109422973e+02 1.463779961614709135e+00
3.100000000000000000e+01 -1.804987244701288205e+02 2.993755917049541040e+02 1.380326413568418786e+00
3.200000000000000000e+01 -1.805020879472334627e+02 2.993734843633391165e+02 1.351643314178129218e+00
3.300000000000000000e+01 1.759060923354852832e+02 2.993705221723671457e+02 1.312628823858113858e+00
3.400000000000000000e+01 2.456580431289742705e+01 3.154825490545892990e+02 1.470090788209732269e+00
3.500000000000000000e+01 2.975548753107019806e+01 3.111390004434368848e+02 1.502627500156273443e+00
3.600000000000000000e+01 3.810144913566671931e+01 2.994055849625125916e+02 1.482136452020921702e+00
3.700000000000000000e+01 4.225879853610647530e+01 2.993942908218863295e+02 1.597156909362805743e+00
3.800000000000000000e+01 4.142050606035836324e+01 2.993560665734786426e+02 1.537119120968798436e+00
3.900000000000000000e+01 -9.624378771569058699e+01 5.983785329575814558e+02 1.356265877576012580e+00
4.000000000000000000e+01 -1.807033882031482506e+02 3.235854179604602905e+02 1.350007012320556754e+00
4.100000000000000000e+01 -1.806839116748058416e+02 3.207885493438030267e+02 1.442151985183044216e+00
4.200000000000000000e+01 -1.804963219056357389e+02 5.981114267235881243e+02 1.526788545155923771e+00
4.300000000000000000e+01 -1.804946358675730949e+02 5.980816449576178684e+02 1.625552397875145383e+00
4.400000000000000000e+01 -1.804935750506018906e+02 5.980680612980587512e+02 1.533846548753490024e+00
4.500000000000000000e+01 5.718060625039298372e+01 2.993412623590710382e+02 1.356037050680560130e+00
4.600000000000000000e+01 1.696553547920024414e+02 2.999340353524399916e+02 1.536907443615808333e+00
4.700000000000000000e+01 1.715794961693789560e+02 3.297818003270577378e+02 1.708224220436190599e+00
4.800000000000000000e+01 1.752199622667984329e+02 3.575860859726795411e+02 1.756304030008556838e+00
4.900000000000000000e+01 1.790155849705234345e+02 3.683513369260981563e+02 1.681035216510009089e+00
5.000000000000000000e+01 -1.807940713640927299e+02 3.615949859531818333e+02 1.605575603634954440e+00
5.100000000000000000e+01 -1.753216690470925414e+02 3.693389687931845060e+02 1.674070482846875096e+00
5.200000000000000000e+01 1.613010617031491378e+01 3.822274741020573856e+02 1.499832047231467680e+00
5.300000000000000000e+01 1.903825636284268796e+01 4.029784587817720762e+02 1.536045348500206131e+00
5.400000000000000000e+01 1.854807555726279489e+01 4.175154206236598498e+02 1.485031277129328586e+00
5.500000000000000000e+01 1.681805712924801242e+02 3.160110621912571673e+02 1.427653946218998327e+00
5.600000000000000000e+01 -1.354074152191694793e+02 3.081889930165981468e+02 1.376717927362691274e+00
5.700000000000000000e+01 -1.377988721523343543e+02 3.153264138623012514e+02 1.354290069075812619e+00
5.800000000000000000e+01 1.750764661394583754e+02 3.009407031999841706e+02 1.459850419175841685e+00
5.900000000000000000e+01 1.731037280617765930e+02 2.940727316538738023e+02 1.579455982379037282e+00
6.000000000000000000e+01 1.726634816422330800e+02 2.995854979600729280e+02 1.536805770097515511e+00
6.100000000000000000e+01 1.460086432437868496e+02 5.981247067965153974e+02 1.430620468910801746e+00
6.200000000000000000e+01 1.402193962178639595e+02 5.576238920562351495e+02 1.382829834806753588e+00
6.300000000000000000e+01 1.417277055275705777e+02 4.507953992274372581e+02 1.434775697493544389e+00
6.400000000000000000e+01 1.020738380625037500e+01 2.994643468060650662e+02 1.506439596799576286e+00
6.500000000000000000e+01 -1.730452237422839232e+02 5.431823666405991844e+02 1.598598399495515965e+00
6.600000000000000000e+01 -1.754017246494383926e+02 5.193599083595781849e+02 1.595170688508045442e+00
6.700000000000000000e+01 -1.949514043651285888e+01 2.994229837576500586e+02 1.580092026255573101e+00
6.800000000000000000e+01 -2.171697736737689155e+01 2.993676717093124466e+02 1.531193272690641649e+00
6.900000000000000000e+01 -1.408475214231168309e+02 2.990499954883247256e+02 1.499850295161889280e+00
7.000000000000000000e+01 1.765303525184015712e+02 3.330002549123506128e+02 1.596571062974298183e+00
7.100000000000000000e+01 1.787081240694878090e+02 3.564326607611710074e+02 1.509531672617675069e+00
7.200000000000000000e+01 1.173190948630742092e+01 3.135675583739180183e+02 1.503861021565507494e+00
7.300000000000000000e+01 -1.759674473893789468e+02 2.995025100811993184e+02 1.532804987138637776e+00
7.400000000000000000e+01 -1.728946614610071606e+02 3.730263632953084993e+02 1.682965538850458964e+00
7.500000000000000000e+01 -1.728616496364431612e+02 4.059009566252864829e+02 1.920474672106481595e+00
7.600000000000000000e+01 -1.778166730740495325e+02 3.547340573454957848e+02 1.807370000318974101e+00
7.700000000000000000e+01 1.785354747049002242e+02 3.268357680703954316e+02 1.755977326654817317e+00
7.800000000000000000e+01 1.751572451308247196e+02 3.988290621977992032e+02 1.771211762199384809e+00
7.900000000000000000e+01 1.732968429469610214e+02 4.174488208367918674e+02 1.844717151636054764e+00
8.000000000000000000e+01 1.740434607985054924e+02 4.459706442572078799e+02 1.655063392772645248e+00
8.100000000000000000e+01 1.410277588941020213e+02 3.236003289392660918e+02 1.787326748907063223e+00
8.200000000000000000e+01 1.412480936865339629e+02 3.444071604608789130e+02 1.738511246727818316e+00
8.300000000000000000e+01 1.452517280811233604e+02 3.115538814649112282e+02 1.663081161758031445e+00
8.400000000000000000e+01 -1.744710870401638374e+02 3.230081843158648098e+02 1.578883694185289954e+00
8.500000000000000000e+01 -1.753071767059813340e+02 2.995132158680971202e+02 1.659701806651042277e+00
8.600000000000000000e+01 -1.745450312714752101e+02 2.992341624749582252e+02 1.559539146681882871e+00
8.700000000000000000e+01 -1.546872158672369721e+02 4.160128624756081877e+02 1.452080004238126998e+00
8.800000000000000000e+01 -1.606072986613043554e+02 3.380372499344319976e+02 1.399510113508589448e+00
8.900000000000000000e+01 -1.628826794444572954e+02 3.026881119605045001e+02 1.542942040074341437e+00
9.000000000000000000e+01 -1.620345605860533738e+02 2.993551631889733358e+02 1.544386605713509608e+00
9.100000000000000000e+01 -1.680465676534731756e+02 5.980779931800183249e+02 1.631124144113163643e+00
9.200000000000000000e+01 -1.775399023779111474e+02 4.833822347586610135e+02 1.724207283254604262e+00
9.300000000000000000e+01 -1.805675986622108269e+02 4.619515252740902156e+02 1.712298990305358481e+00
9.400000000000000000e+01 1.786264294562873260e+02 4.565650331540878710e+02 1.586474952095269675e+00
9.500000000000000000e+01 1.735665438695004354e+02 4.145089359921479399e+02 1.528880720137241855e+00
9.600000000000000000e+01 3.160577964762249437e+01 4.540101333913440271e+02 1.614653798315709876e+00
9.700000000000000000e+01 1.743631656249408195e+02 3.631259183213501842e+02 1.563862997505662378e+00
9.800000000000000000e+01 3.602974217303329230e+00 5.330597195542968620e+02 1.564901167586366437e+00
9.900000000000000000e+01 2.508465161244115116e+00 5.408007521719592887e+02 1.488863638491224384e+00
1.000000000000000000e+02 1.736054536052532793e+00 5.856960628622792910e+02 1.601894565551574834e+00
1.010000000000000000e+02 -1.780856257437999091e+02 4.184665395737360996e+02 1.730177505245765968e+00
1.020000000000000000e+02 -1.780704010219118061e+02 4.028758324937624593e+02 1.899668488655914533e+00
1.030000000000000000e+02 -1.806762976967346503e+02 3.859154002517263962e+02 1.537306328410294354e+00
1.040000000000000000e+02 1.578234439595819651e+02 3.868323265176492782e+02 1.495437709163825790e+00
1.050000000000000000e+02 1.589137699609086951e+02 3.977792077080479203e+02 1.636911919642234370e+00
1.060000000000000000e+02 1.627954556447106711e+02 4.100723288038198575e+02 1.548483499055892443e+00
1.070000000000000000e+02 -6.250486728466576380e+01 5.981556519366262137e+02 1.510216666450436840e+00
1.080000000000000000e+02 -6.712357666612246021e+01 5.979613516770534716e+02 1.503648221396154616e+00
1.090000000000000000e+02 1.785320907441240763e+02 4.360982936608397722e+02 1.486769112496050704e+00
1.100000000000000000e+02 1.786610603594194799e+02 4.287211204993502065e+02 1.486508861673752291e+00
1.110000000000000000e+02 1.047145127824394528e+01 5.981482680584770151e+02 1.503321834536713419e+00
1.120000000000000000e+02 3.184227894784432245e+00 5.979986955800595751e+02 1.514234155787414382e+00
1.130000000000000000e+02 1.418068582974516101e+00 5.972407823453143010e+02 1.535395311662117290e+00
1.140000000000000000e+02 -1.274735505988440565e+01 2.989890957837434371e+02 1.440128294383241636e+00
1.150000000000000000e+02 -1.415003573834177431e+01 3.197342326874035621e+02 1.512424584881435496e+00
1.160000000000000000e+02 -1.169148216745291080e+01 3.469775587075110366e+02 1.598660143235982600e+00
1.170000000000000000e+02 -1.196921668348693757e+01 3.590453125763516482e+02 1.632615202210990990e+00
1.180000000000000000e+02 -1.518532514765126962e+02 4.852713149742660335e+02 1.804910695076496596e+00
1.190000000000000000e+02 -1.521090370568306298e+02 4.742463544872661600e+02 1.887408035886279478e+00
1.200000000000000000e+02 -1.606936749354045162e+02 4.431779343440701382e+02 1.791151309984161610e+00
1.210000000000000000e+02 1.678315256400566682e+02 3.716758199521175356e+02 1.659488598943248849e+00
1.220000000000000000e+02 -5.761741217594583020e+01 5.239846419182352975e+02 1.844800191234760467e+00
1.230000000000000000e+02 -5.465235932446886835e+01 5.982553214455305124e+02 1.947273807546417990e+00
1.240000000000000000e+02 -5.232081093180530473e+01 5.981491992466342253e+02 1.795288378318145917e+00
1.250000000000000000e+02 1.684111733971614342e+02 4.244066986034415550e+02 1.665134574623700070e+00
1.260000000000000000e+02 1.704335975903233873e+02 4.157506261076967462e+02 1.558875765422474302e+00
1.270000000000000000e+02 1.690426191991396081e+02 4.057437299598471441e+02 1.553026816004110078e+00
1.280000000000000000e+02 1.715348619009507445e+02 4.253280065733924857e+02 1.589999215673520983e+00
1.290000000000000000e+02 1.745544879396119882e+02 4.191100893781003265e+02 1.656924079397916305e+00
1.300000000000000000e+02 1.761610983789731506e+02 4.276303000808331944e+02 1.699134065391751935e+00
1.310000000000000000e+02 -1.382232748393080897e+02 4.032856633832876128e+02 1.747365047685224049e+00
1.320000000000000000e+02 1.987691342208209866e+00 4.644277788757269718e+02 1.597851244949631377e+00
1.330000000000000000e+02 7.133715679478874749e-01 4.519216064429674020e+02 1.862457208674864084e+00
1.340000000000000000e+02 -1.718274818031633799e+02 5.130789874768192931e+02 1.805077882041301818e+00
1.350000000000000000e+02 -1.730960395928656510e+02 4.976803718257158948e+02 1.704848549960346293e+00
1.360000000000000000e+02 -1.763315284688142128e+02 4.439692681198787341e+02 1.576877090520397040e+00
1.370000000000000000e+02 -1.806409532896035159e+02 3.720786670549539394e+02 1.557588541858238251e+00
1.380000000000000000e+02 1.761663595959346935e+02 3.426045021644575854e+02 1.680139386995445294e+00
1.390000000000000000e+02 1.766700189722220102e+02 3.415307575298687084e+02 1.715874641763283970e+00
1.400000000000000000e+02 1.786899075206786165e+02 3.567616304757198691e+02 1.631754778407890072e+00
1.410000000000000000e+02 -8.117548383917139176e+01 5.980714232271291166e+02 1.511139873065220574e+00
1.420000000000000000e+02 -1.733543058536732246e+02 5.533606075603809131e+02 1.584021118892445790e+00
1.430000000000000000e+02 1.742253324510700452e+02 3.697381786990770820e+02 1.762975935090308477e+00
1.440000000000000000e+02 1.732684932707578014e+02 3.447076633224778561e+02 1.822648332838938234e+00
1.450000000000000000e+02 -1.806152239533703323e+02 3.579510191009516120e+02 1.792351106315499099e+00
1.460000000000000000e+02 -1.758330137124841883e+02 3.753234568942108922e+02 1.854654363428879460e+00
1.470000000000000000e+02 -1.729046253076836592e+02 3.802282429502241143e+02 1.921115346323206463e+00
1.480000000000000000e+02 -1.714679883800253890e+02 3.758619089335258536e+02 1.969089585884468363e+00
1.490000000000000000e+02 -1.728405055238364980e+02 3.777863641446728593e+02 1.919833531719257858e+00
1.500000000000000000e+02 -1.764767331124791383e+02 3.774775252342958538e+02 1.668291502785834268e+00
1.510000000000000000e+02 1.047482165618982286e+01 5.346817178750319499e+02 1.548122315242099312e+00
1.520000000000000000e+02 1.622610563365978820e+01 5.958365881672951900e+02 1.610211774642968940e+00
1.530000000000000000e+02 1.726002757280648581e+01 5.979112263371375775e+02 1.583457507722950020e+00
1.540000000000000000e+02 -1.765187382706505161e+02 3.781720739601017272e+02 1.676368178811320053e+00
1.550000000000000000e+02 -1.753189618191090062e+02 3.655997506761246996e+02 1.763140609262263014e+00
1.560000000000000000e+02 -1.732848785874896578e+02 3.596681525503341277e+02 1.699479807694239897e+00
1.570000000000000000e+02 -1.727366944343053490e+02 3.636491081383772439e+02 1.643525201151368353e+00
1.580000000000000000e+02 -1.680998637265192315e+02 4.120992481052149969e+02 1.594859754432523591e+00
1.590000000000000000e+02 -1.648620726016017954e+02 4.564488751068812462e+02 1.689137205426397337e+00
1.600000000000000000e+02 -1.652632432440387618e+02 4.715995080060436067e+02 1.772756969931050586e+00
1.610000000000000000e+02 -1.624944411627366492e+02 5.167751270491369269e+02 1.909175151260690706e+00
1.620000000000000000e+02 -1.585683848888690477e+02 5.721572359964696943e+02 1.926078703797129865e+00
1.630000000000000000e+02 -1.586873293933902289e+02 5.978765289175684075e+02 1.847310061373252266e+00
1.640000000000000000e+02 -1.600391505377944839e+02 5.981146422556023481e+02 1.809981915085975057e+00
1.650000000000000000e+02 -1.604057309775726878e+02 5.899731317778803259e+02 1.741560098740310814e+00
1.660000000000000000e+02 -1.676436616915362379e+02 5.021947409347112625e+02 1.529149983143030633e+00
1.670000000000000000e+02 -1.782946139307670990e+02 4.664827300014543994e+02 1.697349185709575492e+00
1.680000000000000000e+02 1.764326876318110635e+02 5.150870170718651480e+02 1.848025996097306223e+00
1.690000000000000000e+02 1.752110352023649682e+02 5.631182700985583551e+02 1.829818551576275709e+00
1.700000000000000000e+02 -1.749180898279369671e+02 5.756639742891485412e+02 1.673301802315074305e+00
1.710000000000000000e+02 -1.686519585573746269e+02 5.536696893246388527e+02 1.700765525780567833e+00
1.720000000000000000e+02 -1.698427977003171350e+02 5.150491207118476495e+02 1.781519796212532425e+00
1.730000000000000000e+02 -1.717311479278801016e+02 4.748390796347752030e+02 1.921141170502248086e+00
1.740000000000000000e+02 -1.717951597597197804e+02 4.374785132444195028e+02 2.131703322661348210e+00
1.750000000000000000e+02 -1.714878853476521101e+02 4.332110599323474389e+02 2.025908756090804896e+00
1.760000000000000000e+02 -1.692009308912971051e+02 4.646428839615161905e+02 1.882921678668618704e+00
1.770000000000000000e+02 -1.714941688896132064e+02 4.665172757854709289e+02 1.887766789114447619e+00
1.780000000000000000e+02 -1.725411339231604302e+02 4.641887843869050698e+02 1.960918435348672384e+00
1.790000000000000000e+02 -1.697537432504933577e+02 4.829764960771398137e+02 1.985649206125173594e+00
1.800000000000000000e+02 -1.697035218726423125e+02 4.665906417865197113e+02 1.872295839700355735e+00
1.810000000000000000e+02 -1.674049829041665021e+02 4.228393347572055632e+02 1.795098069730541646e+00
1.820000000000000000e+02 -1.648112420637851585e+02 4.259040720072374597e+02 1.804826683821780353e+00
1.830000000000000000e+02 -1.706315894916346849e+02 5.069905821711042222e+02 1.941509845081228036e+00
1.840000000000000000e+02 -1.706277507108836176e+02 4.963953671183448364e+02 2.350542081091111069e+00
1.850000000000000000e+02 -1.691852750544464072e+02 4.964040742888201407e+02 2.422676126091499071e+00
1.860000000000000000e+02 -1.679670668394940378e+02 5.261018615784591930e+02 2.260360696365011801e+00
1.870000000000000000e+02 -1.678193205236930794e+02 5.593603406080931109e+02 2.055218297638455649e+00
1.880000000000000000e+02 -1.702369918061701810e+02 5.542149423687928902e+02 1.997285838620662224e+00
1.890000000000000000e+02 -1.717514552657002866e+02 5.192225273981101736e+02 2.052322926739956088e+00
1.900000000000000000e+02 -1.735493528909922816e+02 4.652385622470535509e+02 2.006361698789979275e+00
1.910000000000000000e+02 -1.725284298567842995e+02 3.818078600311608284e+02 2.137696777741816323e+00
1.920000000000000000e+02 -1.731433702781556292e+02 3.712794570773924647e+02 2.277563863855973647e+00
1.930000000000000000e+02 -1.709216991622514854e+02 3.835134703080422582e+02 2.074065372831525256e+00
1.940000000000000000e+02 -1.691883799298443591e+02 3.912589264725760927e+02 1.761645301379920925e+00
1.950000000000000000e+02 -1.735752584927643625e+02 5.585721135965873145e+02 1.763617025695808138e+00
1.960000000000000000e+02 -1.718230922504478428e+02 5.482610818555669994e+02 2.064970148145647055e+00
1.970000000000000000e+02 -1.698752750753580187e+02 5.363292100708316639e+02 2.496815242736782015e+00
1.980000000000000000e+02 -1.682375505840348353e+02 5.571612724467348698e+02 2.781879959449408801e+00
1.990000000000000000e+02 -1.681157627107534722e+02 5.747497222571421389e+02 2.763541936055029957e+00
2.000000000000000000e+02 -1.704470861880090240e+02 5.825226005983355435e+02 2.307004519592387393e+00
2.010000000000000000e+02 -1.750297718371892017e+02 5.539106672417632353e+02 2.001276972255439546e+00
2.020000000000000000e+02 -1.736115590167736400e+02 5.983497885150438833e+02 1.783410723230023365e+00
2.030000000000000000e+02 -1.697351941091042420e+02 2.994403285421001328e+02 1.633165522961541827e+00
2.040000000000000000e+02 -1.697428420022590672e+02 2.994745168488125842e+02 1.578988318964691606e+00
2.050000000000000000e+02 -1.711540345963992991e+02 3.131925004544280000e+02 1.560262012472784843e+00
2.060000000000000000e+02 -1.696948096246480304e+02 5.918134247733660231e+02 1.895880989177727738e+00
2.070000000000000000e+02 -1.724201591220870569e+02 5.979963938232646115e+02 2.159195118262327018e+00
2.080000000000000000e+02 -1.766802372630704667e+02 5.979923386019137297e+02 2.040564823941496186e+00
2.090000000000000000e+02 1.767249223811391232e+02 5.269534218632721831e+02 1.993563278378696513e+00
2.100000000000000000e+02 -1.805024258283857534e+02 4.670237152275507242e+02 1.854835394098298007e+00
2.110000000000000000e+02 -1.695090040514104999e+02 4.509685848836419950e+02 1.985489544903723313e+00
2.120000000000000000e+02 -1.655404429982686452e+02 4.630585704046885098e+02 2.199192114663910402e+00
2.130000000000000000e+02 -1.626478338982358594e+02 4.944838530346423795e+02 2.268220211739492509e+00
2.140000000000000000e+02 -1.563582122584038530e+02 5.829730100340510717e+02 1.982868603986813749e+00
2.150000000000000000e+02 -1.491101446014968417e+02 5.981641412324000839e+02 1.780580282519877322e+00
2.160000000000000000e+02 -1.449732039406693502e+02 5.981066694811903517e+02 1.542112527759066820e+00
2.170000000000000000e+02 1.761317021265271876e+02 5.981395435464252159e+02 1.466839603640279766e+00
2.180000000000000000e+02 -1.101491942326754838e+02 5.055959505344850982e+02 1.489078266179191479e+00
2.190000000000000000e+02 -4.714137595527058977e+01 4.730511967074969562e+02 1.565970745417662791e+00
2.200000000000000000e+02 -3.533818610752288869e+00 5.981818432762106568e+02 1.537363863948812082e+00
2.210000000000000000e+02 8.111289420393258354e+01 3.842656019415044284e+02 1.532106502629355438e+00
2.220000000000000000e+02 7.954303602507256699e+01 4.017332972053466165e+02 1.563588190826658675e+00
2.230000000000000000e+02 8.318266374646184147e+01 4.372099302002433205e+02 1.705656165149284531e+00
2.240000000000000000e+02 8.426889939304311383e+01 4.413913351506870413e+02 1.741127213218579328e+00
2.250000000000000000e+02 1.737525485717239064e+02 5.981054251724177675e+02 1.851029121204580186e+00
2.260000000000000000e+02 1.742331883874578864e+02 5.982254609874074731e+02 2.008091041106393693e+00
2.270000000000000000e+02 1.747965230530294889e+02 5.982586384522209073e+02 1.914554167074740798e+00
2.280000000000000000e+02 1.742047237436709963e+02 5.981357499952649732e+02 1.541105075728218310e+00
2.290000000000000000e+02 -1.561771697234804037e+02 4.834800730116823502e+02 1.506987190129273957e+00
2.300000000000000000e+02 -1.754116183441142027e+02 2.996863619853765499e+02 1.667906712289138005e+00
2.310000000000000000e+02 -1.808775331970165325e+02 2.992322658864327423e+02 1.744717310359783724e+00
2.320000000000000000e+02 -1.805456193584293487e+02 2.992265773272281990e+02 1.725998337720076714e+00
2.330000000000000000e+02 -1.543263352552449987e+02 5.242761863707220300e+02 1.729113813120841003e+00
2.340000000000000000e+02 -1.537553430828156991e+02 4.531933320392890323e+02 1.817633305202631222e+00
2.350000000000000000e+02 -1.520628353492322447e+02 4.170946233331529243e+02 1.942957061965406185e+00
2.360000000000000000e+02 -1.510447086518899482e+02 4.153071049673418997e+02 1.881871864467410393e+00
2.370000000000000000e+02 -1.489261983357428392e+02 4.384346064111562100e+02 1.636484369924303017e+00
2.380000000000000000e+02 1.630070553063094962e+02 5.980987634388347942e+02 1.666409539684893470e+00
2.390000000000000000e+02 1.598937158282758446e+02 5.981248144285289072e+02 1.613239250311762074e+00
2.400000000000000000e+02 1.606257956300228784e+02 4.655702554603072372e+02 1.516083882061869836e+00
2.410000000000000000e+02 1.608681747487512723e+02 3.912173227726138407e+02 1.472289687530802471e+00
2.420000000000000000e+02 1.939642117536656940e+01 3.134208817608451909e+02 1.529943500197041173e+00
2.430000000000000000e+02 -1.722221723229310157e+02 3.207721576425780086e+02 1.718490869106788166e+00
2.440000000000000000e+02 -1.735591174616387491e+02 3.197295562650570560e+02 1.834656439997709221e+00
2.450000000000000000e+02 -1.771774682438993693e+02 3.703174854549828297e+02 1.852370693579448169e+00
2.460000000000000000e+02 -1.776204001583440970e+02 4.396884053833869643e+02 2.079126521047200082e+00
2.470000000000000000e+02 -1.805546275517288279e+02 4.280054262365446789e+02 2.196060792838487874e+00
2.480000000000000000e+02 1.761694364613851178e+02 3.810806869205868566e+02 2.107417963157581120e+00
2.490000000000000000e+02 1.622228357855790293e+01 3.084883441345572237e+02 2.104003094026831722e+00
2.500000000000000000e+02 1.647625706639209753e+01 3.253831322564780635e+02 2.254699081390244331e+00
2.510000000000000000e+02 1.631332668526850327e+01 3.322777660729840932e+02 2.421535500053025203e+00
2.520000000000000000e+02 1.614884500058042960e+01 3.307450230736201320e+02 2.448249374966076086e+00
2.530000000000000000e+02 1.746337815648253979e+02 3.979658713166156758e+02 2.482201296607008167e+00
2.540000000000000000e+02 1.746461470720958857e+02 3.929954601149889299e+02 2.305331848868543698e+00
2.550000000000000000e+02 1.746769075713579866e+02 3.914534015346866340e+02 2.257175139608511127e+00
2.560000000000000000e+02 1.743122503676140980e+02 3.821780416057552543e+02 1.877521852617362041e+00
2.570000000000000000e+02 1.785062156966992291e+02 3.321080904781661047e+02 1.540981247568622425e+00
2.580000000000000000e+02 1.410291046416820677e+02 5.981223870483255496e+02 1.700076618258575811e+00
2.590000000000000000e+02 1.417779513483422136e+02 5.981239253206932744e+02 1.742920914996641146e+00
2.600000000000000000e+02 1.743152324331062744e+02 5.980918763949930508e+02 1.763154676879059357e+00
2.610000000000000000e+02 -1.805155700350099437e+02 4.598188609867601713e+02 1.804500049482361312e+00
2.620000000000000000e+02 -1.805179915583363197e+02 4.436890749139291188e+02 1.936631565720827064e+00
2.630000000000000000e+02 -1.805054339106808641e+02 4.269186586314369833e+02 2.110540773969474593e+00
2.640000000000000000e+02 1.126593142870904352e+01 3.477193999448614363e+02 2.172551174751901293e+00
2.650000000000000000e+02 1.091958905799410751e+01 3.368127055106655803e+02 2.326418705297669476e+00
2.660000000000000000e+02 9.391592436144708955e+00 3.384515585555154757e+02 2.465899813384779371e+00
2.670000000000000000e+02 8.178361499785676614e+00 3.354835147298574611e+02 2.412946857915546861e+00
2.680000000000000000e+02 -1.735416702631649457e+02 4.489094856927097226e+02 2.172950875428075523e+00
2.690000000000000000e+02 -1.740177085981814002e+02 4.153975925705488521e+02 2.303946458985690171e+00
2.700000000000000000e+02 -1.746409783418638142e+02 4.030121732474977989e+02 2.336549398379484277e+00
2.710000000000000000e+02 -1.744982862016872787e+02 3.877681138859952057e+02 2.208587642354157499e+00
2.720000000000000000e+02 -1.747522203995355028e+02 3.811176527440229620e+02 2.182117724896539546e+00
2.730000000000000000e+02 -1.752078641795881424e+02 3.450688758442861968e+02 1.772380086618031259e+00
2.740000000000000000e+02 1.642784808465553112e+02 5.981279886687975704e+02 1.918844418411424391e+00
2.750000000000000000e+02 1.651225275829458212e+02 5.981126459334293486e+02 1.842237638458714688e+00
2.760000000000000000e+02 -1.703735242282966169e+02 3.421683311611303111e+02 1.908523898550976705e+00
2.770000000000000000e+02 -1.693903918672833413e+02 3.421002975789878633e+02 2.046396652626660817e+00
2.780000000000000000e+02 -1.692080163811591262e+02 3.393410176598922021e+02 1.825445644296271208e+00
2.790000000000000000e+02 1.560099021253120952e+02 2.993752115174070809e+02 1.644058846035523658e+00
2.800000000000000000e+02 1.561986970136181014e+02 2.993691148858035831e+02 1.679500962665821051e+00
2.810000000000000000e+02 -1.371969468173455109e+00 4.888164052399718571e+02 1.632740475420062287e+00
2.820000000000000000e+02 -1.714025920447802775e+02 5.981246168587706507e+02 1.901437435072526494e+00
2.830000000000000000e+02 -1.773072496627642920e+02 5.981337501166618722e+02 2.019621659961082560e+00
2.840000000000000000e+02 -1.779413954325380018e+02 5.981264176825644654e+02 2.017349678570024896e+00
2.850000000000000000e+02 -1.767764373598290888e+02 5.980946677975232433e+02 2.005596298404920041e+00
2.860000000000000000e+02 -1.775132086537909117e+02 5.981485080047910969e+02 1.764966271919206964e+00
2.870000000000000000e+02 1.639313546828838071e+02 3.542390245177271595e+02 1.730563002964979002e+00
2.880000000000000000e+02 1.628722059631260777e+02 3.535849514634962816e+02 1.950309967806446165e+00
2.890000000000000000e+02 1.625416822705480797e+02 3.634079062668303663e+02 1.876500513671044867e+00
2.900000000000000000e+02 1.785705220337433730e+02 5.981605043681660163e+02 1.659294755189595350e+00
2.910000000000000000e+02 -1.658287691548522105e+02 2.994096747541640866e+02 1.697789353767079623e+00
2.920000000000000000e+02 -1.663186191611171694e+02 2.993283464769909870e+02 1.837049493812649370e+00
2.930000000000000000e+02 -1.661988650659654922e+02 2.993137271013723648e+02 1.966895877326985786e+00
2.940000000000000000e+02 -1.643784697331126665e+02 3.111918978758796470e+02 1.760835244487169549e+00
2.950000000000000000e+02 -1.626670890943477161e+02 3.802544888540102193e+02 1.567242292677723192e+00
2.960000000000000000e+02 -1.683271742970268008e+02 4.210820407363125923e+02 1.474778827496702860e+00
2.970000000000000000e+02 -1.701411481982798364e+02 4.240329181120997077e+02 1.406106748852323118e+00
2.980000000000000000e+02 -1.689538639629900274e+02 3.782870524093060567e+02 1.550498344351951774e+00
2.990000000000000000e+02 -1.688149019750141520e+02 3.665500928550091544e+02 1.770274560542569819e+00
3.000000000000000000e+02 -1.684911402992093201e+02 3.647321222694858420e+02 1.663581711857590628e+00
3.010000000000000000e+02 -1.702671962592536090e+02 3.463823091397604799e+02 1.639961542348493895e+00
3.020000000000000000e+02 -1.751335800802213782e+02 3.476436471014723111e+02 1.563114369068669962e+00
3.030000000000000000e+02 -1.778453698693495539e+02 3.615270039970762355e+02 1.585944797993916300e+00
3.040000000000000000e+02 -1.733547293572029844e+02 4.157933645803952345e+02 1.709952943087975852e+00
3.050000000000000000e+02 -1.688012437481942811e+02 4.933915528851863996e+02 1.797470064761210740e+00
3.060000000000000000e+02 -1.672649027128748287e+02 5.769792463136813012e+02 1.795703309417360893e+00
3.070000000000000000e+02 -1.128867215100415535e+02 4.545366105086120001e+02 1.632964267473551834e+00
3.080000000000000000e+02 -1.185344633432515309e+02 5.363292491768108903e+02 1.652136570326335319e+00
3.090000000000000000e+02 -1.209369839246504625e+02 5.899232148599922994e+02 1.721976268281808498e+00
3.100000000000000000e+02 -1.502138345525946761e+02 2.993511012336485919e+02 1.691971630584785169e+00
3.110000000000000000e+02 -1.495966837961504723e+02 2.994684228413769347e+02 1.715254443354834679e+00
3.120000000000000000e+02 -1.472388401862307319e+02 2.995234594536568125e+02 1.494195336303866695e+00
3.130000000000000000e+02 1.785599270849183995e+02 3.962883696370385564e+02 1.495852407069056644e+00
3.140000000000000000e+02 1.734035752622171458e+02 3.354639471924434133e+02 1.405589228910605337e+00
3.150000000000000000e+02 -1.684721322030636372e+02 3.380751662632304146e+02 1.464198653723696619e+00
3.160000000000000000e+02 -1.676289017430351009e+02 3.394709407506715593e+02 1.602212869583670152e+00
3.170000000000000000e+02 -1.698164364977874925e+02 3.276557337728601169e+02 1.564296887826579274e+00
3.180000000000000000e+02 -1.706562775681864821e+02 3.077362216232461947e+02 1.405372946970381287e+00
3.190000000000000000e+02 1.628183726722810718e+02 2.993830488580799738e+02 1.397186709016196904e+00
3.200000000000000000e+02 -7.901873016391379068e+00 5.218607830040801900e+02 1.494611930065297134e+00
3.210000000000000000e+02 -7.523531551988167365e+00 4.976778325150480100e+02 1.593508354440074548e+00
3.220000000000000000e+02 -1.664604676229724305e+02 5.981307823308461593e+02 1.624930596890729717e+00
3.230000000000000000e+02 -1.644412051476585077e+02 5.981094608286471157e+02 1.862708926880266347e+00
3.240000000000000000e+02 -1.637184691544591999e+02 5.981431542182072008e+02 2.001178939678161850e+00
3.250000000000000000e+02 -1.643914422488046227e+02 5.981028519617348138e+02 1.815742581949790990e+00
3.260000000000000000e+02 -1.669898226703354567e+02 5.981504645072648145e+02 1.429071327697382099e+00
3.270000000000000000e+02 1.090913705525602495e+02 3.198582541418018081e+02 1.371442145044711847e+00
3.280000000000000000e+02 -1.763896203276509311e+02 2.989812757731837110e+02 1.336362878921549369e+00
3.290000000000000000e+02 6.703065523194734254e+00 2.995103776033805048e+02 1.445658673172524056e+00
3.300000000000000000e+02 -1.578157051705994718e+02 5.981374834634120816e+02 1.487524771271948820e+00
3.310000000000000000e+02 -1.493631185532482277e+02 5.981568320687614460e+02 1.437102247042322700e+00
3.320000000000000000e+02 -1.426728562948226227e+02 5.980862846385527973e+02 1.417471082173416885e+00
3.330000000000000000e+02 -1.766499489681629029e+02 3.093055972815550376e+02 1.416114499896098389e+00
3.340000000000000000e+02 -1.737062827929471212e+02 3.467071126109831312e+02 1.450441688881225044e+00
3.350000000000000000e+02 -1.713439332885166095e+02 5.771109012674401129e+02 1.424549705985108883e+00
3.360000000000000000e+02 -5.401891209598925059e+01 4.533031463037260096e+02 1.815025102677450430e+00
3.370000000000000000e+02 1.746624506605310785e+02 4.271346865179891097e+02 1.980244104333138466e+00
3.380000000000000000e+02 1.726448419568411339e+02 4.023892051409673627e+02 2.141545098758221410e+00
3.390000000000000000e+02 1.744347459949186714e+02 4.319008102233697173e+02 2.060723063416402656e+00
3.400000000000000000e+02 1.749380999640759740e+02 4.521763705284683965e+02 1.937745916209632879e+00
3.410000000000000000e+02 1.723780425889086416e+02 4.177240842968650441e+02 1.874073634491043139e+00
3.420000000000000000e+02 1.713831731218311916e+02 3.969822264954050297e+02 1.709010382301929809e+00
3.430000000000000000e+02 1.716792162511977438e+02 3.911919779986113213e+02 1.593187163429377051e+00
3.440000000000000000e+02 1.729510741008437549e+02 3.960692351528793438e+02 1.615328752145257063e+00
3.450000000000000000e+02 1.703294003932615794e+02 3.143910278130699112e+02 1.516431382277221518e+00
3.460000000000000000e+02 1.691537420340558810e+02 2.984567628589352353e+02 1.643734252040581101e+00
3.470000000000000000e+02 -1.634294119252498092e+02 5.981754936265532479e+02 1.627176662868334178e+00
3.480000000000000000e+02 -1.660767408270525607e+02 5.981161234164275129e+02 1.775544275801981264e+00
3.490000000000000000e+02 -1.666328808611326338e+02 5.980454612044890155e+02 1.685851828342565417e+00
3.500000000000000000e+02 -1.633661381592054909e+02 5.982484552364677484e+02 1.600084728188604810e+00
3.510000000000000000e+02 -1.557033683920404030e+02 5.981552291928902605e+02 1.659781687740626843e+00
3.520000000000000000e+02 -1.490942703105574481e+02 5.981790121075132447e+02 1.704455997760955466e+00
3.530000000000000000e+02 -1.507227998597450096e+02 5.981054168397384956e+02 1.728407137175954844e+00
3.540000000000000000e+02 -1.648549390790488189e+02 5.980884983764756271e+02 1.719089764545955967e+00
3.550000000000000000e+02 -1.732878149501403868e+02 5.985027458533746767e+02 1.591672737432523244e+00
3.560000000000000000e+02 -5.935379146114665616e+01 5.980573542655733945e+02 1.564622295258906171e+00
3.570000000000000000e+02 -4.035559031742176472e+01 3.369437602810527892e+02 1.412019030720869983e+00
3.580000000000000000e+02 -3.747298803805003331e+01 3.192494529963374816e+02 1.405890625753929646e+00
3.590000000000000000e+02 -3.604876597178699171e+01 3.292516273759690648e+02 1.450895935209878251e+00
3.600000000000000000e+02 1.688533092362138461e+02 5.981482688475930445e+02 1.590683984855050248e+00
3.610000000000000000e+02 1.673919820786421440e+02 5.981049494834946927e+02 1.620847016325622780e+00
3.620000000000000000e+02 1.660960168266652488e+02 5.981426442876398824e+02 1.533608990144343487e+00
3.630000000000000000e+02 -9.238866424415397294e-01 3.327247240905299464e+02 1.604311004885373038e+00
3.640000000000000000e+02 -1.552421756608071348e+02 3.817091505832323151e+02 1.593440941736226746e+00
3.650000000000000000e+02 -1.602993082524885153e+02 3.569145276077189237e+02 1.678800834995683333e+00
3.660000000000000000e+02 -1.639348378404301627e+02 3.336392931333018055e+02 1.743176255532015384e+00
3.670000000000000000e+02 -1.630208100765819665e+02 3.382923341083176183e+02 1.636163212312900406e+00
3.680000000000000000e+02 -1.446294243768200545e+02 5.980737339368439507e+02 1.525707636314278526e+00
3.690000000000000000e+02 -1.485748347181382201e+02 5.981005488880537087e+02 1.716153269101781786e+00
3.700000000000000000e+02 -1.475646222855701524e+02 5.981702148672610519e+02 1.640712006877764528e+00
3.710000000000000000e+02 -1.479722230611005500e+02 5.383487118414557244e+02 1.552907971969451850e+00
3.720000000000000000e+02 -1.254595323047794437e+02 3.090680088268306349e+02 1.515329744725698813e+00
3.730000000000000000e+02 -1.765179792656968232e+02 3.500406799649338723e+02 1.662586222387106849e+00
3.740000000000000000e+02 -1.774908164012379927e+02 4.112707588108197569e+02 1.655384866358885043e+00
3.750000000000000000e+02 1.638208318675885380e+02 4.827930573263507199e+02 1.726998916900510661e+00
3.760000000000000000e+02 1.643101527606941659e+02 5.427898394914489018e+02 1.872966391716136547e+00
3.770000000000000000e+02 1.655750189818092508e+02 5.568420622364895962e+02 1.837998482589014992e+00
3.780000000000000000e+02 1.670857039107136188e+02 5.979975721987194675e+02 1.641535080682109182e+00
3.790000000000000000e+02 -1.754671642115576446e+02 3.244314299277913847e+02 1.728891388486757608e+00
3.800000000000000000e+02 -1.789042964874629433e+02 3.262402687792611573e+02 1.817419623317365174e+00
3.810000000000000000e+02 1.785260219988338122e+02 3.140683889734643230e+02 1.702536612620013212e+00
3.820000000000000000e+02 1.640850880507827299e+02 2.993829460055249001e+02 1.640201154364534952e+00
3.830000000000000000e+02 -1.789633435323956121e+02 2.993323837650200403e+02 1.599394854881913464e+00
3.840000000000000000e+02 1.744154838653925310e+02 4.865474716886492388e+02 1.676610172991590986e+00
3.850000000000000000e+02 1.745898174873393032e+02 4.917829088943244074e+02 1.963950714297221678e+00
3.860000000000000000e+02 1.738325346714490252e+02 4.934606811668192563e+02 1.801229526963027405e+00
3.870000000000000000e+02 1.766222551010586415e+02 5.364762282591096891e+02 1.696104828623352656e+00
3.880000000000000000e+02 1.785251455790129000e+02 5.315007757168845046e+02 1.728789788216424039e+00
3.890000000000000000e+02 -1.807375275693499077e+02 4.906563630398732130e+02 1.834079524488438695e+00
3.900000000000000000e+02 -1.781845896965290592e+02 4.941592054506744489e+02 1.789503382384326491e+00
3.910000000000000000e+02 -1.753804451662980739e+02 5.025917503498145606e+02 1.635466158717609586e+00
3.920000000000000000e+02 -1.681900777484443381e+02 3.487561294820076228e+02 1.503404186599023085e+00
3.930000000000000000e+02 1.723771744679114590e+02 3.007451332796274528e+02 1.578717047918074545e+00
3.940000000000000000e+02 1.770199453968570253e+02 3.266754164302872709e+02 1.756595389708208277e+00
3.950000000000000000e+02 -1.779823436906896177e+02 3.671159711460365429e+02 1.795600883489182342e+00
3.960000000000000000e+02 -1.763495607408451349e+02 4.207830928759036624e+02 1.782024078894599572e+00
3.970000000000000000e+02 -1.760381876424117422e+02 4.018189531305268929e+02 1.588464626908882904e+00
3.980000000000000000e+02 -1.436518158997164960e+02 4.336336698129095453e+02 1.495603104754981150e+00
3.990000000000000000e+02 1.599297523097293094e+02 4.309425684524800317e+02 1.508690013165206345e+00
4.000000000000000000e+02 1.591231810381181617e+02 4.358263811645288683e+02 1.572972534263034294e+00
4.010000000000000000e+02 -1.625487699228444001e+02 3.592485467029117103e+02 1.541526467443649073e+00
4.020000000000000000e+02 -1.616389801744474255e+02 4.361252229254747590e+02 1.688676146613711015e+00
4.030000000000000000e+02 -1.569108889870848600e+02 5.003779251425362986e+02 1.761334267536428966e+00
4.040000000000000000e+02 -1.522239870932212114e+02 5.127975904941594081e+02 1.726115587588804345e+00
4.050000000000000000e+02 -1.514656187444373927e+02 4.732870906854072928e+02 1.818536948325434555e+00
4.060000000000000000e+02 -1.520270421062839716e+02 4.738487804029490462e+02 2.019263337726077800e+00
4.070000000000000000e+02 -1.568445110779485958e+02 4.714698421637211823e+02 1.977093216080992422e+00
4.080000000000000000e+02 -1.622478244450433351e+02 4.580380849164614006e+02 1.804418621774828368e+00
4.090000000000000000e+02 -1.660251990799046098e+02 4.381543601035860434e+02 1.656652799937236020e+00
4.100000000000000000e+02 -1.689294439862884758e+02 4.521987435455638433e+02 1.538741179532323367e+00
4.110000000000000000e+02 -1.622814867904083087e+02 5.288115409189765614e+02 1.587184572518286485e+00
4.120000000000000000e+02 -1.616995465985457656e+02 5.700887367701839139e+02 1.637511823698472258e+00
4.130000000000000000e+02 -1.618652457159274149e+02 5.981657931552830405e+02 1.515915646583421594e+00
4.140000000000000000e+02 -7.483601207001127875e+01 5.982942720708825846e+02 1.456070625801380247e+00
4.150000000000000000e+02 1.676038483284461336e+02 2.993030630357715154e+02 1.547654394629466967e+00
4.160000000000000000e+02 1.659734559619434435e+02 2.993717585057516999e+02 1.680992008532055104e+00
4.170000000000000000e+02 1.644429436666783317e+02 2.993896268073975193e+02 1.552104155289259380e+00
4.180000000000000000e+02 9.522246255725836939e-01 2.994191122932014082e+02 1.503144545658579023e+00
4.190000000000000000e+02 -1.467334398387197041e+02 4.537136112860668504e+02 1.660994650973980580e+00
4.200000000000000000e+02 -1.370843826367539293e+02 4.096798317477361024e+02 1.755685181327419464e+00
4.210000000000000000e+02 -1.815013252130390526e+02 4.591036243471536977e+02 1.927396190020784106e+00
4.220000000000000000e+02 -1.788292589284637586e+02 4.762313850821921619e+02 2.099229265455613280e+00
4.230000000000000000e+02 -1.773743113613992932e+02 4.863116072220845467e+02 2.077589210753276738e+00
4.240000000000000000e+02 -1.747045309613374684e+02 5.262462694542764439e+02 1.959150508109961386e+00
4.250000000000000000e+02 -1.645484199598717510e+02 5.980422588021266392e+02 1.703527341963008368e+00
4.260000000000000000e+02 1.699609494210914420e+02 2.993738188138620444e+02 1.705494083900777724e+00
4.270000000000000000e+02 1.707574956687493568e+02 2.994051774601562101e+02 1.575018947081616272e+00
4.280000000000000000e+02 1.748962188210740294e+02 2.981832226153097167e+02 1.481974975853661114e+00
4.290000000000000000e+02 -1.809787392168630902e+02 3.341126248750078389e+02 1.728508467364781920e+00
4.300000000000000000e+02 -1.778237977568640815e+02 3.626625260425576585e+02 1.813110906301707681e+00
4.310000000000000000e+02 5.319080589477328758e+00 4.876498837395402006e+02 1.755353437548574869e+00
4.320000000000000000e+02 1.636274787754695481e+00 4.676607411998035673e+02 1.891177287091040826e+00
4.330000000000000000e+02 -1.649794153638051455e+02 6.015799942004321110e+02 2.541052310134270353e+00
4.340000000000000000e+02 -1.644126341618050731e+02 5.980814982156372253e+02 3.335582481210785488e+00
4.350000000000000000e+02 -1.639911847187234457e+02 5.981260103126113563e+02 3.859548347528791279e+00
4.360000000000000000e+02 -1.631429940893693242e+02 5.981876454262546758e+02 4.236818190437315224e+00
4.370000000000000000e+02 -1.618578741871936870e+02 5.981323506123235347e+02 7.185654469150526857e+00
4.380000000000000000e+02 -1.618301887638535845e+02 5.981327062094427447e+02 9.482712021357972532e+00
4.390000000000000000e+02 -1.617798024106118930e+02 5.981353989492613437e+02 1.087893646244828716e+01
4.400000000000000000e+02 -1.617932793733655785e+02 5.981351854250380029e+02 1.155698651827024470e+01
4.410000000000000000e+02 -1.620225442842472603e+02 5.981238630797871565e+02 1.209456417984868715e+01
4.420000000000000000e+02 -1.620570117024471415e+02 5.981222340631500174e+02 1.385513514521930034e+01
4.430000000000000000e+02 -1.621340562706829758e+02 5.981191017582435734e+02 1.260966653465913545e+01
4.440000000000000000e+02 -1.619151509095287622e+02 5.981291827599125099e+02 1.196709269240686524e+01
4.450000000000000000e+02 -1.617665537125930655e+02 5.981368522430182111e+02 1.128914476020127289e+01
4.460000000000000000e+02 -1.616978843921503710e+02 5.981382744643785827e+02 1.033064823707360702e+01
4.470000000000000000e+02 -1.621811382475831635e+02 5.981176779820094680e+02 1.024397854851716794e+01
4.480000000000000000e+02 -1.612976383737850767e+02 5.981556018890616997e+02 1.066341759027690017e+01
4.490000000000000000e+02 -1.613387317504005125e+02 5.981522872096135188e+02 1.040276820801118696e+01
4.500000000000000000e+02 -1.614760109364150082e+02 5.981494057887696272e+02 1.288357684152436100e+01
4.510000000000000000e+02 -1.613396367901772805e+02 5.981570912610017103e+02 1.193485731775939129e+01
4.520000000000000000e+02 -1.622182854979835440e+02 5.981157433263307439e+02 9.896367699935753492e+00
4.530000000000000000e+02 -1.605174500748273658e+02 5.981044242770778965e+02 8.822246271282534025e+00
4.540000000000000000e+02 -1.604264448527673608e+02 5.981051804994987151e+02 8.828376092502995931e+00
4.550000000000000000e+02 -1.608553670822186348e+02 5.980874013942598140e+02 9.398772496469568694e+00
4.560000000000000000e+02 -1.614694026941351979e+02 5.981499514872475629e+02 9.350817302575489265e+00
4.570000000000000000e+02 -1.612802538134171755e+02 5.981621281417991440e+02 8.084609838612937693e+00
4.580000000000000000e+02 -1.606158831783093888e+02 5.980934429675534147e+02 8.411667369920868609e+00
4.590000000000000000e+02 -1.604874610442376763e+02 5.981001573569355969e+02 8.463307614437965753e+00
4.600000000000000000e+02 -1.619871545961088088e+02 5.981257335870535599e+02 7.485854370491621168e+00
4.610000000000000000e+02 -1.623007203489388814e+02 5.981097390033061174e+02 7.929165936209435550e+00
4.620000000000000000e+02 -1.624154894738528583e+02 5.981081422210577330e+02 7.002491107603429299e+00
4.630000000000000000e+02 -1.619441648774491682e+02 5.981271127273943193e+02 6.530344872144006274e+00
4.640000000000000000e+02 -1.602154477560283681e+02 5.981176407514208222e+02 6.271771887106757148e+00
4.650000000000000000e+02 -1.588259373798719025e+02 5.980979330960698235e+02 5.817838278418957287e+00
4.660000000000000000e+02 -1.587537555487248540e+02 5.980967739505559848e+02 6.043849202918548436e+00
4.670000000000000000e+02 -1.600256490427502456e+02 5.981238591861645091e+02 6.383604506417349889e+00
4.680000000000000000e+02 -1.604447232644420467e+02 5.981067478339474519e+02 6.119728108519241871e+00
4.690000000000000000e+02 -1.609656783756561538e+02 5.981699768519492864e+02 6.160382449521295101e+00
4.700000000000000000e+02 -1.611952152651846006e+02 5.981580041750390819e+02 5.735648034660205674e+00
4.710000000000000000e+02 -1.622948638960098720e+02 5.981124166922139693e+02 5.222211670043412468e+00
4.720000000000000000e+02 -1.622606052936812944e+02 5.981133279580375302e+02 4.846407565632610215e+00
4.730000000000000000e+02 -1.621625998600466687e+02 5.981163944485558659e+02 4.112943408101492615e+00
4.740000000000000000e+02 -1.628812767637102468e+02 5.980739726450970011e+02 4.030487229180772957e+00
4.750000000000000000e+02 -1.628261509929679960e+02 5.980708665686088352e+02 4.748660033622923216e+00
4.760000000000000000e+02 -1.628942949806487093e+02 5.980711852345136776e+02 4.797506016959494524e+00
4.770000000000000000e+02 -1.633202546737755938e+02 5.981682961452277141e+02 4.623193882156086509e+00
4.780000000000000000e+02 -1.627860683298539186e+02 5.980812851781275867e+02 4.293313225319471016e+00
4.790000000000000000e+02 -1.609582049318186137e+02 5.980816053557456371e+02 3.910084846971141559e+00
4.800000000000000000e+02 -1.592259402779195057e+02 5.981586490157604885e+02 4.003595277232149918e+00
4.810000000000000000e+02 -1.614255090802130326e+02 5.981509719515206598e+02 4.489316046213696509e+00
4.820000000000000000e+02 -1.620511409491988957e+02 5.981225482959828241e+02 4.498809273711511736e+00
4.830000000000000000e+02 -1.626300193036201165e+02 5.980929551424584361e+02 3.854593917999657116e+00
4.840000000000000000e+02 -1.608765457240118053e+02 5.980830844378725715e+02 3.282947846812438009e+00
4.850000000000000000e+02 -1.579316576869526614e+02 5.981275636425061748e+02 2.563686443135467119e+00
4.860000000000000000e+02 -1.585006860531607913e+02 5.981049005823878133e+02 2.539962784322555400e+00
4.870000000000000000e+02 -1.594237811107157938e+02 5.981644743602678318e+02 2.885823999615439561e+00
4.880000000000000000e+02 -1.623942399691251808e+02 5.980985379943468843e+02 3.078983116903662776e+00
4.890000000000000000e+02 -1.618362869167114297e+02 5.981371551913790654e+02 2.876820661788101141e+00
4.900000000000000000e+02 -1.595791900309156119e+02 5.981506936678259763e+02 2.330380961518172089e+00
4.910000000000000000e+02 -1.568723080378619272e+02 5.980279156999977204e+02 1.930180372450681636e+00
4.920000000000000000e+02 -1.592925017039167130e+02 5.361536471330598488e+02 1.843760265617434335e+00
4.930000000000000000e+02 1.269640876773000304e+00 3.665896809841777895e+02 1.848543283461486553e+00
4.940000000000000000e+02 -1.710348752477565881e+02 4.716708711770014020e+02 1.846459147689954117e+00
4.950000000000000000e+02 -1.750251456245906923e+02 4.317157402396373982e+02 1.778580259965984123e+00
4.960000000000000000e+02 -1.595968410659686185e+02 3.252253893095563058e+02 1.673641097358708363e+00
4.970000000000000000e+02 -1.637073635081850966e+02 2.995960030407132422e+02 1.572625599535772967e+00
4.980000000000000000e+02 -1.607818603529225072e+02 5.980899332250671705e+02 1.566622820895149371e+00
4.990000000000000000e+02 -1.553923325723845892e+02 5.981447161747244081e+02 1.570215722421661297e+00
5.000000000000000000e+02 1.609719116879910530e+02 5.980933654253457235e+02 1.690938983513374128e+00
5.010000000000000000e+02 1.755283238358673259e+02 3.139329407047511609e+02 1.769975771704456857e+00
5.020000000000000000e+02 1.787965659663459519e+02 3.270057916747922491e+02 1.806515192174609430e+00
5.030000000000000000e+02 -1.805240936309826907e+02 3.719408333525211106e+02 1.715956974800938450e+00
5.040000000000000000e+02 -1.805099190630904786e+02 4.213520458921972249e+02 1.740355506780024042e+00
5.050000000000000000e+02 -1.756928666634968010e+02 4.514965336789119306e+02 1.918342886650715284e+00
5.060000000000000000e+02 -1.738591993488065270e+02 4.521528508252947631e+02 1.992774167077921987e+00
5.070000000000000000e+02 -1.744306712244105597e+02 4.367035153332251980e+02 2.039847065008155269e+00
5.080000000000000000e+02 -1.757450648841233374e+02 4.190776006071141069e+02 1.899910343597351448e+00
5.090000000000000000e+02 -1.758405940972912731e+02 4.416104004096404765e+02 1.711211039570691650e+00
5.100000000000000000e+02 -1.635278070377503923e+02 5.982388496900271093e+02 1.477843883693653826e+00
5.110000000000000000e+02 -1.372352289510134256e+02 5.981270218034001118e+02 1.566118713313564337e+00
5.120000000000000000e+02 -1.335101142633463382e+02 5.981305882880180889e+02 1.526418994263337048e+00
5.130000000000000000e+02 1.714009118191719665e+02 3.646636503789927133e+02 1.577659943273794330e+00
5.140000000000000000e+02 1.714358565046794638e+02 3.698006451351134842e+02 1.794978838654723630e+00
5.150000000000000000e+02 1.730273765624463067e+02 3.257482521634127011e+02 1.798276980852963058e+00
5.160000000000000000e+02 1.734483257027232810e+02 2.991996680398891613e+02 1.712114372812529650e+00
5.170000000000000000e+02 1.740812476711311376e+02 2.994317003779517563e+02 1.569326205168730004e+00
5.180000000000000000e+02 -1.738787411710299580e+02 5.708971777318045042e+02 1.417398139228580378e+00
5.190000000000000000e+02 -1.726286655464329840e+02 5.979983037201973275e+02 1.436740650415026632e+00
5.200000000000000000e+02 -1.754776092377271084e+02 3.770765876757626529e+02 1.483020464791135362e+00
5.210000000000000000e+02 1.646541005234860506e+02 4.055820578084515091e+02 1.724968781174907262e+00
5.220000000000000000e+02 1.640782875447665390e+02 4.076975778805628465e+02 1.966589732576122129e+00
5.230000000000000000e+02 1.648370684823645149e+02 4.164313546665690069e+02 1.755070066903227533e+00
5.240000000000000000e+02 1.665940329894728507e+02 4.047881171897514037e+02 1.546275148893848872e+00
5.250000000000000000e+02 1.654500369485316753e+02 3.365217054312196865e+02 1.492485144822017995e+00
5.260000000000000000e+02 1.652178429158868767e+02 3.518057286550796334e+02 1.664180936141103073e+00
5.270000000000000000e+02 1.653838520836490886e+02 3.749238899809417944e+02 1.899064684558370741e+00
5.280000000000000000e+02 1.654780192830989165e+02 3.924749765125848171e+02 1.827503175898294030e+00
5.290000000000000000e+02 1.656834027278547694e+02 3.816448178509745617e+02 1.641625360576007386e+00
5.300000000000000000e+02 1.622519448922114691e+02 3.333391019300721041e+02 1.515379486136184450e+00
5.310000000000000000e+02 1.591928451280838885e+02 3.004784480470053154e+02 1.502971796642778912e+00
5.320000000000000000e+02 -1.426106544179887123e+02 4.139961785716262170e+02 1.444878918668685897e+00
5.330000000000000000e+02 -1.695210507392497163e+02 3.643519077802813513e+02 1.485255718497985322e+00
5.340000000000000000e+02 1.834909484007688052e+00 4.284397843115748969e+02 1.452359109060358033e+00
5.350000000000000000e+02 6.030325968966661065e+00 4.746931418229570454e+02 1.503247823615082579e+00
5.360000000000000000e+02 6.288105475987125104e+00 4.848289258219251678e+02 1.565706784969416621e+00
5.370000000000000000e+02 6.534496768092012964e+00 4.802790256633235799e+02 1.642053005385742948e+00
5.380000000000000000e+02 6.305594313541816653e+00 4.809955901417405926e+02 1.631275152972555098e+00
5.390000000000000000e+02 -1.805969203136716033e+02 3.099525879780353534e+02 1.746525358887476509e+00
5.400000000000000000e+02 1.785814402473700113e+02 3.135998235091141737e+02 1.805169112190551317e+00
5.410000000000000000e+02 1.746789183959645868e+02 2.995489503016257231e+02 1.636055366284230983e+00
5.420000000000000000e+02 1.682963121340918349e+02 2.993673829366232439e+02 1.455839018372253824e+00
5.430000000000000000e+02 -1.587584311000227331e+02 3.395392005183549031e+02 1.597649210554099364e+00
5.440000000000000000e+02 1.651504761449883176e+02 3.062047578164234096e+02 1.721397333774058458e+00
5.450000000000000000e+02 1.647341237014820479e+02 3.339434768914445044e+02 1.701029336347231524e+00
5.460000000000000000e+02 1.722139377516883485e+02 3.973652078115046038e+02 1.709837311725187270e+00
5.470000000000000000e+02 -1.804978862718007520e+02 4.402102556939586293e+02 1.965980834859646809e+00
5.480000000000000000e+02 -1.767604160041174453e+02 4.523489661420164794e+02 2.132833911938861515e+00
5.490000000000000000e+02 -1.729486933607533103e+02 4.566725564949091449e+02 2.227076947977014054e+00
5.500000000000000000e+02 -1.725746153546483299e+02 4.577045269311014408e+02 2.055369211604529234e+00
5.510000000000000000e+02 -1.742371813657133544e+02 4.598878122396698700e+02 1.733610390312828820e+00
5.520000000000000000e+02 1.731741619805485186e+02 3.206543917410061226e+02 1.489410184699745843e+00
5.530000000000000000e+02 1.722059578042979524e+02 2.994038954397009320e+02 1.494560986350371712e+00
5.540000000000000000e+02 1.729402398133955785e+02 2.994805755017391675e+02 1.428477723675614097e+00
5.550000000000000000e+02 1.740750674353102454e+02 2.993872552988543134e+02 1.345491229910650510e+00
5.560000000000000000e+02 -5.470651044475878422e+01 3.000091703466741251e+02 1.330902972717065147e+00
5.570000000000000000e+02 1.784680523645988899e+02 2.995867071679055584e+02 1.423932542530834011e+00
5.580000000000000000e+02 1.705453355977532794e+02 5.366178691412642365e+02 1.509311534017609535e+00
5.590000000000000000e+02 1.705916510083575304e+02 5.229951846408051779e+02 1.547245770182694491e+00
5.600000000000000000e+02 1.666844118229768696e+02 4.730107629673311749e+02 1.702357045639001809e+00
5.610000000000000000e+02 1.654383263602356351e+02 4.830582920091441679e+02 1.853792315527118983e+00
5.620000000000000000e+02 1.663815344617107428e+02 5.360921455426076818e+02 1.902149850462597325e+00
5.630000000000000000e+02 1.710941784655124422e+02 5.863969526537790671e+02 1.905827033324121622e+00
5.640000000000000000e+02 1.760021004516450205e+02 5.588480176538039359e+02 1.506497809925521514e+00
5.650000000000000000e+02 -6.533283421442922645e+01 5.958488136711182506e+02 1.410552557663670381e+00
5.660000000000000000e+02 -6.955297191741095730e+01 5.894162028223909147e+02 1.449778131279995330e+00
5.670000000000000000e+02 1.743847829105664573e+02 3.354036545019774280e+02 1.559076362344316458e+00
5.680000000000000000e+02 1.740357658170904358e+02 3.247308524530443492e+02 1.605408199966895433e+00
5.690000000000000000e+02 -1.805952074581136060e+02 3.329264836661237155e+02 1.544858264619286325e+00
5.700000000000000000e+02 -1.761875942502674661e+02 3.259155742790214845e+02 1.566312361224777350e+00
5.710000000000000000e+02 -1.775244612754285640e+02 2.996809172807863888e+02 1.541371954981175962e+00
5.720000000000000000e+02 -6.067068209050886907e+01 3.046813094269397766e+02 1.539305261154217730e+00
5.730000000000000000e+02 -5.996064576122622469e+01 3.063942156114541149e+02 1.702845509930470458e+00
5.740000000000000000e+02 -5.858366507780404220e+01 3.133032157147057433e+02 1.625343317060015114e+00
5.750000000000000000e+02 1.631834396980333679e+02 5.482859804158862289e+02 1.694642541699285410e+00
5.760000000000000000e+02 1.659798171294297617e+02 5.158306835721176640e+02 1.677316142068091986e+00
5.770000000000000000e+02 1.751645436596208185e+02 4.672768705076825313e+02 1.563755108258140236e+00
5.780000000000000000e+02 -1.763139488822043859e+02 5.979523689987015587e+02 1.498708628779483076e+00
5.790000000000000000e+02 -1.753134774739514512e+02 5.982075652700599449e+02 1.488394446142507377e+00
5.800000000000000000e+02 1.464429956009531786e+01 4.301828996531507983e+02 1.379575532191498644e+00
5.810000000000000000e+02 8.749478973427381234e+00 4.666013221723689526e+02 1.480376218109747288e+00
5.820000000000000000e+02 4.943737557467471788e+00 4.749766989867269444e+02 1.619267351017017464e+00
5.830000000000000000e+02 5.595936654541898703e-01 4.222573550121483095e+02 1.599061754702574945e+00
5.840000000000000000e+02 -4.496184599914417213e+00 3.581128904024445205e+02 1.498481984140672685e+00
5.850000000000000000e+02 -1.545016250792671428e+02 3.447566079683503517e+02 1.603969531777095447e+00
5.860000000000000000e+02 -1.542356941167653019e+02 3.359489590515702844e+02 1.539991475643824659e+00
5.870000000000000000e+02 1.763746816967597226e+02 5.673705755341443364e+02 1.541591795462881276e+00
5.880000000000000000e+02 1.760154579402582726e+02 5.981266249506742270e+02 1.653451450017344726e+00
5.890000000000000000e+02 -7.079731023321640393e+00 5.982217666985911819e+02 1.578556586635686765e+00
5.900000000000000000e+02 -9.076532768330139334e+00 5.462838028989592658e+02 1.425171756238246212e+00
5.910000000000000000e+02 2.699311849353551906e+01 4.382792216175445787e+02 1.406810143478356201e+00
5.920000000000000000e+02 1.736918662863733118e+02 3.722449327160587700e+02 1.474983985745348614e+00
5.930000000000000000e+02 -1.806928113033562511e+02 4.019540310226902875e+02 1.590315580303953036e+00
5.940000000000000000e+02 -1.693931296105461684e+02 4.992092165663411265e+02 1.597789504983555320e+00
5.950000000000000000e+02 -1.565638416551994965e+02 5.208492950973818552e+02 1.715570227505772927e+00
5.960000000000000000e+02 -1.771688447875298209e+02 5.751709682404218711e+02 1.728863994732549481e+00
5.970000000000000000e+02 -1.780144444157904502e+02 5.943245017348612009e+02 1.689447756723688077e+00
5.980000000000000000e+02 -1.804939126371620546e+02 5.978693466383566602e+02 1.587311642219163543e+00
5.990000000000000000e+02 -1.807704273496846383e+02 5.506218826028310787e+02 1.520686712688913644e+00
6.000000000000000000e+02 1.745597894614387258e+02 3.170621416724544588e+02 1.611733375782903765e+00
6.010000000000000000e+02 1.762808198296182240e+02 3.118615091020114392e+02 1.829024080789874107e+00
6.020000000000000000e+02 1.766646750366479921e+02 3.076719042461411391e+02 1.723028199636740698e+00
6.030000000000000000e+02 1.748797282051718298e+02 2.995449337061822916e+02 1.444607299569062864e+00
6.040000000000000000e+02 1.682008845150189416e+02 2.993818136947356834e+02 1.364166721144902228e+00
6.050000000000000000e+02 3.124168676651193621e+01 2.993357791198450286e+02 1.476690616719496640e+00
6.060000000000000000e+02 1.421066787584846907e+02 5.209289156026829914e+02 1.598781837274779072e+00
6.070000000000000000e+02 1.663295108547209225e+02 2.993723545316924515e+02 1.620050795250624676e+00
6.080000000000000000e+02 1.650856635885706112e+02 5.253231376213344674e+02 1.570355977465341946e+00
6.090000000000000000e+02 -1.806325266813517203e+02 2.983655944744388648e+02 1.557457435454739914e+00
6.100000000000000000e+02 -1.737493651575864533e+02 3.321816334813266280e+02 1.398287023265081253e+00
6.110000000000000000e+02 8.158035442795524261e+01 2.993977878569095310e+02 1.362824262568415046e+00
6.120000000000000000e+02 -1.577724928267869871e+02 4.352085618806739831e+02 1.483716407711030527e+00
6.130000000000000000e+02 -1.592504917832574165e+02 4.175900825191358194e+02 1.479669531974595609e+00
6.140000000000000000e+02 -5.416044444220887044e+00 5.688305030965285596e+02 1.391644928797082903e+00
6.150000000000000000e+02 -1.734768977867729234e+02 5.982177904030183981e+02 1.409722368261716818e+00
6.160000000000000000e+02 1.040243962748441930e+01 5.420380806752480112e+02 1.312946768228928640e+00
6.170000000000000000e+02 1.284031929275820687e+02 3.409866127410675745e+02 1.333966574886563228e+00
6.180000000000000000e+02 -9.247265336649400425e+00 2.993011777138987100e+02 1.404463871777757333e+00
6.190000000000000000e+02 -1.496671965210330768e+01 3.633180348663914856e+02 1.584411111841275366e+00
6.200000000000000000e+02 -1.357170591899424927e+01 3.606842351064231025e+02 1.613280305440577322e+00
6.210000000000000000e+02 1.126270963114989598e+01 2.992040480723191536e+02 1.612979344943570315e+00
6.220000000000000000e+02 1.008834541881618385e+01 2.993858730115758817e+02 1.622545876569617240e+00
6.230000000000000000e+02 -1.723845967304584974e+02 4.665944761336880902e+02 1.459520540039368486e+00
6.240000000000000000e+02 -1.774498781457726864e+02 3.924346608306444182e+02 1.466966229054709192e+00
6.250000000000000000e+02 -1.784481975265429696e+02 3.569810435225013521e+02 1.554534234325214426e+00
6.260000000000000000e+02 -1.770112842313555177e+02 3.459462439332791064e+02 1.697921007350551736e+00
6.270000000000000000e+02 -1.734700237029176151e+02 3.439894177939766564e+02 1.746197323468821283e+00
6.280000000000000000e+02 -1.717818659837897997e+02 3.471574057695015085e+02 1.667796793379018094e+00
6.290000000000000000e+02 1.784866569765958388e+02 2.995306077886355069e+02 1.667781941516357724e+00
6.300000000000000000e+02 -1.805202716516672012e+02 2.992398048981518173e+02 1.701898655903947510e+00
6.310000000000000000e+02 -1.805534132536686229e+02 2.993297054122047030e+02 1.710931831791633106e+00
6.320000000000000000e+02 -1.770047487260828234e+02 2.991872113940747226e+02 1.637273338875142592e+00
6.330000000000000000e+02 -1.756170616080189859e+02 3.048031648686384756e+02 1.496712931000430569e+00
6.340000000000000000e+02 -1.742084286317446242e+02 3.856191547197168461e+02 1.476289218161707328e+00
6.350000000000000000e+02 -1.752563090751579296e+02 4.227205714006458379e+02 1.806694911976259865e+00
6.360000000000000000e+02 -1.749080082104026417e+02 4.183071182748494721e+02 2.123991835345040879e+00
6.370000000000000000e+02 -1.714151415540636094e+02 4.418715175371337409e+02 2.040974964847655393e+00
6.380000000000000000e+02 -1.667507036370527373e+02 4.731552298656224593e+02 1.894314402109443796e+00
6.390000000000000000e+02 -1.691433747797375986e+02 4.381634439614933285e+02 1.613640863142200788e+00
6.400000000000000000e+02 1.682061731123366997e+02 2.996353057954985957e+02 1.632544303873129765e+00
6.410000000000000000e+02 1.665413263356053335e+02 2.994921974591600815e+02 1.619597300620693403e+00
6.420000000000000000e+02 -1.657251486761566639e+02 3.041225638633850394e+02 1.617789689081885030e+00
6.430000000000000000e+02 -1.666548453968347303e+02 3.013579221322739841e+02 1.739747344701439991e+00
6.440000000000000000e+02 1.646937193828585180e+02 2.995487930532449354e+02 1.656146215734809246e+00
6.450000000000000000e+02 1.687427171295626636e+02 3.100949163095859262e+02 1.671283829208997318e+00
6.460000000000000000e+02 1.725647508497737874e+02 2.993362427293607197e+02 1.619378768913547928e+00
6.470000000000000000e+02 2.806161500506604156e+01 4.561534955005579945e+02 1.601085532813420809e+00
6.480000000000000000e+02 -1.805073256214085404e+02 2.993296793136191241e+02 1.644337226182435163e+00
6.490000000000000000e+02 -1.734565108048758191e+02 3.201534465651093910e+02 1.719447332219378621e+00
6.500000000000000000e+02 -1.650202309712925626e+02 3.406877334944436484e+02 1.807594064282091351e+00
6.510000000000000000e+02 -1.634463673302756774e+02 3.364970362872887790e+02 1.844195572574681474e+00
6.520000000000000000e+02 -1.631124723518724409e+02 3.641089763830246397e+02 1.890818312320004635e+00
6.530000000000000000e+02 -1.642586417989434722e+02 3.625695495006380042e+02 1.967909070453641940e+00
6.540000000000000000e+02 -1.631668031773075427e+02 3.692151690781795992e+02 1.745168442741596104e+00
6.550000000000000000e+02 -1.680749612480516078e+02 3.430784999903196990e+02 1.423696509714307501e+00
6.560000000000000000e+02 1.755068107359541614e+02 5.978386424019657852e+02 1.443997414957109093e+00
6.570000000000000000e+02 1.707166510000119217e+02 5.982959149139311421e+02 1.460294061380968511e+00
6.580000000000000000e+02 -1.578503610272984474e+02 5.596336922005299357e+02 1.467222557605827982e+00
6.590000000000000000e+02 1.786464822473820391e+02 3.129478302792675208e+02 1.608885018355707075e+00
6.600000000000000000e+02 1.757940758941041111e+02 3.025697721613021827e+02 1.856593540067250192e+00
6.610000000000000000e+02 -1.659652580267341762e+02 5.473442199790838458e+02 1.955139945058990358e+00
6.620000000000000000e+02 -1.742488353944947050e+02 4.633696593375819361e+02 2.032396626794416239e+00
6.630000000000000000e+02 -1.684955696568221697e+02 5.003917965536883230e+02 1.954162534391345130e+00
6.640000000000000000e+02 -1.679658147242440123e+02 4.969100022008847191e+02 1.707236368194759102e+00
6.650000000000000000e+02 -1.655725652991305026e+02 4.934937259515697292e+02 1.562069469756327766e+00
6.660000000000000000e+02 -3.149149869804814816e+00 2.995615162409209233e+02 1.597355605229001885e+00
6.670000000000000000e+02 -1.667039339054725247e+02 4.689323910973985789e+02 1.474603835431948395e+00
6.680000000000000000e+02 -1.634455515996394297e+02 5.105392578705483970e+02 1.510157100414781572e+00
6.690000000000000000e+02 -1.617944949562748320e+02 5.246122371389897125e+02 1.634357967264287836e+00
6.700000000000000000e+02 -1.646782793139641967e+02 4.636724265591008134e+02 1.831661067694434042e+00
6.710000000000000000e+02 -1.723218014976410188e+02 3.711930416205777306e+02 1.985148227150089983e+00
6.720000000000000000e+02 -1.772955077023272850e+02 3.303621210764720217e+02 1.894604803434693840e+00
6.730000000000000000e+02 -1.787422403119453804e+02 3.389661576631384605e+02 1.866088173943996065e+00
6.740000000000000000e+02 -1.775439647241664716e+02 3.572917211410646132e+02 1.763637826999148173e+00
6.750000000000000000e+02 -1.732873426506699275e+02 3.807586704838230389e+02 1.753801597441526861e+00
6.760000000000000000e+02 -1.718780414861223278e+02 3.991147124070475343e+02 1.802365551287009593e+00
6.770000000000000000e+02 -1.762078231790836469e+02 3.854212968412132341e+02 1.767236107543723511e+00
6.780000000000000000e+02 1.785000200049936723e+02 3.424902581083744053e+02 1.945071455933287119e+00
6.790000000000000000e+02 1.751402659011434935e+02 3.071964459811364918e+02 2.070222781817974589e+00
6.800000000000000000e+02 1.705029156546831928e+02 2.996137850866708163e+02 2.002438677594889249e+00
6.810000000000000000e+02 1.679829405579595800e+02 2.993727279395446885e+02 1.869937126633920643e+00
6.820000000000000000e+02 1.663319732031258980e+02 2.994005164189502466e+02 1.621246900985066075e+00
6.830000000000000000e+02 -1.707522187808406215e+02 2.992135511672583448e+02 1.460550894520873610e+00
6.840000000000000000e+02 -1.727450321507471358e+02 2.992715413329618741e+02 1.405626800392298037e+00
6.850000000000000000e+02 2.800799992306103192e+01 3.041525627374816736e+02 1.443524359730552042e+00
6.860000000000000000e+02 2.468207576440389772e+01 2.995926767571542655e+02 1.568954315011304335e+00
6.870000000000000000e+02 2.068147145813422227e+01 3.041756543412165570e+02 1.603871462402484571e+00
6.880000000000000000e+02 1.842006222469656862e+01 3.074442407325627187e+02 1.648265611222717419e+00
6.890000000000000000e+02 1.654384005136875402e+01 2.998090633036953818e+02 1.558893060631158622e+00
6.900000000000000000e+02 1.506517721855757230e+01 2.992033392876304561e+02 1.384279369160546391e+00
6.910000000000000000e+02 1.784699742184426441e+02 2.994773780668780319e+02 1.456528816150280292e+00
6.920000000000000000e+02 1.784867457464624181e+02 2.994367122195209276e+02 1.682901776986620357e+00
6.930000000000000000e+02 -1.806477780458709503e+02 2.982439137027460561e+02 1.770493528399634586e+00
6.940000000000000000e+02 -1.653723901037947712e+02 4.211728846245331965e+02 1.900641939929182289e+00
6.950000000000000000e+02 -1.663411614979055457e+02 4.165818800258873011e+02 1.673111923002809975e+00
6.960000000000000000e+02 -1.785014591655287575e+02 2.985655824344990492e+02 1.576829886706041739e+00
6.970000000000000000e+02 -1.777349432995173970e+02 2.994318410923625606e+02 1.646551272543265831e+00
6.980000000000000000e+02 -1.777326732142497576e+02 2.995855862872872422e+02 1.729551225280095750e+00
6.990000000000000000e+02 -1.780382581317967379e+02 2.993541102470199462e+02 1.667384009450957549e+00
7.000000000000000000e+02 -1.787745128737520304e+02 2.992442405266165792e+02 1.521082174437962342e+00
7.010000000000000000e+02 1.630750285868996912e+02 2.991679511390577204e+02 1.470431247067859770e+00
7.020000000000000000e+02 -1.693163477234915320e+02 3.215995370010338661e+02 1.435888577063478611e+00
7.030000000000000000e+02 -1.719106662167586705e+02 3.173398526396605916e+02 1.488723822592399326e+00
7.040000000000000000e+02 -1.725758123618724085e+02 3.368667373888357019e+02 1.568376216900035702e+00
7.050000000000000000e+02 -1.698952258569373441e+02 4.060045194628444278e+02 1.723222991517306735e+00
7.060000000000000000e+02 -1.691536488627707513e+02 4.274253485006290703e+02 1.681217669923810387e+00
7.070000000000000000e+02 -1.653875665998944271e+02 4.724688493917482219e+02 1.669516968868624662e+00
7.080000000000000000e+02 -1.661532601925197810e+02 4.503697886199316258e+02 1.604947029768597044e+00
7.090000000000000000e+02 -1.720695059510530029e+02 4.053363674629112552e+02 1.478227454148344888e+00
7.100000000000000000e+02 -1.740470810491504210e+02 3.670275541756597022e+02 1.445415139636141211e+00
7.110000000000000000e+02 -1.752445705465250683e+02 3.308308110127078407e+02 1.466806010681900085e+00
7.120000000000000000e+02 1.505827619521871839e+02 2.993287766551246705e+02 1.449340804092903889e+00
7.130000000000000000e+02 1.469103768680262192e+02 3.097508774699709306e+02 1.412668682425333166e+00
7.140000000000000000e+02 1.407810350033246607e+02 3.447606791542399947e+02 1.446991099204576914e+00
7.150000000000000000e+02 1.400000000000000000e+01 3.000000000000000000e+02 1.479664792471356183e+00
7.160000000000000000e+02 1.732114211347020785e+02 5.980635475779279204e+02 1.586999584967694554e+00
7.170000000000000000e+02 -1.804712101977055170e+02 5.980711687308337332e+02 1.724239070408084995e+00
7.180000000000000000e+02 -1.755976212802483190e+02 5.982554313029343120e+02 1.710903065042456372e+00
7.190000000000000000e+02 1.785008319580984733e+02 5.327119577325887576e+02 1.532858213235811062e+00
7.200000000000000000e+02 1.787065170192177561e+02 2.993344288348159807e+02 1.441589717213334287e+00
7.210000000000000000e+02 1.785488801646795878e+02 2.993268366346411540e+02 1.415521554782875668e+00
7.220000000000000000e+02 -1.754617698920413034e+02 2.993897192141972710e+02 1.560746284772635439e+00
7.230000000000000000e+02 -1.764586043066860270e+02 2.993428916312325896e+02 1.649258000452977990e+00
7.240000000000000000e+02 -1.749040105433654162e+02 2.985201345547796450e+02 1.578266608196454701e+00
7.250000000000000000e+02 1.564514875510942602e+02 4.427213893326736525e+02 1.593928810533933538e+00
7.260000000000000000e+02 1.532766453952971233e+02 4.193348392037889880e+02 1.513309330151926257e+00
7.270000000000000000e+02 -1.489587206528444767e+02 5.980100689887556200e+02 1.562524326844393796e+00
7.280000000000000000e+02 -1.451624225476141135e+02 5.982222966962319788e+02 1.617668527768559406e+00
7.290000000000000000e+02 -1.532534368502194866e+02 4.705802064401993334e+02 1.850320431698716517e+00
7.300000000000000000e+02 -1.581547321459735258e+02 4.698724216604086337e+02 1.917674561994781035e+00
7.310000000000000000e+02 -1.663774947297547442e+02 4.226558782484938206e+02 1.866550779075710320e+00
7.320000000000000000e+02 -1.684709788333994709e+02 3.672464192528371427e+02 1.816172862735124793e+00
7.330000000000000000e+02 -1.695623263376978969e+02 3.604254825488892493e+02 1.925765480457287682e+00
7.340000000000000000e+02 -1.805855524857526859e+02 3.989837011745153177e+02 1.919721592333611726e+00
7.350000000000000000e+02 1.785515987548907333e+02 4.054487873439088048e+02 1.905228973456229769e+00
7.360000000000000000e+02 1.784991101665246447e+02 3.681136086584749023e+02 1.801809947431046499e+00
7.370000000000000000e+02 1.676755582384964214e+02 5.980728220519965816e+02 1.718914441485790867e+00
7.380000000000000000e+02 1.650920230598648857e+02 5.980771934701183454e+02 1.764643268308026869e+00
7.390000000000000000e+02 -1.756650339784236792e+02 3.039943939835080187e+02 1.598358746890898852e+00
7.400000000000000000e+02 -1.693770655186955310e+02 3.416837133365017962e+02 1.493956910033073404e+00
7.410000000000000000e+02 1.668825542326047469e+02 5.219148312054850294e+02 1.485008424936633764e+00
7.420000000000000000e+02 1.600457888746380490e+02 3.409737062134685743e+02 1.543457839832488077e+00
7.430000000000000000e+02 -1.762471168676320303e+02 3.861652118721459601e+02 1.729610524255414949e+00
7.440000000000000000e+02 -1.765535672240141594e+02 3.982502870788696896e+02 1.878870474253470091e+00
7.450000000000000000e+02 -1.769042832364169442e+02 3.958493645934861433e+02 1.846556741846784977e+00
7.460000000000000000e+02 -1.772608160308995195e+02 4.062996540722474492e+02 1.696307956675020989e+00
7.470000000000000000e+02 -1.648093916932264165e+02 3.377395356842585556e+02 1.690975768240586374e+00
7.480000000000000000e+02 -1.643762064542821975e+02 3.510813555523094465e+02 1.957620464159871565e+00
7.490000000000000000e+02 -1.647899483466689503e+02 3.582335750607859381e+02 1.987164310085355989e+00
7.500000000000000000e+02 -1.660290889075448320e+02 3.682167752110793799e+02 1.899458295973266875e+00
7.510000000000000000e+02 -1.676904853903478454e+02 3.680870407500490842e+02 2.064188985816740374e+00
7.520000000000000000e+02 -1.699398151371480594e+02 3.617555367881745383e+02 2.173234911013546711e+00
7.530000000000000000e+02 -1.721459089866937973e+02 3.622793866930707054e+02 1.967631885750017240e+00
7.540000000000000000e+02 -1.730089949386152171e+02 3.908010023030366256e+02 1.859940399323009474e+00
7.550000000000000000e+02 -1.758595704456047031e+02 4.502143628753886446e+02 1.931648990936438492e+00
7.560000000000000000e+02 -1.761230229781869241e+02 4.890259421774395605e+02 2.078825576966691013e+00
7.570000000000000000e+02 -1.763986487774225793e+02 4.863815431828756459e+02 2.204300637035296884e+00
7.580000000000000000e+02 -1.760548016341060134e+02 4.905772522482899376e+02 2.127841861171202886e+00
7.590000000000000000e+02 -1.760568334618175470e+02 5.083847708773823797e+02 1.862967472043052242e+00
7.600000000000000000e+02 -1.751702566338197471e+02 5.920787800053711862e+02 1.671359067310304258e+00
7.610000000000000000e+02 -1.583914223761804863e+02 2.993250807081078619e+02 1.527300801703551869e+00
7.620000000000000000e+02 -1.574869582941326200e+02 2.994042266369734193e+02 1.549070672452760533e+00
7.630000000000000000e+02 -1.609902002375799839e+02 2.993568354004829644e+02 1.494285516703200312e+00
7.640000000000000000e+02 -1.579521952814805275e+02 5.981322522825884107e+02 1.657265382890922956e+00
7.650000000000000000e+02 -1.589458544617170048e+02 5.432164948922684289e+02 1.928551289965180437e+00
7.660000000000000000e+02 -1.753790151278527958e+02 3.444053772837975771e+02 1.868508940873870428e+00
7.670000000000000000e+02 -1.807068057800706811e+02 3.142865741897632006e+02 1.946692427192991515e+00
7.680000000000000000e+02 -1.805332313494285188e+02 3.205273262385480848e+02 1.946574468683170300e+00
7.690000000000000000e+02 -1.805519515692796517e+02 3.217288881112989429e+02 1.907969697275210041e+00
7.700000000000000000e+02 -1.805506486580915180e+02 3.273052050546837677e+02 1.837395441081066449e+00
7.710000000000000000e+02 -1.805620408280677509e+02 3.416616969913977186e+02 1.890887608338297277e+00
7.720000000000000000e+02 -1.806258233065291563e+02 3.396057060867376549e+02 1.891218722187074652e+00
7.730000000000000000e+02 1.785329732856259284e+02 3.472558083811840106e+02 1.630957239152306171e+00
7.740000000000000000e+02 1.767756440793376100e+02 3.796472106703495228e+02 1.654787316482470461e+00
7.750000000000000000e+02 1.785175112918824425e+02 2.993324685776198635e+02 1.797869354743463433e+00
7.760000000000000000e+02 -1.782176611674157982e+02 2.993713076566769473e+02 1.892765624173363692e+00
7.770000000000000000e+02 -1.766395879768697057e+02 2.992690630602490955e+02 1.940277122346635741e+00
7.780000000000000000e+02 -1.766763502811674869e+02 2.979721954519694123e+02 1.871711294351547927e+00
7.790000000000000000e+02 -1.762850694646610918e+02 3.148883010606018047e+02 1.890287890612424526e+00
7.800000000000000000e+02 -1.744583321757542933e+02 3.166729237519127764e+02 1.944930305228623757e+00
7.810000000000000000e+02 -1.752437248309907716e+02 3.103124802383937890e+02 1.984228798213795830e+00
7.820000000000000000e+02 -1.772837266858513772e+02 3.144310166770670776e+02 1.960766362318065559e+00
7.830000000000000000e+02 -1.779576509666635502e+02 3.325094265190264764e+02 2.152898230509033173e+00
7.840000000000000000e+02 -1.776973456348607954e+02 3.453834872907250997e+02 2.088734174066945393e+00
7.850000000000000000e+02 1.631794282177196465e+02 3.657353840203617210e+02 1.888253990351476341e+00
7.860000000000000000e+02 1.648765358157899641e+02 3.637278736736604969e+02 1.972980345756895293e+00
7.870000000000000000e+02 1.693741853388711434e+02 3.581584385933346653e+02 1.957063022585660450e+00
7.880000000000000000e+02 1.713919115226178747e+02 3.346507268130660009e+02 1.791963090627034072e+00
7.890000000000000000e+02 1.699211534361909344e+02 3.065225794813912330e+02 1.785153875865764128e+00
7.900000000000000000e+02 1.665252517432828654e+02 2.994630932230195981e+02 1.789448173441889445e+00
7.910000000000000000e+02 1.661647856718190042e+02 2.993946293081206136e+02 1.757539145815933734e+00
7.920000000000000000e+02 1.665068564004114364e+02 2.994189935779398297e+02 1.530372870106867067e+00
7.930000000000000000e+02 -1.673869707876230848e+02 5.982404680594925139e+02 1.537447125116835123e+00
7.940000000000000000e+02 -1.648543573800309616e+02 5.979067293576880502e+02 1.554545528783194852e+00
7.950000000000000000e+02 -1.747499893287824477e+02 3.336430435964244339e+02 1.560858368843603960e+00
7.960000000000000000e+02 -1.739721541730948218e+02 3.103800627512654273e+02 1.638714171219663340e+00
7.970000000000000000e+02 -1.732103442011017478e+02 3.062506848038740941e+02 1.655204256101244775e+00
7.980000000000000000e+02 -1.701400122089180229e+02 3.070591512330087198e+02 1.621249317134540568e+00
7.990000000000000000e+02 1.720378666257159068e+02 3.560961089820499978e+02 1.547282628712074448e+00
8.000000000000000000e+02 1.728857640234433006e+02 3.248343023383276318e+02 1.463873566758971290e+00
8.010000000000000000e+02 -1.808210939296880326e+02 3.781764225504979891e+02 1.430272929627799172e+00
8.020000000000000000e+02 -1.745362074615011920e+02 3.703883514061820961e+02 1.414781350492046341e+00
8.030000000000000000e+02 -1.699080895937281923e+02 3.278708652820221801e+02 1.516214964506621188e+00
8.040000000000000000e+02 -1.711468304146419541e+02 5.985642582667230727e+02 1.659214308238924351e+00
8.050000000000000000e+02 -1.697957515907501147e+02 3.477736067504626476e+02 1.673229768226449643e+00
8.060000000000000000e+02 1.785274951855478207e+02 4.685766511271022523e+02 1.743639777153769499e+00
8.070000000000000000e+02 1.744167699525996511e+02 4.355789231813315610e+02 1.919661736555889453e+00
8.080000000000000000e+02 1.784957134207996319e+02 2.994379007845673755e+02 1.879000524169315511e+00
8.090000000000000000e+02 1.784907509185875369e+02 2.994104647143566922e+02 1.928667281668218436e+00
8.100000000000000000e+02 1.784888696249859095e+02 2.994396304755570100e+02 2.114685451657174475e+00
8.110000000000000000e+02 1.784845674698434550e+02 2.995968721880452676e+02 2.134042149756774087e+00
8.120000000000000000e+02 1.785928645643636230e+02 3.056581926072952911e+02 1.914116169175146931e+00
8.130000000000000000e+02 1.764872514225240252e+02 3.212756398045378319e+02 1.672953728905586912e+00
8.140000000000000000e+02 1.735054647145312856e+02 3.403813656703100037e+02 1.707371852805975809e+00
8.150000000000000000e+02 1.742130519115608251e+02 3.720001515102907206e+02 1.777604604134875643e+00
8.160000000000000000e+02 1.747741119988640435e+02 3.879879622729355333e+02 1.906352084823621063e+00
8.170000000000000000e+02 1.737107731103947117e+02 3.741379914119339674e+02 1.916099400173314482e+00
8.180000000000000000e+02 1.746697012625372167e+02 3.692305281107766746e+02 1.864204197616428083e+00
8.190000000000000000e+02 1.744606204332287120e+02 3.623767997254066131e+02 1.732188859760919408e+00
8.200000000000000000e+02 1.709670736232570789e+02 4.077847052991352825e+02 1.544599309412716615e+00
8.210000000000000000e+02 -1.805542130543024086e+02 3.314927397052452420e+02 1.533052526491967882e+00
8.220000000000000000e+02 -1.770758154141722116e+02 3.652686977491960647e+02 1.666420457195948224e+00
8.230000000000000000e+02 -1.758841667964807982e+02 3.997536824326997476e+02 1.844439176375497702e+00
8.240000000000000000e+02 -1.760219808628337432e+02 4.187118219403116655e+02 1.790870423234585784e+00
8.250000000000000000e+02 -1.774070246744048802e+02 4.380908887674279981e+02 1.574249673153227169e+00
8.260000000000000000e+02 -1.806799875265391222e+02 4.079116010789960001e+02 1.403542567648671247e+00
8.270000000000000000e+02 -6.818818000051045658e+01 5.433747475355670531e+02 1.337926722021150372e+00
8.280000000000000000e+02 1.762242259137633482e+02 3.671666930122869417e+02 1.372626065182994015e+00
8.290000000000000000e+02 1.786090313174144626e+02 3.651856596285288674e+02 1.436430321182282421e+00
8.300000000000000000e+02 -1.772535672410115239e+02 3.514800677564010698e+02 1.508200877926071826e+00
8.310000000000000000e+02 -1.742248958431483175e+02 3.332396884796871177e+02 1.588826271762255882e+00
8.320000000000000000e+02 -1.715883813654847359e+02 3.221560245149626667e+02 1.674648093132244053e+00
8.330000000000000000e+02 -1.714125016486936772e+02 3.065184064033263098e+02 1.748365365739814603e+00
8.340000000000000000e+02 -1.716819332335146555e+02 2.994043623256335422e+02 1.592471604407935892e+00
8.350000000000000000e+02 -1.697723492517433215e+02 4.073240173366237400e+02 1.565947743989954510e+00
8.360000000000000000e+02 -1.647831238016586042e+02 4.631159052895110904e+02 1.725442239359972874e+00
8.370000000000000000e+02 -1.594542873778846115e+02 5.093020846596558613e+02 1.679416675918486312e+00
8.380000000000000000e+02 -1.609678595546120050e+02 5.503085816663362948e+02 1.394248059738010914e+00
8.390000000000000000e+02 -1.233797934575726885e+02 3.943041124021349333e+02 1.605567813266004729e+00
8.400000000000000000e+02 -1.257216669616342131e+02 3.900130554842010042e+02 1.705901498600032928e+00
8.410000000000000000e+02 1.688726788221794379e+02 5.980779425239547891e+02 1.491667134419817353e+00
8.420000000000000000e+02 1.736801637823019178e+02 5.981146006375411162e+02 1.494159972909262502e+00
8.430000000000000000e+02 7.471280494269052497e+00 2.992688462523373119e+02 1.432038568023112912e+00
8.440000000000000000e+02 -1.747921726256773809e+02 2.993883209569924020e+02 1.447710928734849523e+00
8.450000000000000000e+02 -1.805811857610479478e+02 4.641940191989588698e+02 1.328483311873432715e+00
8.460000000000000000e+02 1.713402873085518365e+02 4.027442521124888799e+02 1.516315151004355100e+00
8.470000000000000000e+02 1.694882410438527245e+02 3.875965858361753362e+02 1.712670856013613241e+00
8.480000000000000000e+02 1.686568678338112761e+02 3.144665495730550901e+02 1.814806937498196326e+00
8.490000000000000000e+02 1.415008779724136332e+02 5.981599055892611432e+02 1.819880801359256672e+00
8.500000000000000000e+02 1.372094266156624656e+02 5.982892830241166848e+02 2.106241062174367240e+00
8.510000000000000000e+02 1.370336357443895565e+02 5.744536823224386808e+02 2.259459805038897873e+00
8.520000000000000000e+02 1.384302080457837008e+02 5.980958814864394526e+02 2.233120363218380700e+00
8.530000000000000000e+02 1.409071417136256628e+02 5.980919073340525074e+02 2.396181324820430447e+00
8.540000000000000000e+02 1.418996786437731714e+02 5.981295602551961110e+02 2.460368405769301159e+00
8.550000000000000000e+02 1.420984596183398310e+02 5.981181851651546140e+02 2.290299735060017383e+00
8.560000000000000000e+02 3.365364607774868944e+01 4.776588187814419371e+02 1.929752230006704927e+00
8.570000000000000000e+02 3.471299309461175397e+01 4.834557573159880803e+02 1.679912728818990564e+00
8.580000000000000000e+02 1.589250016095300566e+02 4.406722865565925531e+02 1.624803462944622634e+00
8.590000000000000000e+02 1.606224918131080130e+02 4.172511153232573520e+02 1.590533483044763052e+00
8.600000000000000000e+02 1.699338200206942133e+02 3.811770766300631408e+02 1.617272435936317976e+00
8.610000000000000000e+02 1.722116207080528056e+02 3.788882390626195047e+02 1.708928740281734582e+00
8.620000000000000000e+02 1.752381201958110637e+02 3.881456154774592164e+02 1.535849377317447084e+00
8.630000000000000000e+02 -1.785405694452223315e+02 4.266848948553619607e+02 1.472792520489791812e+00
8.640000000000000000e+02 1.733405151767731240e+02 3.116238130746686465e+02 1.517347927615527281e+00
8.650000000000000000e+02 1.723614943811163585e+02 3.189432698006878013e+02 1.641608210178933769e+00
8.660000000000000000e+02 1.730271062210337902e+02 3.446433966499304233e+02 1.753636686530001265e+00
8.670000000000000000e+02 1.742265218588145785e+02 3.369481759033285471e+02 1.601823125735674314e+00
8.680000000000000000e+02 -7.221118227540881662e+01 5.399148104231730940e+02 1.572279832183936854e+00
8.690000000000000000e+02 -1.718239746771122967e+01 2.994215242753309667e+02 1.605656883228825160e+00
8.700000000000000000e+02 -1.673991347804459195e+01 2.980892291587359182e+02 1.708744089789826726e+00
8.710000000000000000e+02 1.903620447217674538e+01 3.390899689255656995e+02 1.759963147019891760e+00
8.720000000000000000e+02 1.667998156697861134e+01 3.324567745265994176e+02 1.613346386861236548e+00
8.730000000000000000e+02 1.785028411733608777e+02 2.992752965964719465e+02 1.726902360157930527e+00
8.740000000000000000e+02 1.043653334969635527e+00 5.981499172807790501e+02 2.000954076690450112e+00
8.750000000000000000e+02 3.162278485056218447e+00 5.981118912043766613e+02 2.427622930612978180e+00
8.760000000000000000e+02 2.902944938665866115e+00 5.981440307632950635e+02 2.635274801376249698e+00
8.770000000000000000e+02 4.996769231077831108e+00 5.981432766486238961e+02 2.678089921072171808e+00
8.780000000000000000e+02 6.658328965648181885e+00 5.981363203392101013e+02 2.781089439948605246e+00
8.790000000000000000e+02 5.324241623043008076e+00 5.981086686119349451e+02 2.551396641330618387e+00
8.800000000000000000e+02 1.200410552167364031e+00 5.980764643255939745e+02 2.332933035362282137e+00
8.810000000000000000e+02 -4.721490374347837027e-01 5.980665272337943179e+02 2.063785882088675638e+00
8.820000000000000000e+02 8.119326357732875588e-01 5.982381559286336596e+02 1.960414148673177870e+00
8.830000000000000000e+02 2.884743432829560028e+00 5.982761636029759984e+02 1.992775192203330548e+00
8.840000000000000000e+02 3.061090902062564290e+00 5.978963954115021124e+02 2.002505999309029505e+00
8.850000000000000000e+02 -6.421829804644159090e-01 5.302447970989113628e+02 1.943322056320044178e+00
8.860000000000000000e+02 -3.447575737131014062e+00 4.926081632834276434e+02 2.093857648973294072e+00
8.870000000000000000e+02 -5.432718522459140331e+00 4.732193366206867040e+02 2.326471291640148209e+00
8.880000000000000000e+02 -6.248802601794818834e+00 4.903589687560520929e+02 2.887401829729727254e+00
8.890000000000000000e+02 -5.284939341362099974e+00 4.981870812266865300e+02 3.176708095969742907e+00
8.900000000000000000e+02 -4.577426980570243664e+00 5.023084421762367811e+02 3.121641300560474175e+00
8.910000000000000000e+02 -5.440019884290282270e+00 4.832006888448022437e+02 2.985596656435490548e+00
8.920000000000000000e+02 -6.964403897821301648e+00 4.612532781744128556e+02 2.794106498839507235e+00
8.930000000000000000e+02 -8.229683642234151719e+00 4.377339203513102461e+02 2.814041376847970177e+00
8.940000000000000000e+02 -9.124758363725481658e+00 4.256812798282607559e+02 3.052141515889931878e+00
